<E>      MC Cycles        # Spins    Temperature     Variance_E
         100000             20              1        42.9345
-316            188
-700           2343
-696           4041
-800           5672
-800           5688
-800           5704
-792           5741
-800           5770
-800           5802
-792           5833
-800           5852
-800           5866
-800           5890
-800           5916
-800           5940
-792           5967
-800           6004
-800           6040
-800           6058
-800           6092
-800           6118
-800           6150
-784           6188
-800           6210
-800           6228
-800           6260
-800           6294
-792           6307
-800           6328
-800           6346
-800           6394
-800           6430
-800           6476
-800           6498
-792           6521
-800           6556
-800           6576
-800           6612
-800           6636
-800           6652
-800           6678
-800           6720
-800           6752
-800           6778
-800           6812
-800           6836
-800           6858
-800           6884
-800           6914
-800           6948
-800           6984
-792           7009
-800           7038
-792           7065
-800           7084
-800           7114
-800           7142
-800           7162
-800           7180
-800           7200
-800           7224
-800           7256
-800           7292
-800           7330
-800           7368
-800           7406
-800           7440
-800           7458
-800           7478
-800           7496
-800           7520
-800           7556
-800           7588
-800           7616
-800           7654
-792           7697
-800           7718
-800           7756
-800           7780
-800           7814
-800           7844
-800           7874
-800           7908
-800           7930
-800           7950
-800           7968
-800           8008
-792           8047
-800           8070
-800           8104
-800           8130
-792           8163
-800           8194
-800           8224
-800           8266
-800           8312
-800           8350
-800           8386
-800           8402
-800           8420
-800           8458
-800           8488
-792           8517
-800           8544
-800           8562
-800           8600
-792           8615
-800           8638
-800           8664
-800           8690
-800           8714
-800           8740
-800           8774
-800           8796
-800           8838
-800           8864
-800           8894
-792           8913
-800           8932
-800           8964
-800           8984
-792           9011
-800           9036
-800           9074
-800           9104
-800           9132
-800           9168
-792           9205
-800           9226
-800           9244
-800           9280
-800           9314
-800           9336
-800           9362
-800           9384
-800           9396
-800           9420
-792           9447
-800           9480
-792           9493
-800           9514
-800           9548
-800           9570
-800           9588
-800           9608
-800           9630
-800           9648
-800           9670
-800           9708
-800           9742
-800           9770
-800           9798
-800           9818
-800           9840
-800           9868
-792           9903
-800           9934
-800           9960
-800           9982
-792          10017
-800          10050
-800          10074
-792          10099
-800          10132
-800          10168
-788          10196
-800          10220
-800          10238
-800          10262
-800          10288
-800          10326
-800          10364
-800          10382
-792          10407
-800          10440
-800          10466
-800          10502
-800          10532
-800          10564
-792          10589
-800          10616
-800          10644
-800          10658
-800          10692
-792          10729
-800          10752
-800          10788
-800          10820
-800          10860
-800          10892
-800          10912
-800          10948
-800          10970
-800          10998
-800          11020
-800          11050
-800          11064
-800          11104
-800          11126
-792          11141
-800          11176
-800          11212
-800          11242
-800          11272
-800          11326
-800          11364
-800          11406
-800          11446
-800          11472
-800          11516
-792          11549
-800          11578
-800          11608
-800          11618
-800          11664
-800          11686
-800          11704
-800          11726
-800          11752
-800          11792
-792          11809
-800          11846
-800          11868
-800          11896
-800          11924
-800          11960
-800          11998
-800          12036
-800          12068
-800          12094
-800          12130
-800          12172
-800          12196
-800          12210
-800          12250
-800          12288
-800          12336
-800          12360
-800          12388
-800          12416
-800          12446
-800          12490
-800          12508
-800          12534
-800          12570
-800          12596
-800          12630
-800          12654
-792          12677
-792          12717
-800          12746
-800          12768
-792          12809
-800          12838
-800          12860
-800          12904
-792          12939
-800          12982
-800          13004
-800          13034
-800          13062
-792          13087
-800          13120
-800          13156
-800          13176
-800          13208
-800          13232
-800          13254
-792          13287
-800          13312
-792          13341
-800          13382
-800          13402
-800          13412
-800          13444
-800          13476
-800          13510
-800          13554
-800          13580
-800          13602
-800          13636
-800          13666
-800          13704
-800          13732
-800          13746
-800          13770
-800          13814
-800          13842
-800          13870
-800          13896
-792          13921
-800          13936
-800          13964
-800          13994
-800          14028
-800          14056
-800          14080
-800          14122
-800          14144
-800          14170
-800          14184
-800          14226
-800          14268
-800          14290
-800          14330
-800          14374
-800          14408
-800          14426
-800          14472
-800          14496
-800          14518
-800          14540
-800          14572
-800          14608
-800          14634
-800          14682
-792          14723
-800          14764
-800          14790
-800          14826
-800          14856
-800          14872
-792          14895
-792          14917
-800          14954
-800          14976
-792          15005
-800          15046
-800          15072
-800          15086
-792          15121
-800          15150
-800          15184
-800          15208
-792          15225
-800          15254
-800          15274
-800          15298
-792          15325
-800          15358
-800          15398
-800          15410
-800          15424
-800          15458
-800          15480
-800          15528
-792          15555
-800          15580
-800          15612
-800          15638
-792          15673
-800          15696
-800          15732
-800          15750
-800          15792
-800          15824
-800          15866
-800          15880
-800          15902
-800          15932
-800          15958
-800          15988
-800          16010
-800          16032
-800          16064
-800          16088
-800          16124
-800          16148
-800          16168
-800          16202
-800          16238
-800          16282
-800          16298
-800          16318
-800          16342
-800          16368
-800          16412
-800          16442
-800          16466
-800          16498
-800          16526
-800          16558
-800          16594
-800          16618
-800          16654
-800          16688
-800          16722
-800          16754
-800          16790
-800          16816
-800          16844
-800          16882
-800          16912
-800          16948
-800          16970
-800          16986
-800          17018
-800          17062
-800          17086
-800          17108
-800          17134
-800          17160
-800          17188
-788          17218
-800          17248
-800          17276
-784          17306
-800          17348
-800          17378
-800          17400
-800          17424
-800          17460
-792          17499
-800          17528
-800          17548
-800          17578
-800          17610
-800          17636
-800          17672
-800          17690
-800          17720
-800          17768
-800          17796
-800          17822
-800          17864
-800          17882
-800          17896
-800          17918
-800          17936
-776          17965
-800          18008
-800          18044
-800          18074
-792          18125
-800          18156
-800          18188
-792          18207
-800          18238
-800          18268
-800          18302
-800          18322
-800          18362
-800          18386
-792          18427
-800          18442
-800          18474
-800          18502
-800          18528
-800          18552
-800          18576
-800          18602
-800          18624
-800          18652
-800          18678
-800          18706
-792          18731
-800          18754
-800          18786
-800          18802
-800          18842
-800          18872
-800          18918
-800          18942
-800          18972
-800          19008
-800          19030
-800          19056
-800          19080
-800          19110
-792          19135
-800          19172
-800          19194
-792          19225
-792          19255
-800          19280
-800          19312
-800          19358
-792          19381
-800          19406
-800          19432
-800          19454
-800          19488
-800          19508
-792          19533
-800          19570
-800          19594
-792          19633
-800          19660
-800          19700
-800          19722
-792          19765
-800          19802
-800          19840
-800          19868
-800          19896
-800          19926
-800          19954
-800          19976
-800          19998
-800          20038
-792          20053
-784          20083
-800          20112
-800          20134
-800          20156
-800          20176
-800          20198
-800          20218
-800          20246
-800          20272
-800          20298
-800          20318
-800          20332
-800          20358
-800          20380
-792          20417
-800          20444
-800          20462
-800          20494
-792          20513
-800          20558
-800          20602
-800          20618
-800          20644
-800          20670
-800          20706
-800          20726
-800          20754
-800          20782
-800          20812
-800          20858
-800          20890
-800          20912
-800          20940
-800          20968
-800          20990
-800          21024
-800          21054
-800          21078
-800          21098
-792          21123
-800          21144
-800          21180
-800          21220
-800          21242
-800          21272
-800          21296
-800          21320
-800          21344
-792          21371
-800          21404
-800          21440
-792          21459
-800          21488
-800          21528
-800          21556
-800          21602
-800          21632
-800          21666
-800          21696
-800          21728
-800          21762
-800          21798
-800          21836
-800          21870
-800          21910
-800          21962
-800          21980
-800          22010
-800          22038
-800          22068
-800          22108
-800          22124
-800          22146
-800          22182
-800          22216
-800          22252
-800          22282
-800          22312
-800          22326
-800          22358
-792          22379
-792          22413
-800          22456
-792          22491
-800          22526
-800          22556
-800          22602
-792          22635
-800          22668
-800          22700
-800          22734
-800          22752
-784          22772
-800          22814
-800          22840
-792          22871
-800          22900
-800          22940
-800          22958
-800          22988
-800          23030
-800          23064
-800          23098
-800          23126
-800          23148
-800          23170
-800          23200
-800          23236
-800          23264
-800          23288
-800          23310
-800          23340
-792          23375
-800          23406
-792          23435
-800          23474
-800          23486
-792          23505
-800          23538
-800          23562
-800          23592
-800          23620
-792          23639
-800          23662
-800          23698
-800          23736
-800          23766
-800          23796
-800          23820
-800          23846
-800          23872
-800          23892
-800          23926
-800          23950
-800          23980
-800          24018
-800          24054
-800          24084
-800          24116
-800          24140
-800          24162
-800          24196
-800          24232
-800          24248
-800          24268
-800          24288
-792          24325
-792          24343
-800          24376
-800          24402
-792          24433
-800          24456
-792          24475
-800          24492
-800          24514
-800          24544
-800          24564
-792          24603
-788          24630
-800          24652
-800          24694
-800          24710
-800          24744
-800          24764
-800          24796
-800          24832
-800          24858
-800          24888
-800          24930
-800          24976
-800          25008
-792          25031
-800          25068
-792          25087
-800          25122
-800          25146
-800          25164
-800          25190
-800          25234
-800          25278
-800          25312
-800          25334
-800          25354
-800          25368
-792          25387
-792          25419
-800          25456
-800          25482
-800          25506
-800          25538
-800          25570
-800          25602
-800          25630
-800          25662
-800          25690
-800          25706
-800          25730
-800          25752
-800          25794
-800          25818
-800          25848
-800          25888
-792          25915
-800          25932
-792          25959
-800          25994
-800          26018
-800          26066
-792          26103
-800          26132
-800          26174
-800          26204
-800          26250
-800          26284
-800          26314
-800          26338
-792          26375
-800          26400
-800          26438
-800          26448
-792          26475
-800          26490
-800          26518
-800          26538
-800          26566
-800          26594
-792          26621
-800          26656
-800          26686
-800          26704
-800          26726
-800          26740
-800          26772
-800          26784
-800          26814
-800          26842
-792          26865
-784          26902
-800          26936
-800          26972
-800          27010
-800          27050
-792          27085
-800          27106
-800          27120
-800          27146
-800          27178
-800          27202
-800          27228
-800          27254
-800          27278
-800          27312
-800          27342
-792          27367
-792          27391
-800          27422
-800          27448
-800          27464
-800          27492
-800          27514
-800          27542
-800          27570
-800          27604
-800          27644
-800          27662
-800          27690
-800          27714
-800          27736
-800          27762
-800          27790
-800          27816
-800          27850
-792          27883
-800          27908
-800          27940
-800          27964
-800          27988
-800          28026
-800          28050
-800          28076
-800          28114
-800          28160
-800          28198
-800          28224
-800          28254
-800          28294
-800          28308
-800          28326
-800          28356
-800          28390
-784          28416
-800          28446
-800          28468
-800          28486
-800          28514
-800          28556
-800          28588
-800          28622
-800          28642
-800          28672
-800          28708
-800          28760
-800          28790
-792          28813
-800          28844
-792          28867
-800          28904
-800          28934
-800          28956
-800          28982
-800          29016
-800          29044
-800          29088
-800          29122
-800          29166
-800          29188
-800          29212
-800          29238
-800          29280
-800          29300
-800          29326
-800          29338
-800          29366
-792          29397
-800          29436
-792          29453
-800          29482
-800          29502
-800          29522
-800          29540
-792          29585
-800          29616
-800          29636
-792          29657
-800          29676
-800          29708
-800          29726
-800          29768
-792          29801
-800          29814
-800          29860
-800          29882
-800          29912
-792          29945
-800          29966
-800          29986
-800          30016
-792          30057
-800          30078
-800          30096
-800          30118
-800          30150
-800          30194
-792          30231
-800          30254
-792          30285
-800          30314
-800          30346
-800          30380
-800          30420
-800          30446
-800          30470
-800          30492
-800          30528
-800          30562
-800          30592
-800          30614
-800          30638
-800          30658
-800          30676
-792          30701
-800          30738
-792          30777
-800          30804
-792          30829
-800          30842
-800          30880
-792          30899
-792          30945
-800          30982
-800          31020
-800          31052
-800          31074
-792          31111
-792          31155
-800          31180
-800          31214
-800          31242
-800          31300
-784          31318
-800          31346
-800          31368
-800          31404
-800          31426
-800          31466
-800          31490
-792          31537
-800          31568
-800          31590
-800          31628
-800          31648
-800          31684
-800          31708
-800          31734
-800          31758
-800          31800
-800          31828
-800          31842
-800          31858
-800          31886
-800          31908
-800          31926
-800          31960
-800          31984
-792          32009
-792          32039
-792          32057
-800          32090
-800          32140
-800          32168
-800          32228
-800          32276
-792          32307
-792          32349
-800          32386
-800          32416
-800          32454
-800          32466
-800          32504
-800          32522
-800          32564
-784          32606
-792          32639
-800          32676
-792          32701
-800          32730
-800          32746
-800          32776
-800          32808
-800          32838
-800          32870
-792          32899
-800          32930
-800          32952
-800          32974
-800          33010
-800          33032
-800          33056
-800          33088
-800          33116
-800          33152
-800          33182
-800          33206
-800          33238
-800          33284
-800          33312
-800          33340
-800          33374
-800          33404
-800          33422
-792          33469
-788          33500
-800          33524
-800          33550
-800          33582
-792          33599
-800          33632
-800          33662
-792          33683
-792          33701
-800          33740
-800          33764
-800          33794
-792          33829
-800          33846
-800          33862
-800          33884
-800          33920
-800          33960
-800          33990
-800          34026
-800          34056
-800          34070
-800          34094
-800          34126
-800          34164
-800          34202
-800          34222
-800          34252
-800          34282
-800          34304
-800          34336
-800          34368
-800          34410
-800          34440
-800          34472
-800          34502
-800          34532
-800          34540
