<|M|>      MC Cycles        # Spins    Temperature
         100000             20              1
8
24
16
36
76
36
78
106
90
18
88
138
80
144
60
190
136
108
122
110
240
400
400
400
400
400
400
400
400
400
400
400
400
396
398
400
400
398
400
400
400
400
400
400
400
398
400
398
400
400
400
400
400
398
400
398
400
400
400
400
400
400
400
400
400
400
400
400
400
400
398
400
400
400
400
398
400
398
400
400
400
400
400
400
396
400
400
398
400
398
400
400
400
400
400
400
400
400
400
398
400
400
400
400
398
400
400
398
400
400
400
400
400
400
400
400
400
400
400
398
400
400
400
400
400
400
400
396
400
398
398
400
398
400
400
398
400
400
400
396
400
400
398
400
400
400
400
400
400
400
400
400
400
400
400
400
400
400
396
400
400
400
400
400
400
400
400
400
400
400
398
400
400
400
396
398
400
398
400
400
400
400
400
400
400
398
400
400
400
398
400
400
400
400
400
400
400
400
400
400
398
400
400
400
400
396
400
400
400
396
400
400
398
400
400
400
400
400
400
400
400
400
400
400
398
400
398
400
400
400
400
400
400
400
398
400
400
398
400
400
400
400
400
398
400
400
400
400
398
400
400
400
400
400
398
398
400
400
398
400
400
400
400
400
400
400
400
400
400
400
400
400
400
400
400
400
400
400
400
398
400
400
400
398
400
400
400
400
400
400
400
400
400
400
400
400
398
400
400
400
400
400
400
400
400
400
400
400
400
400
400
400
400
400
400
398
400
400
400
400
400
400
400
398
400
400
400
400
400
400
400
398
400
398
400
400
400
400
398
400
400
400
400
400
400
400
400
400
400
400
400
398
400
400
400
400
400
400
400
400
400
400
400
400
400
400
400
400
400
400
400
400
400
400
400
398
400
400
400
400
400
400
398
400
400
400
400
400
400
400
400
400
400
400
400
400
398
400
400
400
400
400
400
400
400
396
396
400
400
400
396
400
400
398
396
400
400
400
398
398
400
400
400
400
398
400
400
400
400
400
398
400
400
398
400
400
400
400
400
400
400
400
400
400
400
400
400
400
400
400
400
400
400
400
400
398
400
400
398
400
398
400
400
400
400
400
400
400
400
400
398
400
400
398
400
400
400
400
400
400
400
400
400
398
396
400
400
400
400
400
400
400
400
398
400
400
400
400
400
400
400
400
400
400
400
400
400
398
400
400
398
400
400
398
400
400
396
400
400
400
400
400
400
400
400
400
400
400
400
400
400
400
400
400
400
400
400
400
400
400
400
398
400
400
400
400
400
400
400
400
400
400
398
400
400
398
400
398
400
400
400
400
400
400
400
400
400
400
400
400
400
400
400
400
400
400
400
400
400
398
396
400
400
400
400
398
398
400
400
400
400
400
400
400
400
398
400
400
400
400
400
400
396
400
398
400
400
400
400
400
400
400
400
400
400
400
400
400
400
400
400
400
400
400
400
400
400
400
400
400
400
400
400
400
400
400
400
400
400
398
400
400
400
400
400
400
398
400
400
400
400
400
400
400
400
400
400
400
398
400
400
400
400
400
400
400
400
400
400
400
400
400
400
400
400
400
400
400
400
400
400
400
400
400
400
400
400
400
400
400
400
400
400
400
400
398
400
400
400
400
400
398
400
400
400
400
400
400
400
400
400
400
400
400
400
398
400
400
400
398
400
400
400
400
400
400
400
400
400
398
400
400
400
400
400
400
400
400
400
400
400
400
400
400
398
400
400
400
400
400
400
398
400
400
400
400
400
398
400
400
400
400
400
400
400
400
400
400
400
400
400
400
400
400
400
398
400
400
400
400
400
400
400
400
400
400
400
400
400
400
400
400
398
396
400
400
400
400
400
400
400
400
400
400
400
400
400
400
400
400
400
400
400
398
400
400
400
400
400
398
400
400
400
400
400
400
398
400
400
400
400
400
400
400
398
398
400
400
400
400
400
400
400
400
400
400
400
400
400
400
398
400
398
400
400
400
398
400
400
400
400
400
400
400
398
398
400
400
400
400
400
400
398
400
400
398
400
398
400
400
400
400
400
400
400
400
400
400
400
400
400
400
400
400
400
400
400
400
400
400
400
400
400
400
400
398
400
400
398
400
400
400
398
400
400
398
400
400
400
400
400
398
400
400
400
400
400
400
400
400
400
400
400
398
398
398
398
400
400
400
398
400
400
400
398
394
400
400
400
400
400
400
400
398
398
400
400
398
400
400
400
400
400
400
400
400
400
400
400
400
400
400
400
400
400
398
400
400
400
400
400
400
400
400
400
400
400
400
400
398
400
400
398
400
400
398
400
400
398
400
