<E>      MC Cycles        # Spins    Temperature Accepted flips
         100000             20              2       10794621
-232
-532
-516
-488
-544
-396
-372
-520
-516
-464
-460
-448
-540
-496
-524
-472
-496
-492
-448
-520
-420
-468
-560
-528
-488
-556
-388
-504
-420
-452
-588
-460
-464
-548
-564
-492
-472
-496
-528
-432
-484
-412
-380
-508
-564
-536
-532
-456
-444
-396
-460
-492
-560
-532
-532
-472
-460
-544
-488
-468
-428
-568
-520
-564
-400
-592
-500
-544
-604
-448
-464
-480
-456
-544
-420
-380
-556
-380
-568
-408
-464
-508
-448
-516
-484
-444
-496
-496
-492
-472
-424
-448
-500
-600
-456
-476
-436
-436
-560
-504
-372
-416
-476
-528
-400
-480
-488
-604
-556
-412
-544
-412
-544
-512
-480
-496
-548
-528
-552
-624
-492
-424
-416
-452
-468
-404
-428
-468
-528
-416
-600
-536
-480
-532
-524
-448
-468
-436
-440
-604
-512
-452
-456
-456
-544
-528
-472
-524
-448
-476
-564
-556
-508
-448
-424
-524
-536
-424
-572
-524
-388
-544
-540
-440
-676
-572
-596
-512
-468
-620
-452
-472
-540
-516
-640
-496
-520
-552
-488
-444
-524
-524
-392
-476
-544
-572
-480
-484
-508
-416
-452
-472
-588
-452
-468
-456
-544
-484
-484
-468
-544
-636
-452
-500
-468
-368
-508
-456
-532
-608
-508
-468
-528
-464
-488
-532
-524
-456
-616
-544
-448
-476
-516
-400
-532
-512
-528
-480
-540
-468
-568
-512
-444
-420
-368
-512
-496
-500
-388
-472
-576
-392
-456
-544
-440
-392
-452
-412
-516
-516
-464
-428
-544
-552
-492
-484
-636
-520
-548
-448
-536
-616
-480
-488
-380
-376
-440
-480
-452
-496
-508
-540
-532
-500
-516
-576
-436
-548
-564
-596
-536
-532
-440
-476
-508
-540
-484
-468
-508
-540
-456
-484
-564
-480
-520
-536
-528
-404
-460
-468
-456
-512
-448
-504
-532
-548
-592
-492
-484
-556
-432
-468
-500
-436
-544
-488
-532
-524
-580
-608
-416
-444
-588
-528
-480
-476
-532
-560
-576
-380
-560
-504
-484
-532
-492
-452
-504
-512
-520
-588
-508
-512
-580
-592
-428
-440
-472
-472
-496
-404
-520
-484
-516
-540
-536
-436
-460
-616
-476
-520
-424
-444
-504
-588
-520
-488
-488
-388
-456
-476
-564
-432
-472
-564
-460
-392
-532
-492
-536
-528
-552
-640
-428
-564
-564
-512
-600
-544
-468
-452
-428
-472
-448
-536
-404
-476
-580
-500
-484
-428
-520
-480
-500
-476
-500
-428
-460
-520
-560
-564
-528
-504
-460
-412
-492
-504
-540
-572
-416
-588
-468
-472
-612
-508
-536
-412
-480
-560
-504
-464
-528
-540
-492
-472
-596
-520
-560
-492
-456
-424
-432
-416
-476
-344
-476
-452
-628
-484
-400
-504
-440
-448
-556
-516
-392
-516
-472
-432
-472
-512
-488
-484
-480
-552
-412
-460
-432
-528
-448
-580
-452
-476
-428
-448
-520
-504
-516
-428
-636
-596
-472
-476
-448
-456
-600
-512
-468
-516
-396
-444
-576
-524
-488
-524
-452
-496
-396
-652
-400
-504
-444
-568
-492
-600
-468
-472
-568
-580
-464
-484
-556
-468
-484
-424
-484
-440
-456
-452
-488
-520
-492
-492
-508
-520
-516
-448
-496
-452
-556
-568
-624
-464
-416
-564
-572
-480
-548
-480
-488
-476
-484
-484
-580
-428
-488
-436
-544
-576
-464
-440
-484
-524
-524
-444
-444
-484
-488
-488
-444
-552
-548
-544
-452
-404
-600
-500
-468
-584
-444
-544
-472
-444
-452
-456
-532
-512
-436
-480
-532
-484
-536
-492
-444
-468
-400
-532
-516
-468
-476
-528
-488
-476
-460
-596
-504
-504
-512
-516
-612
-456
-624
-520
-384
-448
-536
-424
-564
-440
-432
-544
-600
-452
-416
-536
-580
-400
-540
-484
-508
-484
-504
-456
-412
-560
-488
-544
-508
-480
-400
-472
-508
-440
-512
-480
-452
-468
-436
-456
-480
-516
-504
-572
-516
-612
-416
-480
-448
-572
-488
-448
-504
-492
-620
-496
-460
-532
-452
-500
-444
-432
-496
-532
-488
-392
-532
-484
-528
-648
-520
-552
-584
-432
-540
-496
-448
-472
-520
-464
-584
-588
-596
-456
-624
-508
-440
-424
-396
-480
-464
-440
-456
-456
-396
-488
-492
-572
-420
-552
-528
-512
-492
-512
-564
-404
-436
-468
-464
-560
-460
-528
-468
-440
-528
-640
-464
-536
-416
-536
-492
-544
-472
-468
-476
-504
-476
-572
-444
-440
-416
-376
-528
-516
-464
-448
-504
-560
-636
-572
-568
-488
-528
-428
-576
-448
-416
-400
-420
-512
-432
-448
-568
-520
-564
-488
-444
-536
-540
-536
-428
-560
-360
-536
-452
-552
-592
-540
-476
-528
-616
-416
-416
-428
-412
-540
-528
-492
-556
-452
-468
-440
-452
-504
-492
-532
-604
-588
-488
-500
-500
-416
-416
-364
-460
-428
-536
-448
-524
-524
-504
-392
-568
-384
-468
-532
-424
-480
-460
-488
-528
-468
-588
-424
-516
-608
-496
-632
-460
-464
-456
-480
-472
-592
-572
-608
-520
-448
-508
-500
-520
-504
-568
-504
-416
-496
-496
-480
-496
-468
-496
-464
-412
-396
-496
-460
-540
-468
-432
-564
-444
-464
-620
-532
-576
-492
-540
-428
-448
-480
-608
-552
-524
-464
-508
-476
-520
-584
-480
-516
-496
-476
-472
-540
-440
-424
-576
-460
-532
-416
-432
-520
-444
-436
-496
-452
-596
-460
-460
-552
-464
-448
-444
-512
-568
-500
-448
-468
-596
-464
-548
-356
-412
-432
-600
-456
-508
-432
-484
-436
-488
-416
-488
-500
-448
-636
-452
-408
-432
-468
-428
-492
-532
-536
-632
-516
-500
-520
-548
-476
-496
-576
-436
-440
-480
-524
-512
-604
-560
-492
-512
-524
-476
-504
-492
-552
-540
-552
-528
-472
-468
-528
-484
-452
-564
-448
-440
-568
-548
-448
-460
-672
-480
-456
-492
-444
-508
-560
-580
-548
-412
-460
-632
-548
-520
-512
-408
-436
-508
-392
-576
-400
-448
-548
-524
-456
-480
-436
-496
-516
-524
-460
-456
-476
-536
-476
-452
-620
-476
-504
-504
-344
