<|M|>      MC Cycles        # Spins    Temperature
         100000             20              2
22
266
250
194
246
14
118
104
264
220
102
172
214
192
218
194
250
190
122
110
150
108
304
182
192
300
64
202
56
166
304
206
144
278
304
148
102
268
216
136
100
0
64
270
246
244
250
240
210
84
156
248
156
230
148
244
96
210
232
192
32
240
188
300
108
298
222
240
334
28
210
222
194
268
72
214
258
128
274
160
54
272
32
180
246
138
136
174
204
10
166
140
32
296
170
148
130
36
310
220
116
58
4
274
32
246
248
282
302
172
290
42
208
272
82
74
294
186
258
338
216
100
148
18
178
34
200
262
224
132
338
288
110
268
194
54
120
108
50
320
122
8
138
10
264
286
144
224
70
210
246
138
114
136
212
234
292
124
308
264
4
234
248
226
362
200
312
246
224
308
188
184
268
192
350
56
220
248
224
132
48
258
130
160
250
306
258
262
98
10
236
214
326
200
4
144
236
280
266
172
278
336
42
226
14
152
10
206
152
338
208
250
192
192
216
240
274
116
334
272
22
0
144
16
222
196
302
216
246
124
308
228
98
192
128
76
130
200
12
20
272
54
218
264
216
2
156
92
180
210
28
38
304
56
134
158
344
228
238
170
244
312
210
260
124
40
36
124
72
120
202
288
100
160
110
294
90
294
318
318
220
228
198
234
234
234
192
74
126
300
78
150
290
212
258
292
258
24
80
150
126
232
132
126
210
276
312
196
146
290
196
240
182
150
280
96
282
204
218
324
88
18
312
292
26
84
242
292
268
96
232
182
142
288
196
90
262
292
244
328
196
162
312
272
56
188
142
20
100
112
240
216
178
256
234
196
84
302
234
100
136
100
176
258
180
38
272
122
176
266
246
32
78
316
16
22
174
110
262
274
274
358
152
244
322
206
334
290
172
94
4
230
140
172
40
0
320
130
50
102
98
192
246
216
106
184
168
270
308
294
202
270
138
136
84
148
290
300
112
324
216
210
328
254
246
66
190
156
132
204
226
274
152
206
306
302
310
104
28
170
126
116
40
6
122
214
326
132
72
50
180
70
164
258
94
240
232
82
112
284
224
200
20
292
172
88
110
136
166
222
244
82
114
24
202
252
206
82
316
322
236
290
214
130
324
190
174
236
36
130
306
286
36
270
180
208
104
338
76
140
36
288
158
262
250
110
320
324
228
242
300
152
268
136
4
114
30
10
80
248
64
36
162
84
192
120
194
246
254
236
334
178
56
258
294
116
310
32
224
226
70
240
296
38
166
98
284
288
22
180
204
254
272
166
20
118
44
264
50
298
240
250
154
54
298
172
70
324
84
266
144
10
110
54
242
96
100
60
206
258
268
96
66
182
10
216
228
248
134
216
198
90
136
318
230
222
236
238
328
140
334
272
80
18
226
132
246
114
126
124
282
30
180
174
310
118
208
136
254
146
226
50
170
312
194
280
244
148
68
126
66
150
204
242
190
172
212
238
84
272
218
240
240
342
144
116
144
272
256
150
138
146
246
148
160
132
56
58
12
68
166
240
242
102
306
6
52
350
240
290
278
26
204
16
54
26
248
26
288
310
292
154
332
206
8
186
148
26
226
30
264
178
62
166
148
252
154
268
262
286
78
264
282
46
146
106
182
302
80
216
236
90
256
336
220
286
164
246
120
288
206
98
164
208
214
304
72
114
104
20
114
100
166
164
252
296
310
226
310
194
268
172
186
54
128
50
118
252
136
108
206
122
256
46
146
270
258
274
16
318
22
230
190
232
312
292
200
170
304
66
18
12
102
204
274
168
216
30
96
106
156
58
164
250
326
300
264
236
58
106
44
144
136
206
212
92
176
46
138
56
300
60
12
138
116
50
140
6
178
128
314
100
290
286
48
330
172
194
128
104
72
320
310
334
210
166
134
240
168
252
274
210
14
264
136
224
228
14
232
82
94
36
224
182
232
192
126
216
94
170
316
282
280
268
252
30
96
176
338
292
256
238
192
134
164
274
240
96
58
178
40
16
86
150
224
184
176
136
188
256
218
144
212
108
324
164
146
250
146
22
174
100
242
206
108
114
308
158
288
168
144
192
330
200
254
130
208
148
158
64
160
204
16
340
52
98
118
134
182
270
164
302
330
206
154
254
294
202
220
304
150
12
268
262
286
306
306
180
136
248
228
274
180
268
302
286
276
146
224
272
110
204
232
30
120
290
238
196
224
344
64
8
244
32
54
276
318
290
118
242
336
258
272
196
94
160
196
110
302
174
222
232
54
160
110
164
58
70
80
158
138
146
302
118
110
336
222
0
166
76
