      MC Cycles              T              L            <E>          <|M|>            C_v            chi
<<<<<<< HEAD
=======
        1000000              2             60       -1.74486       0.908158       0.840039       -1484.32
        1000000           2.04             60       -1.71483       0.895752       0.882394       -1415.95
        1000000           2.08             60       -1.68032       0.877821       0.961376       -1333.47
        1000000           2.12             60       -1.64075       0.850958        1.19588       -1229.65
        1000000           2.16             60       -1.59667       0.822838        1.29144       -1128.44
        1000000            2.2             60       -1.54548       0.780949        1.51276       -997.809
        1000000           2.22             60        -1.5174       0.754369         1.5978       -922.686
        1000000           2.24             60       -1.48206       0.705441        1.89585       -799.547
        1000000           2.26             60       -1.44679       0.653261        1.97413       -679.983
        1000000           2.28             60       -1.39909       0.544015        2.24987       -467.288
        1000000            2.3             60       -1.35994       0.463422        2.15284       -336.127
>>>>>>> 7125d493061ede6316a185a74fd9a8f744703fca
