<E>      MC Cycles        # Spins    Temperature
         100000             20            2.4
-212            240
-444          13090
-440          24796
-544          34926
-448          46143
-560          57842
-536          69297
-484          80475
-452          92607
-472         103043
-544         114898
-396         126260
-520         138190
-500         149593
-500         160646
-488         172200
-440         183245
-584         194634
-512         205879
-500         217480
-528         227511
-388         236889
-544         249295
-424         261951
-384         274765
-464         287240
-568         297124
-492         307767
-504         317738
-520         328117
-496         337046
-524         348637
-448         357582
-396         368846
-580         380010
-484         391268
-492         402408
-488         414149
-504         426097
-616         435995
-468         446130
-500         457793
-648         468030
-580         477285
-496         488038
-556         497942
-596         507507
-592         516961
-488         527569
-528         538420
-480         547694
-404         559794
-412         572016
-568         583625
-460         594986
-404         606800
-544         616929
-516         625450
-424         637465
-480         650052
-436         661800
-444         672533
-576         682595
-588         692789
-484         704428
-468         716533
-456         728477
-456         739183
-460         750863
-456         762413
-436         774112
-460         786376
-560         795752
-520         803882
-472         814829
-436         824528
-492         836685
-492         847129
-520         858932
-444         869486
-608         879558
-488         889676
-436         902119
-480         912929
-404         925100
-456         936243
-524         946160
-580         956780
-580         967454
-500         978356
-500         990481
-580    1.00157e+06
-520    1.01067e+06
-472    1.01928e+06
-468    1.03044e+06
-420    1.04261e+06
-500    1.05436e+06
-488    1.06583e+06
-492    1.07566e+06
-472    1.08617e+06
-452    1.09867e+06
-488    1.10922e+06
-456    1.12102e+06
-420     1.1329e+06
-472    1.14377e+06
-464    1.15362e+06
-432    1.16529e+06
-420    1.17671e+06
-540    1.18758e+06
-428    1.19831e+06
-464    1.21067e+06
-468    1.22357e+06
-428     1.2358e+06
-428    1.24747e+06
-512    1.25901e+06
-432    1.27172e+06
-560    1.28143e+06
-484    1.28987e+06
-504    1.30043e+06
-508    1.31246e+06
-496    1.32201e+06
-468    1.33356e+06
-436    1.34629e+06
-508    1.35847e+06
-440    1.37069e+06
-492    1.38079e+06
-576    1.38964e+06
-532     1.3977e+06
-556    1.40691e+06
-508    1.41687e+06
-488    1.42846e+06
-524    1.44132e+06
-524    1.45186e+06
-456    1.46337e+06
-500    1.47359e+06
-460    1.48291e+06
-516    1.49336e+06
-496    1.50554e+06
-472    1.51781e+06
-540    1.52694e+06
-476    1.53725e+06
-584    1.54742e+06
-452    1.55721e+06
-496    1.57005e+06
-448    1.58222e+06
-452     1.5925e+06
-476     1.6031e+06
-524    1.61372e+06
-488    1.62278e+06
-348    1.63237e+06
-396    1.64509e+06
-464     1.6577e+06
-508    1.66885e+06
-376    1.67869e+06
-492    1.68836e+06
-564    1.69857e+06
-632    1.70889e+06
-456    1.71728e+06
-544    1.72829e+06
-544    1.73867e+06
-492    1.74916e+06
-436    1.76153e+06
-528    1.77247e+06
-552     1.7818e+06
-520    1.79185e+06
-520    1.80055e+06
-504    1.80994e+06
-532    1.81909e+06
-504    1.82996e+06
-448    1.83986e+06
-584    1.84947e+06
-600    1.86024e+06
-520    1.86989e+06
-460    1.88255e+06
-428    1.89466e+06
-524    1.90523e+06
-472    1.91703e+06
-556    1.92714e+06
-344    1.93733e+06
-444    1.94982e+06
-488    1.96273e+06
-620    1.97294e+06
-544    1.98408e+06
-588    1.99279e+06
-504    2.00408e+06
-488    2.01537e+06
-492    2.02532e+06
-524      2.036e+06
-408    2.04787e+06
-444    2.05863e+06
-500    2.06993e+06
-492    2.07929e+06
-524    2.08958e+06
-600    2.10105e+06
-544    2.11089e+06
-440    2.12233e+06
-512    2.13429e+06
-528    2.14499e+06
-432    2.15678e+06
-440    2.16947e+06
-520    2.17968e+06
-476    2.19004e+06
-504     2.2011e+06
-584    2.21084e+06
-556    2.22096e+06
-416    2.23195e+06
-504    2.24295e+06
-544    2.25185e+06
-524    2.26052e+06
-508    2.26953e+06
-460    2.28018e+06
-440    2.29282e+06
-516     2.3047e+06
-488    2.31619e+06
-544    2.32509e+06
-532    2.33481e+06
-528    2.34587e+06
-480    2.35731e+06
-400    2.36941e+06
-448    2.38124e+06
-476     2.3927e+06
-436    2.40576e+06
-412    2.41894e+06
-508    2.43025e+06
-444    2.44045e+06
-452    2.45296e+06
-428    2.46462e+06
-468    2.47397e+06
-540      2.484e+06
-556    2.49231e+06
-444    2.50181e+06
-520    2.51168e+06
-464    2.52305e+06
-412    2.53498e+06
-436    2.54839e+06
-476    2.56005e+06
-492    2.57167e+06
-560    2.58045e+06
-604    2.58781e+06
-468    2.59706e+06
-444    2.60837e+06
-532    2.62164e+06
-452    2.63255e+06
-500    2.64465e+06
-524    2.65562e+06
-468    2.66733e+06
-452    2.67842e+06
-512     2.6898e+06
-468    2.70077e+06
-548    2.71038e+06
-432    2.72049e+06
-452    2.73263e+06
-440    2.74433e+06
-564    2.75445e+06
-520    2.76315e+06
-552    2.77568e+06
-468     2.7872e+06
-500     2.7986e+06
-520    2.80907e+06
-528    2.82017e+06
-504    2.83052e+06
-560    2.84173e+06
-528    2.85129e+06
-452    2.86275e+06
-392    2.87521e+06
-488    2.88739e+06
-460    2.89637e+06
-616    2.90507e+06
-568    2.91465e+06
-436    2.92574e+06
-532     2.9375e+06
-528    2.94685e+06
-444    2.95867e+06
-516    2.96883e+06
-512    2.97794e+06
-456    2.98728e+06
-504    2.99691e+06
-476    3.00789e+06
-548    3.01995e+06
-508    3.03056e+06
-580    3.03932e+06
-512    3.05035e+06
-528    3.06164e+06
-420    3.07264e+06
-472     3.0849e+06
-500    3.09769e+06
-480    3.10956e+06
-504     3.1202e+06
-552    3.13041e+06
-500    3.14169e+06
-528    3.15092e+06
-500     3.1609e+06
-548    3.17086e+06
-500    3.18068e+06
-560    3.18995e+06
-424    3.19979e+06
-500    3.21005e+06
-556    3.21946e+06
-388    3.23107e+06
-552    3.24372e+06
-504    3.25324e+06
-572    3.26263e+06
-528    3.27297e+06
-488    3.28311e+06
-420    3.29412e+06
-608    3.30496e+06
-468    3.31455e+06
-520    3.32579e+06
-560    3.33465e+06
-460    3.34705e+06
-472    3.35789e+06
-452    3.36979e+06
-396    3.38183e+06
-488    3.39337e+06
-504    3.40387e+06
-448     3.4145e+06
-504    3.42406e+06
-492    3.43364e+06
-576    3.44476e+06
-520     3.4534e+06
-504     3.4653e+06
-520    3.47382e+06
-596    3.48373e+06
-504    3.49318e+06
-528    3.50283e+06
-516    3.51102e+06
-436    3.52135e+06
-440    3.53365e+06
-468    3.54621e+06
-412    3.55833e+06
-500    3.56944e+06
-480    3.58033e+06
-528    3.59087e+06
-424    3.60312e+06
-448    3.61486e+06
-472    3.62739e+06
-440    3.63933e+06
-444    3.65172e+06
-428    3.66441e+06
-580    3.67511e+06
-508    3.68625e+06
-464    3.69661e+06
-508    3.70854e+06
-512    3.71918e+06
-580    3.72928e+06
-552    3.73901e+06
-476    3.74953e+06
-464    3.75948e+06
-492    3.76909e+06
-640    3.77772e+06
-452     3.7888e+06
-488    3.79984e+06
-596    3.80837e+06
-468    3.81814e+06
-468    3.82941e+06
-556     3.8381e+06
-468    3.84941e+06
-488    3.86005e+06
-448    3.87063e+06
-436    3.88021e+06
-496    3.89209e+06
-480    3.90264e+06
-496    3.91314e+06
-440     3.9257e+06
-520    3.93754e+06
-496    3.94756e+06
-392    3.96002e+06
-492    3.97188e+06
-596    3.98302e+06
-440    3.99354e+06
-452     4.0044e+06
-468    4.01384e+06
-504    4.02476e+06
-568    4.03371e+06
-484    4.04534e+06
-528    4.05649e+06
-428    4.06903e+06
-488    4.08142e+06
-496    4.09242e+06
-440    4.10292e+06
-488    4.11447e+06
-516     4.1246e+06
-492    4.13594e+06
-504    4.14796e+06
-472    4.15969e+06
-444    4.17193e+06
-568     4.1832e+06
-528     4.1914e+06
-540     4.2006e+06
-580    4.20959e+06
-460    4.21978e+06
-508    4.23112e+06
-424    4.24315e+06
-496    4.25449e+06
-436    4.26622e+06
-504    4.27778e+06
-520    4.28863e+06
-424     4.3004e+06
-552    4.31306e+06
-472    4.32461e+06
-472    4.33735e+06
-456    4.34974e+06
-500    4.36116e+06
-552    4.37221e+06
-528    4.38402e+06
-440    4.39449e+06
-668    4.40423e+06
-532    4.41364e+06
-428    4.42309e+06
-476    4.43357e+06
-600      4.444e+06
-504    4.45343e+06
-468    4.46595e+06
-492     4.4767e+06
-416    4.48703e+06
-528    4.49883e+06
-408    4.51059e+06
-500    4.52097e+06
-404     4.5326e+06
-420    4.54352e+06
-392      4.555e+06
-572    4.56549e+06
-512    4.57518e+06
-488    4.58527e+06
-532     4.5952e+06
-500    4.60393e+06
-540    4.61487e+06
-528    4.62477e+06
-412    4.63662e+06
-412    4.64867e+06
-492    4.66083e+06
-472    4.66968e+06
-568    4.67912e+06
-540    4.68968e+06
-504    4.70133e+06
-460    4.71446e+06
-460    4.72521e+06
-628    4.73541e+06
-552    4.74345e+06
-528    4.75391e+06
-496     4.7658e+06
-480    4.77738e+06
-544    4.78765e+06
-500    4.79743e+06
-472    4.80666e+06
-472    4.81812e+06
-376    4.83023e+06
-392    4.84285e+06
-580    4.85473e+06
-516    4.86465e+06
-480    4.87659e+06
-472    4.88836e+06
-492    4.89915e+06
-536    4.90935e+06
-376    4.92043e+06
-488    4.93187e+06
-548    4.94083e+06
-436    4.95188e+06
-472    4.96403e+06
-496    4.97433e+06
-360    4.98442e+06
-500    4.99552e+06
-544    5.00633e+06
-496    5.01793e+06
-448    5.02998e+06
-416      5.042e+06
-588    5.05246e+06
-408    5.06238e+06
-516     5.0733e+06
-520    5.08379e+06
-404     5.0946e+06
-508    5.10541e+06
-536     5.1147e+06
-456    5.12465e+06
-436    5.13542e+06
-512    5.14605e+06
-568    5.15589e+06
-596    5.16609e+06
-436    5.17721e+06
-548    5.18937e+06
-440    5.20059e+06
-496    5.21187e+06
-428    5.22347e+06
-584    5.23471e+06
-552    5.24486e+06
-428    5.25492e+06
-488    5.26707e+06
-464    5.27981e+06
-484    5.29002e+06
-540    5.30134e+06
-604    5.31125e+06
-572    5.32055e+06
-528    5.32999e+06
-456    5.33956e+06
-432    5.35086e+06
-412    5.36185e+06
-580    5.37238e+06
-452    5.38195e+06
-424    5.39205e+06
-464    5.40292e+06
-456    5.41413e+06
-524    5.42634e+06
-392    5.43912e+06
-476    5.45055e+06
-568    5.45996e+06
-548    5.46816e+06
-496    5.47716e+06
-500    5.48722e+06
-468    5.49957e+06
-572    5.51036e+06
-620    5.51936e+06
-568    5.52754e+06
-476    5.53816e+06
-560    5.54883e+06
-496    5.55799e+06
-508    5.56811e+06
-524    5.57908e+06
-400    5.59042e+06
-496    5.60107e+06
-500    5.61093e+06
-516    5.62177e+06
-604    5.63164e+06
-444    5.64252e+06
-476     5.6549e+06
-536    5.66495e+06
-468     5.6742e+06
-480    5.68654e+06
-464    5.69646e+06
-440    5.70732e+06
-508    5.71807e+06
-400    5.72852e+06
-480    5.74126e+06
-544    5.75128e+06
-444    5.75882e+06
-576    5.76847e+06
-440     5.7791e+06
-512     5.7898e+06
-464     5.8026e+06
-512      5.814e+06
-484    5.82464e+06
-448    5.83749e+06
-488    5.84976e+06
-460    5.86214e+06
-568    5.87203e+06
-472    5.88088e+06
-548    5.89109e+06
-452    5.90217e+06
-592    5.91317e+06
-568    5.92251e+06
-488    5.93328e+06
-608    5.94263e+06
-508    5.95227e+06
-476    5.96284e+06
-464    5.97443e+06
-484    5.98576e+06
-560    5.99677e+06
-452      6.007e+06
-432    6.02001e+06
-520    6.03109e+06
-492    6.04228e+06
-548    6.05264e+06
-416    6.06475e+06
-468    6.07692e+06
-536    6.08829e+06
-416    6.09837e+06
-436     6.1099e+06
-392    6.12071e+06
-504    6.13243e+06
-448    6.14436e+06
-444    6.15662e+06
-512    6.16725e+06
-512    6.17924e+06
-412    6.19088e+06
-504    6.20277e+06
-456     6.2125e+06
-340     6.2219e+06
-464    6.23311e+06
-440    6.24447e+06
-508    6.25579e+06
-488    6.26687e+06
-464    6.27843e+06
-500    6.28934e+06
-600    6.29997e+06
-464     6.3105e+06
-572     6.3216e+06
-476    6.33147e+06
-468    6.34288e+06
-520    6.35526e+06
-568    6.36666e+06
-468     6.3792e+06
-540    6.38951e+06
-548    6.40015e+06
-592    6.41012e+06
-552    6.41947e+06
-496    6.42939e+06
-464    6.44107e+06
-588    6.45226e+06
-512    6.46219e+06
-496    6.47082e+06
-420    6.48189e+06
-500    6.49165e+06
-468    6.50431e+06
-432    6.51699e+06
-448     6.5293e+06
-484    6.54002e+06
-572    6.54927e+06
-516     6.5592e+06
-524    6.56997e+06
-544      6.581e+06
-504    6.59183e+06
-524    6.60166e+06
-424     6.6134e+06
-528    6.62476e+06
-532    6.63409e+06
-484      6.644e+06
-428    6.65271e+06
-556    6.66429e+06
-528    6.67553e+06
-476    6.68434e+06
-536    6.69473e+06
-468    6.70354e+06
-472    6.71247e+06
-508    6.72398e+06
-464    6.73418e+06
-572     6.7438e+06
-484    6.75428e+06
-516    6.76569e+06
-420    6.77756e+06
-448    6.78941e+06
-472    6.80158e+06
-464    6.81405e+06
-420    6.82635e+06
-548    6.83754e+06
-532    6.84787e+06
-536    6.85687e+06
-508    6.86624e+06
-524    6.87675e+06
-496     6.8867e+06
-408    6.89669e+06
-396    6.90977e+06
-508    6.92169e+06
-452    6.93309e+06
-480     6.9448e+06
-612    6.95448e+06
-508     6.9654e+06
-436    6.97452e+06
-588    6.98488e+06
-488    6.99261e+06
-464    7.00277e+06
-432    7.01371e+06
-540    7.02282e+06
-416    7.03355e+06
-576    7.04407e+06
-428    7.05493e+06
-456    7.06533e+06
-476    7.07596e+06
-452    7.08726e+06
-484    7.09966e+06
-492    7.11128e+06
-468    7.12264e+06
-484    7.13257e+06
-488     7.1433e+06
-428    7.15341e+06
-520    7.16484e+06
-472    7.17617e+06
-492    7.18719e+06
-468     7.1975e+06
-404    7.21046e+06
-464    7.22105e+06
-496    7.23207e+06
-540    7.24296e+06
-476    7.25425e+06
-384    7.26614e+06
-420    7.27843e+06
-460    7.28984e+06
-432     7.3006e+06
-512    7.31116e+06
-476    7.32218e+06
-452    7.33224e+06
-436    7.34481e+06
-524    7.35681e+06
-428     7.3686e+06
-476    7.37969e+06
-448     7.3914e+06
-516    7.40416e+06
-436    7.41582e+06
-656    7.42627e+06
-496    7.43468e+06
-572    7.44488e+06
-416    7.45588e+06
-424    7.46779e+06
-444    7.48031e+06
-488    7.49178e+06
-564    7.50198e+06
-432    7.51277e+06
-504    7.52283e+06
-592     7.5319e+06
-552    7.54234e+06
-460    7.55242e+06
-564     7.5623e+06
-528    7.57137e+06
-476    7.58148e+06
-428    7.59392e+06
-412    7.60686e+06
-500    7.61817e+06
-580    7.62717e+06
-464    7.63712e+06
-440     7.6483e+06
-440    7.65973e+06
-520    7.67136e+06
-552     7.6824e+06
-552    7.69251e+06
-464    7.70304e+06
-516    7.71385e+06
-540     7.7244e+06
-556    7.73471e+06
-456     7.7457e+06
-568    7.75585e+06
-440    7.76613e+06
-532    7.77658e+06
-580    7.78538e+06
-532    7.79522e+06
-524    7.80645e+06
-424     7.8182e+06
-600    7.82966e+06
-548    7.83912e+06
-500    7.84804e+06
-516    7.85806e+06
-472    7.86764e+06
-472    7.87609e+06
-504    7.88519e+06
-540    7.89652e+06
-540    7.90546e+06
-500    7.91555e+06
-524    7.92571e+06
-576    7.93668e+06
-412    7.94896e+06
-456    7.95923e+06
-492    7.96995e+06
-456    7.98201e+06
-488    7.99116e+06
-512    8.00185e+06
-520    8.01225e+06
-516    8.02346e+06
-468    8.03488e+06
-468    8.04648e+06
-516    8.05781e+06
-512    8.06886e+06
-512    8.07914e+06
-436    8.09141e+06
-460     8.1026e+06
-456    8.11398e+06
-476    8.12581e+06
-440    8.13818e+06
-532     8.1492e+06
-564    8.15728e+06
-540     8.1666e+06
-480     8.1753e+06
-540    8.18373e+06
-496    8.19331e+06
-468    8.20537e+06
-528    8.21629e+06
-556     8.2257e+06
-504    8.23677e+06
-516    8.24882e+06
-476     8.2608e+06
-440    8.27048e+06
-548    8.28018e+06
-600    8.29016e+06
-556    8.29947e+06
-600    8.31033e+06
-576    8.31984e+06
-520    8.33065e+06
-480    8.34205e+06
-492    8.35333e+06
-436    8.36495e+06
-420    8.37673e+06
-416    8.38881e+06
-452    8.40116e+06
-532    8.40978e+06
-508    8.41876e+06
-468    8.42783e+06
-416    8.44002e+06
-488    8.44955e+06
-440    8.46158e+06
-372    8.47368e+06
-468    8.48623e+06
-588    8.49813e+06
-524    8.50851e+06
-552    8.51709e+06
-476    8.52597e+06
-396    8.53841e+06
-512    8.54988e+06
-456    8.56197e+06
-624    8.57157e+06
-480    8.58078e+06
-536    8.59176e+06
-492     8.6033e+06
-548    8.61334e+06
-560    8.62134e+06
-520    8.62958e+06
-408    8.64048e+06
-520    8.65315e+06
-544    8.66424e+06
-396    8.67542e+06
-424    8.68696e+06
-476    8.69808e+06
-452    8.70956e+06
-476    8.71975e+06
-556    8.72848e+06
-484    8.73879e+06
-480    8.75177e+06
-508    8.76283e+06
-384    8.77407e+06
-432    8.78601e+06
-460    8.79819e+06
-428    8.80957e+06
-516     8.8198e+06
-568    8.82942e+06
-484    8.83823e+06
-556    8.84847e+06
-528       8.86e+06
-564    8.86928e+06
-452    8.88078e+06
-596    8.89036e+06
-428    8.90167e+06
-452    8.91368e+06
-392    8.92381e+06
-432    8.93613e+06
-480    8.94928e+06
-544    8.96042e+06
-540    8.97132e+06
-492    8.98174e+06
-476    8.99251e+06
-428    9.00511e+06
-576    9.01444e+06
-504    9.02756e+06
-508    9.03888e+06
-452    9.04898e+06
-508    9.06151e+06
-508    9.07182e+06
-548    9.08016e+06
-508    9.08975e+06
-444    9.09989e+06
-532    9.10871e+06
-424    9.11965e+06
-480      9.132e+06
-400    9.14372e+06
-536    9.15413e+06
-432    9.16451e+06
-476    9.17632e+06
-512    9.18765e+06
-496    9.19962e+06
-560    9.20774e+06
-476    9.21866e+06
-536    9.22917e+06
-508    9.24031e+06
-420    9.25259e+06
-484    9.26451e+06
-464    9.27618e+06
-504    9.28647e+06
-356    9.29729e+06
-452     9.3094e+06
-464    9.32251e+06
-488    9.33418e+06
-368    9.34513e+06
-448    9.35581e+06
-416    9.36673e+06
-444    9.37978e+06
-472    9.39007e+06
-608    9.39944e+06
-424     9.4104e+06
-512    9.42209e+06
-444    9.43396e+06
-424    9.44484e+06
-448     9.4573e+06
-452    9.47008e+06
-532    9.48165e+06
-392    9.49264e+06
-460    9.50523e+06
-472     9.5168e+06
-540    9.52827e+06
-388    9.53726e+06
-516    9.54953e+06
-432    9.55878e+06
-464    9.57121e+06
-616    9.58322e+06
-432    9.59365e+06
-424    9.60518e+06
-592    9.61515e+06
-436    9.62465e+06
-488    9.63582e+06
-460     9.6449e+06
-500    9.65504e+06
-404    9.66642e+06
-576    9.67708e+06
-488    9.68683e+06
-496    9.69691e+06
-516    9.70518e+06
-488     9.7157e+06
-392    9.72589e+06
-392    9.73759e+06
-444     9.7494e+06
-400    9.76045e+06
-416    9.77218e+06
-420     9.7842e+06
-424    9.79661e+06
-524     9.8086e+06
-532     9.8182e+06
-504    9.82993e+06
-512    9.84066e+06
-580     9.8513e+06
-464     9.8606e+06
-524    9.86999e+06
-504    9.88005e+06
-376      9.891e+06
-420    9.90313e+06
-512    9.91497e+06
-544    9.92522e+06
-396    9.93714e+06
-516     9.9474e+06
-512    9.96036e+06
-488    9.97193e+06
-504    9.98236e+06
-500    9.99216e+06
-548    1.00038e+07
-620    1.00153e+07
-452    1.00264e+07
-512    1.00365e+07
-504    1.00476e+07
-568    1.00563e+07
-468    1.00657e+07
-564    1.00764e+07
-484    1.00862e+07
-480    1.00967e+07
-448    1.01077e+07
-440    1.01205e+07
-472    1.01315e+07
-528    1.01418e+07
-408    1.01522e+07
-512    1.01624e+07
-528     1.0173e+07
-584    1.01827e+07
-448    1.01939e+07
-448    1.02047e+07
-628    1.02139e+07
-524    1.02235e+07
-468    1.02335e+07
-600    1.02437e+07
-448    1.02533e+07
-456     1.0264e+07
-420    1.02759e+07
-344    1.02884e+07
-476    1.02997e+07
-540    1.03111e+07
-524    1.03219e+07
-468    1.03327e+07
-448    1.03445e+07
-468    1.03554e+07
-456    1.03674e+07
-516    1.03791e+07
-464     1.0389e+07
-532    1.04011e+07
-444    1.04139e+07
-600    1.04234e+07
-392     1.0433e+07
-520     1.0444e+07
-392    1.04547e+07
-508    1.04642e+07
-500    1.04756e+07
-540    1.04858e+07
-588    1.04948e+07
-476    1.05064e+07
-416    1.05185e+07
-452    1.05314e+07
-480    1.05425e+07
-356    1.05523e+07
-576    1.05636e+07
-468    1.05754e+07
-508    1.05878e+07
-504    1.05989e+07
-560    1.06086e+07
-524    1.06197e+07
-488    1.06299e+07
-384    1.06403e+07
-492    1.06525e+07
-500    1.06616e+07
-412    1.06717e+07
-432    1.06823e+07
-580    1.06915e+07
-520    1.07005e+07
-492    1.07106e+07
-444    1.07197e+07
-484    1.07274e+07
-480    1.07385e+07
-424    1.07499e+07
-468    1.07627e+07
-500    1.07744e+07
-488    1.07859e+07
-496    1.07966e+07
