<E>      MC Cycles        # Spins    Temperature
         100000             20              1
-264            214
-704           2854
-708           4869
-708           6457
-800           7567
-800           7597
-800           7639
-800           7681
-800           7721
-800           7747
-800           7775
-800           7799
-800           7831
-792           7858
-800           7891
-800           7905
-800           7935
-800           7967
-800           8001
-792           8022
-800           8053
-800           8081
-800           8125
-792           8152
-800           8173
-800           8197
-800           8207
-800           8223
-800           8243
-800           8277
-800           8293
-784           8321
-800           8355
-800           8381
-800           8413
-800           8449
-800           8473
-800           8517
-800           8539
-800           8557
-792           8584
-800           8619
-792           8652
-800           8689
-800           8725
-800           8755
-800           8779
-800           8801
-800           8831
-800           8843
-800           8857
-800           8887
-792           8918
-800           8945
-800           8971
-800           8999
-800           9049
-800           9075
-792           9114
-800           9139
-800           9157
-800           9179
-800           9207
-800           9241
-800           9259
-800           9283
-800           9307
-800           9341
-800           9361
-792           9408
-800           9443
-800           9471
-800           9499
-800           9531
-800           9559
-800           9585
-800           9613
-800           9635
-800           9657
-800           9669
-800           9689
-800           9717
-800           9739
-800           9781
-800           9813
-800           9849
-800           9869
-800           9895
-800           9927
-800           9959
-800           9989
-792          10012
-800          10055
-800          10081
-800          10107
-792          10140
-792          10174
-800          10201
-800          10247
-784          10273
-800          10297
-800          10315
-800          10331
-800          10357
-800          10389
-800          10421
-800          10445
-792          10474
-800          10519
-792          10560
-800          10593
-800          10615
-800          10649
-800          10679
-800          10701
-792          10726
-800          10755
-800          10777
-800          10811
-800          10827
-800          10845
-800          10875
-800          10893
-800          10917
-800          10949
-800          10975
-800          11007
-800          11037
-800          11075
-800          11107
-800          11141
-800          11177
-800          11213
-792          11246
-800          11273
-800          11311
-800          11333
-784          11363
-800          11397
-800          11421
-800          11449
-800          11495
-800          11531
-800          11569
-800          11591
-800          11611
-800          11643
-800          11673
-800          11703
-800          11741
-800          11771
-800          11797
-800          11847
-800          11879
-800          11901
-800          11921
-780          11954
-792          11988
-800          12019
-800          12049
-800          12073
-800          12093
-800          12119
-800          12149
-800          12181
-800          12203
-800          12243
-800          12263
-800          12295
-792          12332
-800          12363
-800          12381
-792          12408
-800          12439
-800          12453
-792          12476
-800          12493
-800          12527
-800          12561
-800          12591
-800          12627
-792          12670
-800          12691
-800          12731
-800          12745
-800          12773
-800          12795
-792          12826
-800          12855
-800          12889
-800          12919
-800          12937
-800          12961
-800          12985
-800          13001
-800          13039
-792          13076
-800          13105
-800          13141
-800          13167
-800          13187
-800          13211
-800          13243
-800          13291
-800          13327
-800          13363
-800          13389
-792          13406
-800          13439
-800          13467
-800          13499
-800          13517
-800          13535
-800          13565
-800          13595
-800          13619
-800          13663
-800          13691
-800          13715
-800          13729
-792          13756
-800          13811
-800          13843
-800          13857
-792          13884
-800          13915
-800          13943
-792          13986
-800          14009
-800          14025
-800          14043
-800          14077
-800          14117
-800          14149
-784          14177
-800          14201
-800          14225
-800          14263
-800          14289
-800          14313
-792          14326
-800          14351
-792          14376
-800          14401
-800          14437
-800          14463
-800          14479
-800          14501
-800          14531
-800          14557
-800          14581
-800          14603
-800          14619
-800          14645
-800          14695
-800          14739
-800          14769
-800          14809
-800          14833
-800          14857
-800          14895
-800          14917
-792          14944
-800          14971
-800          15005
-800          15053
-800          15085
-800          15103
-800          15129
-800          15161
-800          15177
-800          15213
-800          15263
-800          15281
-792          15316
-792          15350
-800          15373
-800          15417
-800          15451
-800          15465
-800          15499
-800          15527
-800          15559
-792          15582
-792          15610
-800          15629
-800          15659
-800          15675
-800          15697
-792          15722
-792          15762
-792          15800
-800          15849
-800          15871
-800          15903
-792          15934
-800          15969
-800          15999
-800          16041
-800          16075
-800          16099
-800          16137
-800          16165
-800          16199
-800          16233
-800          16253
-800          16293
-792          16322
-800          16353
-800          16397
-800          16423
-800          16455
-792          16466
-800          16495
-800          16537
-800          16569
-800          16603
-800          16631
-792          16670
-800          16691
-800          16715
-800          16763
-800          16801
-800          16829
-800          16869
-784          16895
-800          16937
-800          16963
-800          16983
-792          17002
-800          17033
-800          17061
-800          17079
-800          17113
-800          17137
-800          17165
-800          17197
-792          17238
-800          17267
-800          17301
-800          17325
-800          17353
-800          17385
-800          17417
-800          17443
-800          17453
-792          17486
-792          17536
-800          17571
-800          17595
-800          17611
-800          17635
-800          17667
-800          17693
-800          17717
-800          17737
-800          17781
-800          17801
-792          17830
-800          17869
-800          17889
-800          17919
-800          17947
-800          17973
-800          17995
-800          18033
-800          18061
-800          18089
-800          18103
-800          18123
-788          18161
-800          18201
-792          18248
-800          18271
-800          18321
-800          18365
-784          18407
-800          18423
-800          18445
-800          18459
-800          18493
-800          18529
-800          18583
-800          18615
-800          18645
-800          18673
-800          18701
-800          18729
-800          18771
-800          18801
-800          18827
-800          18853
-800          18877
-800          18901
-800          18931
-800          18945
-800          18971
-800          18995
-800          19045
-800          19079
-800          19117
-800          19151
-800          19181
-800          19223
-792          19260
-800          19273
-800          19295
-800          19331
-800          19345
-800          19375
-800          19397
-800          19419
-800          19457
-800          19485
-800          19513
-800          19553
-800          19583
-792          19602
-800          19629
-800          19651
-800          19673
-800          19719
-800          19745
-800          19763
-800          19801
-800          19833
-800          19875
-800          19889
-800          19915
-800          19961
-800          20001
-800          20011
-800          20031
-800          20053
-800          20079
-800          20113
-800          20143
-800          20163
-800          20199
-800          20215
-800          20245
-792          20280
-800          20323
-800          20349
-800          20371
-800          20397
-800          20423
-800          20447
-800          20469
-792          20498
-800          20533
-792          20572
-800          20601
-800          20627
-800          20649
-800          20683
-800          20707
-800          20733
-800          20765
-800          20795
-800          20813
-784          20843
-800          20871
-800          20909
-800          20935
-800          20963
-800          20999
-800          21033
-792          21084
-800          21111
-800          21129
-800          21149
-800          21171
-792          21192
-800          21217
-800          21243
-800          21277
-800          21297
-800          21323
-800          21337
-800          21367
-800          21391
-800          21435
-792          21470
-800          21495
-800          21529
-800          21551
-800          21575
-800          21613
-792          21652
-800          21679
-800          21713
-792          21738
-800          21765
-800          21787
-800          21813
-800          21841
-800          21863
-800          21883
-800          21907
-800          21933
-800          21977
-800          22009
-800          22033
-800          22051
-800          22087
-800          22115
-800          22139
-800          22183
-800          22209
-800          22237
-800          22259
-800          22265
-800          22293
-800          22331
-792          22350
-800          22385
-800          22405
-792          22426
-800          22467
-800          22507
-800          22535
-800          22547
-800          22575
-800          22595
-800          22627
-800          22657
-792          22686
-800          22715
-800          22739
-800          22777
-800          22799
-800          22815
-800          22837
-800          22871
-800          22893
-792          22920
-800          22947
-800          22975
-792          23006
-800          23035
-800          23063
-800          23091
-800          23121
-800          23163
-792          23204
-800          23227
-800          23257
-800          23293
-800          23313
-800          23333
-800          23365
-800          23391
-800          23417
-800          23453
-800          23463
-800          23483
-800          23513
-800          23535
-800          23567
-800          23595
-800          23627
-792          23662
-800          23695
-800          23733
-800          23753
-800          23773
-792          23794
-800          23837
-800          23867
-800          23901
-800          23933
-800          23961
-800          24001
-800          24031
-800          24051
-800          24087
-800          24107
-800          24137
-792          24172
-800          24207
-800          24235
-800          24269
-800          24309
-800          24341
-800          24379
-800          24413
-800          24445
-800          24469
-800          24505
-792          24534
-792          24558
-800          24583
-800          24599
-800          24625
-784          24643
-792          24692
-800          24739
-800          24767
-800          24797
-800          24825
-800          24851
-792          24888
-800          24917
-800          24951
-800          24977
-792          25010
-800          25055
-792          25092
-800          25127
-800          25149
-792          25190
-800          25239
-800          25273
-800          25299
-800          25341
-800          25363
-792          25388
-784          25421
-800          25441
-800          25479
-792          25502
-800          25525
-800          25567
-800          25591
-800          25615
-800          25651
-800          25683
-792          25706
-800          25751
-800          25779
-800          25819
-800          25841
-800          25857
-800          25887
-800          25927
-800          25957
-800          25981
-800          26005
-800          26043
-800          26073
-800          26105
-800          26135
-800          26153
-800          26165
-800          26199
-800          26233
-800          26273
-800          26287
-800          26319
-800          26349
-800          26375
-800          26411
-800          26435
-800          26455
-800          26477
-800          26507
-792          26520
-800          26563
-800          26609
-800          26643
-800          26687
-800          26727
-800          26749
-800          26777
-800          26811
-800          26845
-800          26885
-800          26909
-792          26938
-800          26957
-800          26997
-800          27029
-800          27063
-800          27083
-800          27095
-800          27113
-800          27133
-800          27169
-800          27195
-800          27227
-800          27255
-792          27288
-800          27329
-800          27347
-792          27370
-800          27401
-800          27431
-792          27454
-800          27471
-800          27503
-800          27537
-800          27567
-800          27595
-800          27629
-800          27661
-792          27706
-800          27745
-800          27771
-792          27812
-800          27835
-792          27866
-800          27905
-800          27929
-800          27953
-800          27987
-800          28007
-800          28033
-800          28067
-792          28092
-792          28128
-800          28161
-800          28201
-800          28235
-800          28259
-800          28281
-800          28303
-792          28334
-800          28375
-800          28411
-792          28448
-800          28473
-800          28497
-792          28524
-800          28557
-800          28581
-800          28611
-800          28645
-800          28665
-800          28701
-800          28741
-800          28775
-800          28803
-800          28825
-800          28843
-800          28869
-800          28889
-800          28915
-800          28945
-800          28981
-800          29019
-800          29051
-800          29079
-800          29119
-800          29151
-800          29185
-800          29229
-800          29265
-800          29277
-800          29309
-800          29345
-800          29361
-800          29397
-800          29419
-800          29435
-800          29467
-792          29496
-800          29517
-800          29541
-800          29573
-800          29605
-800          29629
-800          29651
-800          29669
-800          29707
-800          29733
-800          29765
-800          29789
-800          29821
-800          29847
-800          29873
-800          29891
-792          29914
-800          29951
-800          29979
-800          30017
-800          30061
-800          30087
-800          30113
-800          30139
-800          30173
-800          30205
-800          30255
-792          30282
-800          30319
-800          30355
-800          30369
-800          30391
-800          30419
-792          30456
-800          30479
-800          30519
-800          30561
-800          30577
-800          30605
-800          30637
-792          30678
-800          30709
-800          30727
-800          30749
-800          30785
-792          30806
-800          30833
-800          30857
-800          30887
-800          30909
-800          30941
-792          30972
-800          30995
-800          31033
-800          31049
-800          31077
-800          31113
-792          31138
-800          31167
-792          31202
-792          31230
-800          31269
-800          31287
-800          31309
-800          31335
-800          31365
-800          31389
-800          31407
-780          31438
-800          31487
-800          31525
-800          31551
-800          31569
-800          31591
-800          31625
-800          31661
-800          31683
-800          31703
-800          31741
-800          31767
-800          31787
-800          31817
-800          31847
-800          31867
-800          31897
-800          31915
-800          31941
-800          31963
-792          31988
-800          32015
-800          32037
-800          32065
-800          32103
-792          32134
-800          32153
-792          32178
-800          32205
-800          32257
-800          32289
-800          32317
-800          32339
-800          32365
-800          32393
-800          32423
-800          32451
-800          32485
-800          32503
-800          32527
-800          32547
-800          32563
-800          32591
-800          32623
-800          32673
-800          32705
-792          32754
-800          32789
-792          32808
-800          32841
-800          32867
-792          32900
-792          32926
-800          32943
-800          32985
-800          33019
-800          33047
-792          33084
-800          33115
-800          33147
-800          33171
-800          33189
-800          33211
-800          33251
-800          33283
-792          33312
-800          33333
-800          33363
-800          33383
-792          33414
-792          33452
-800          33467
-792          33498
-800          33543
-800          33569
-800          33601
-800          33619
-800          33647
-800          33693
-800          33731
-800          33779
-800          33831
-800          33861
-800          33879
-800          33899
-800          33923
-792          33970
-800          33997
-800          34035
-792          34062
-800          34081
-800          34117
-800          34159
-800          34177
-800          34193
-800          34213
-800          34237
-800          34267
-792          34310
-800          34349
-800          34371
-800          34395
-800          34429
-800          34469
-800          34491
-800          34521
-800          34543
-800          34575
-800          34599
-800          34623
-800          34657
-800          34695
-800          34713
-800          34729
-800          34751
-800          34779
-800          34815
-800          34833
-800          34855
-800          34887
-792          34904
-800          34927
-792          34946
-800          34981
-800          35017
-800          35039
-800          35075
-792          35106
-800          35147
-800          35181
-800          35193
-800          35215
-800          35239
-792          35270
-792          35288
-800          35317
-800          35349
-800          35385
-792          35404
-792          35422
-800          35455
-800          35501
-800          35535
-800          35553
-800          35585
-792          35634
-800          35671
-800          35697
-800          35729
-800          35757
-800          35793
-800          35821
-800          35869
-800          35891
-800          35919
-800          35945
-800          35977
-800          36009
-800          36025
-800          36047
-800          36083
-800          36101
-800          36141
-800          36173
-800          36199
-800          36227
-792          36258
-800          36287
-800          36331
-800          36361
-800          36389
-800          36429
-800          36443
-800          36479
-800          36507
-800          36539
