<|M|>      MC Cycles        # Spins    Temperature
         100000             20            2.4
20            240
116          13090
128          24796
292          34926
246          46143
124          57842
126          69297
206          80475
118          92607
54         103043
132         114898
132         126260
248         138190
206         149593
232         160646
128         172200
70         183245
284         194634
6         205879
228         217480
282         227511
54         236889
270         249295
6         261951
82         274765
228         287240
292         297124
206         307767
168         317738
262         328117
240         337046
258         348637
168         357582
164         368846
280         380010
144         391268
172         402408
226         414149
118         426097
342         435995
180         446130
210         457793
336         468030
310         477285
116         488038
252         497942
278         507507
266         516961
110         527569
256         538420
52         547694
48         559794
32         572016
314         583625
56         594986
136         606800
290         616929
232         625450
34         637465
176         650052
116         661800
102         672533
258         682595
318         692789
68         704428
110         716533
138         728477
18         739183
182         750863
150         762413
108         774112
208         786376
276         795752
304         803882
150         814829
148         824528
250         836685
174         847129
160         858932
244         869486
320         879558
184         889676
146         902119
170         912929
24         925100
134         936243
228         946160
272         956780
276         967454
176         978356
186         990481
196    1.00157e+06
308    1.01067e+06
190    1.01928e+06
0    1.03044e+06
106    1.04261e+06
194    1.05436e+06
168    1.06583e+06
248    1.07566e+06
96    1.08617e+06
160    1.09867e+06
214    1.10922e+06
6    1.12102e+06
28     1.1329e+06
84    1.14377e+06
128    1.15362e+06
112    1.16529e+06
146    1.17671e+06
288    1.18758e+06
168    1.19831e+06
54    1.21067e+06
24    1.22357e+06
126     1.2358e+06
30    1.24747e+06
192    1.25901e+06
160    1.27172e+06
286    1.28143e+06
190    1.28987e+06
210    1.30043e+06
150    1.31246e+06
250    1.32201e+06
14    1.33356e+06
26    1.34629e+06
26    1.35847e+06
152    1.37069e+06
178    1.38079e+06
254    1.38964e+06
280     1.3977e+06
252    1.40691e+06
162    1.41687e+06
218    1.42846e+06
210    1.44132e+06
248    1.45186e+06
234    1.46337e+06
260    1.47359e+06
138    1.48291e+06
290    1.49336e+06
16    1.50554e+06
206    1.51781e+06
236    1.52694e+06
124    1.53725e+06
282    1.54742e+06
210    1.55721e+06
140    1.57005e+06
122    1.58222e+06
218     1.5925e+06
200     1.6031e+06
244    1.61372e+06
124    1.62278e+06
156    1.63237e+06
32    1.64509e+06
140     1.6577e+06
240    1.66885e+06
134    1.67869e+06
258    1.68836e+06
306    1.69857e+06
332    1.70889e+06
180    1.71728e+06
246    1.72829e+06
280    1.73867e+06
54    1.74916e+06
70    1.76153e+06
296    1.77247e+06
252     1.7818e+06
288    1.79185e+06
226    1.80055e+06
262    1.80994e+06
182    1.81909e+06
192    1.82996e+06
172    1.83986e+06
308    1.84947e+06
326    1.86024e+06
52    1.86989e+06
30    1.88255e+06
164    1.89466e+06
208    1.90523e+06
152    1.91703e+06
308    1.92714e+06
82    1.93733e+06
10    1.94982e+06
38    1.96273e+06
334    1.97294e+06
286    1.98408e+06
316    1.99279e+06
170    2.00408e+06
230    2.01537e+06
182    2.02532e+06
246      2.036e+06
76    2.04787e+06
144    2.05863e+06
216    2.06993e+06
162    2.07929e+06
132    2.08958e+06
314    2.10105e+06
294    2.11089e+06
30    2.12233e+06
214    2.13429e+06
280    2.14499e+06
18    2.15678e+06
40    2.16947e+06
268    2.17968e+06
176    2.19004e+06
168     2.2011e+06
296    2.21084e+06
274    2.22096e+06
10    2.23195e+06
212    2.24295e+06
266    2.25185e+06
146    2.26052e+06
274    2.26953e+06
138    2.28018e+06
0    2.29282e+06
108     2.3047e+06
204    2.31619e+06
248    2.32509e+06
180    2.33481e+06
108    2.34587e+06
232    2.35731e+06
16    2.36941e+06
36    2.38124e+06
102     2.3927e+06
2    2.40576e+06
22    2.41894e+06
244    2.43025e+06
86    2.44045e+06
40    2.45296e+06
132    2.46462e+06
172    2.47397e+06
290      2.484e+06
274    2.49231e+06
176    2.50181e+06
264    2.51168e+06
160    2.52305e+06
74    2.53498e+06
24    2.54839e+06
110    2.56005e+06
260    2.57167e+06
318    2.58045e+06
322    2.58781e+06
200    2.59706e+06
16    2.60837e+06
228    2.62164e+06
30    2.63255e+06
196    2.64465e+06
256    2.65562e+06
66    2.66733e+06
176    2.67842e+06
186     2.6898e+06
152    2.70077e+06
304    2.71038e+06
128    2.72049e+06
12    2.73263e+06
36    2.74433e+06
298    2.75445e+06
82    2.76315e+06
96    2.77568e+06
146     2.7872e+06
218     2.7986e+06
200    2.80907e+06
124    2.82017e+06
268    2.83052e+06
296    2.84173e+06
256    2.85129e+06
112    2.86275e+06
98    2.87521e+06
220    2.88739e+06
244    2.89637e+06
330    2.90507e+06
244    2.91465e+06
80    2.92574e+06
258     2.9375e+06
220    2.94685e+06
58    2.95867e+06
258    2.96883e+06
252    2.97794e+06
220    2.98728e+06
272    2.99691e+06
118    3.00789e+06
200    3.01995e+06
144    3.03056e+06
318    3.03932e+06
194    3.05035e+06
260    3.06164e+06
22    3.07264e+06
106     3.0849e+06
114    3.09769e+06
46    3.10956e+06
266     3.1202e+06
288    3.13041e+06
214    3.14169e+06
284    3.15092e+06
176     3.1609e+06
268    3.17086e+06
234    3.18068e+06
310    3.18995e+06
166    3.19979e+06
220    3.21005e+06
264    3.21946e+06
132    3.23107e+06
266    3.24372e+06
214    3.25324e+06
298    3.26263e+06
260    3.27297e+06
204    3.28311e+06
124    3.29412e+06
274    3.30496e+06
106    3.31455e+06
244    3.32579e+06
184    3.33465e+06
102    3.34705e+06
232    3.35789e+06
4    3.36979e+06
38    3.38183e+06
156    3.39337e+06
268    3.40387e+06
108     3.4145e+06
236    3.42406e+06
8    3.43364e+06
260    3.44476e+06
238     3.4534e+06
234     3.4653e+06
290    3.47382e+06
318    3.48373e+06
268    3.49318e+06
282    3.50283e+06
280    3.51102e+06
142    3.52135e+06
4    3.53365e+06
42    3.54621e+06
80    3.55833e+06
222    3.56944e+06
74    3.58033e+06
286    3.59087e+06
186    3.60312e+06
168    3.61486e+06
90    3.62739e+06
38    3.63933e+06
86    3.65172e+06
40    3.66441e+06
312    3.67511e+06
248    3.68625e+06
156    3.69661e+06
234    3.70854e+06
186    3.71918e+06
296    3.72928e+06
302    3.73901e+06
100    3.74953e+06
220    3.75948e+06
230    3.76909e+06
336    3.77772e+06
6     3.7888e+06
256    3.79984e+06
312    3.80837e+06
188    3.81814e+06
194    3.82941e+06
270     3.8381e+06
60    3.84941e+06
242    3.86005e+06
108    3.87063e+06
160    3.88021e+06
192    3.89209e+06
170    3.90264e+06
234    3.91314e+06
18     3.9257e+06
218    3.93754e+06
108    3.94756e+06
4    3.96002e+06
106    3.97188e+06
324    3.98302e+06
112    3.99354e+06
230     4.0044e+06
114    4.01384e+06
262    4.02476e+06
212    4.03371e+06
106    4.04534e+06
262    4.05649e+06
66    4.06903e+06
182    4.08142e+06
146    4.09242e+06
24    4.10292e+06
244    4.11447e+06
258     4.1246e+06
36    4.13594e+06
78    4.14796e+06
120    4.15969e+06
10    4.17193e+06
298     4.1832e+06
276     4.1914e+06
288     4.2006e+06
300    4.20959e+06
162    4.21978e+06
36    4.23112e+06
36    4.24315e+06
84    4.25449e+06
28    4.26622e+06
226    4.27778e+06
134    4.28863e+06
56     4.3004e+06
250    4.31306e+06
86    4.32461e+06
120    4.33735e+06
98    4.34974e+06
202    4.36116e+06
264    4.37221e+06
224    4.38402e+06
150    4.39449e+06
360    4.40423e+06
262    4.41364e+06
20    4.42309e+06
76    4.43357e+06
288      4.444e+06
252    4.45343e+06
4    4.46595e+06
220     4.4767e+06
114    4.48703e+06
242    4.49883e+06
72    4.51059e+06
252    4.52097e+06
118     4.5326e+06
250    4.54352e+06
20      4.555e+06
326    4.56549e+06
234    4.57518e+06
260    4.58527e+06
166     4.5952e+06
234    4.60393e+06
234    4.61487e+06
128    4.62477e+06
90    4.63662e+06
88    4.64867e+06
240    4.66083e+06
230    4.66968e+06
290    4.67912e+06
234    4.68968e+06
10    4.70133e+06
182    4.71446e+06
190    4.72521e+06
310    4.73541e+06
252    4.74345e+06
252    4.75391e+06
28     4.7658e+06
220    4.77738e+06
272    4.78765e+06
258    4.79743e+06
238    4.80666e+06
152    4.81812e+06
136    4.83023e+06
36    4.84285e+06
276    4.85473e+06
262    4.86465e+06
116    4.87659e+06
212    4.88836e+06
258    4.89915e+06
220    4.90935e+06
118    4.92043e+06
230    4.93187e+06
302    4.94083e+06
10    4.95188e+06
202    4.96403e+06
238    4.97433e+06
96    4.98442e+06
292    4.99552e+06
152    5.00633e+06
174    5.01793e+06
142    5.02998e+06
2      5.042e+06
318    5.05246e+06
146    5.06238e+06
230     5.0733e+06
132    5.08379e+06
132     5.0946e+06
268    5.10541e+06
278     5.1147e+06
250    5.12465e+06
216    5.13542e+06
266    5.14605e+06
304    5.15589e+06
270    5.16609e+06
80    5.17721e+06
132    5.18937e+06
16    5.20059e+06
248    5.21187e+06
118    5.22347e+06
324    5.23471e+06
180    5.24486e+06
192    5.25492e+06
164    5.26707e+06
210    5.27981e+06
32    5.29002e+06
182    5.30134e+06
330    5.31125e+06
260    5.32055e+06
282    5.32999e+06
10    5.33956e+06
38    5.35086e+06
116    5.36185e+06
302    5.37238e+06
214    5.38195e+06
154    5.39205e+06
162    5.40292e+06
138    5.41413e+06
32    5.42634e+06
78    5.43912e+06
240    5.45055e+06
312    5.45996e+06
286    5.46816e+06
292    5.47716e+06
208    5.48722e+06
130    5.49957e+06
262    5.51036e+06
340    5.51936e+06
272    5.52754e+06
260    5.53816e+06
258    5.54883e+06
290    5.55799e+06
184    5.56811e+06
74    5.57908e+06
76    5.59042e+06
210    5.60107e+06
246    5.61093e+06
232    5.62177e+06
306    5.63164e+06
28    5.64252e+06
132     5.6549e+06
296    5.66495e+06
68     5.6742e+06
100    5.68654e+06
170    5.69646e+06
88    5.70732e+06
242    5.71807e+06
70    5.72852e+06
214    5.74126e+06
310    5.75128e+06
200    5.75882e+06
196    5.76847e+06
152     5.7791e+06
70     5.7898e+06
82     5.8026e+06
154      5.814e+06
74    5.82464e+06
44    5.83749e+06
128    5.84976e+06
144    5.86214e+06
304    5.87203e+06
220    5.88088e+06
284    5.89109e+06
136    5.90217e+06
296    5.91317e+06
316    5.92251e+06
118    5.93328e+06
332    5.94263e+06
268    5.95227e+06
208    5.96284e+06
142    5.97443e+06
174    5.98576e+06
288    5.99677e+06
36      6.007e+06
30    6.02001e+06
234    6.03109e+06
118    6.04228e+06
222    6.05264e+06
32    6.06475e+06
200    6.07692e+06
260    6.08829e+06
148    6.09837e+06
180     6.1099e+06
26    6.12071e+06
242    6.13243e+06
30    6.14436e+06
50    6.15662e+06
200    6.16725e+06
46    6.17924e+06
84    6.19088e+06
238    6.20277e+06
164     6.2125e+06
158     6.2219e+06
58    6.23311e+06
132    6.24447e+06
206    6.25579e+06
64    6.26687e+06
24    6.27843e+06
126    6.28934e+06
330    6.29997e+06
72     6.3105e+06
312     6.3216e+06
42    6.33147e+06
210    6.34288e+06
90    6.35526e+06
274    6.36666e+06
92     6.3792e+06
278    6.38951e+06
300    6.40015e+06
276    6.41012e+06
296    6.41947e+06
252    6.42939e+06
118    6.44107e+06
214    6.45226e+06
268    6.46219e+06
234    6.47082e+06
118    6.48189e+06
224    6.49165e+06
102    6.50431e+06
80    6.51699e+06
158     6.5293e+06
222    6.54002e+06
304    6.54927e+06
204     6.5592e+06
232    6.56997e+06
236      6.581e+06
248    6.59183e+06
172    6.60166e+06
154     6.6134e+06
266    6.62476e+06
222    6.63409e+06
216      6.644e+06
234    6.65271e+06
64    6.66429e+06
258    6.67553e+06
256    6.68434e+06
300    6.69473e+06
248    6.70354e+06
200    6.71247e+06
228    6.72398e+06
214    6.73418e+06
250     6.7438e+06
154    6.75428e+06
186    6.76569e+06
154    6.77756e+06
94    6.78941e+06
140    6.80158e+06
92    6.81405e+06
20    6.82635e+06
268    6.83754e+06
162    6.84787e+06
272    6.85687e+06
256    6.86624e+06
192    6.87675e+06
248     6.8867e+06
10    6.89669e+06
112    6.90977e+06
134    6.92169e+06
50    6.93309e+06
260     6.9448e+06
326    6.95448e+06
244     6.9654e+06
192    6.97452e+06
334    6.98488e+06
276    6.99261e+06
228    7.00277e+06
108    7.01371e+06
286    7.02282e+06
64    7.03355e+06
292    7.04407e+06
188    7.05493e+06
204    7.06533e+06
170    7.07596e+06
40    7.08726e+06
226    7.09966e+06
182    7.11128e+06
246    7.12264e+06
242    7.13257e+06
198     7.1433e+06
170    7.15341e+06
32    7.16484e+06
248    7.17617e+06
270    7.18719e+06
154     7.1975e+06
130    7.21046e+06
232    7.22105e+06
176    7.23207e+06
176    7.24296e+06
128    7.25425e+06
46    7.26614e+06
132    7.27843e+06
182    7.28984e+06
152     7.3006e+06
202    7.31116e+06
254    7.32218e+06
74    7.33224e+06
58    7.34481e+06
242    7.35681e+06
106     7.3686e+06
184    7.37969e+06
0     7.3914e+06
78    7.40416e+06
124    7.41582e+06
352    7.42627e+06
176    7.43468e+06
308    7.44488e+06
196    7.45588e+06
2    7.46779e+06
128    7.48031e+06
2    7.49178e+06
278    7.50198e+06
60    7.51277e+06
278    7.52283e+06
302     7.5319e+06
286    7.54234e+06
130    7.55242e+06
286     7.5623e+06
242    7.57137e+06
36    7.58148e+06
42    7.59392e+06
100    7.60686e+06
156    7.61817e+06
284    7.62717e+06
218    7.63712e+06
92     7.6483e+06
126    7.65973e+06
194    7.67136e+06
286     7.6824e+06
282    7.69251e+06
164    7.70304e+06
62    7.71385e+06
274     7.7244e+06
236    7.73471e+06
116     7.7457e+06
308    7.75585e+06
10    7.76613e+06
254    7.77658e+06
280    7.78538e+06
286    7.79522e+06
200    7.80645e+06
74     7.8182e+06
316    7.82966e+06
234    7.83912e+06
250    7.84804e+06
278    7.85806e+06
140    7.86764e+06
256    7.87609e+06
242    7.88519e+06
266    7.89652e+06
278    7.90546e+06
138    7.91555e+06
214    7.92571e+06
252    7.93668e+06
136    7.94896e+06
92    7.95923e+06
262    7.96995e+06
240    7.98201e+06
220    7.99116e+06
266    8.00185e+06
226    8.01225e+06
268    8.02346e+06
78    8.03488e+06
50    8.04648e+06
190    8.05781e+06
222    8.06886e+06
228    8.07914e+06
58    8.09141e+06
90     8.1026e+06
112    8.11398e+06
72    8.12581e+06
156    8.13818e+06
254     8.1492e+06
290    8.15728e+06
246     8.1666e+06
180     8.1753e+06
240    8.18373e+06
236    8.19331e+06
20    8.20537e+06
260    8.21629e+06
276     8.2257e+06
148    8.23677e+06
38    8.24882e+06
162     8.2608e+06
136    8.27048e+06
270    8.28018e+06
318    8.29016e+06
250    8.29947e+06
324    8.31033e+06
304    8.31984e+06
188    8.33065e+06
234    8.34205e+06
280    8.35333e+06
140    8.36495e+06
122    8.37673e+06
52    8.38881e+06
226    8.40116e+06
246    8.40978e+06
218    8.41876e+06
178    8.42783e+06
66    8.44002e+06
224    8.44955e+06
46    8.46158e+06
82    8.47368e+06
232    8.48623e+06
306    8.49813e+06
284    8.50851e+06
284    8.51709e+06
184    8.52597e+06
96    8.53841e+06
52    8.54988e+06
142    8.56197e+06
342    8.57157e+06
234    8.58078e+06
166    8.59176e+06
234     8.6033e+06
224    8.61334e+06
298    8.62134e+06
274    8.62958e+06
136    8.64048e+06
246    8.65315e+06
196    8.66424e+06
86    8.67542e+06
236    8.68696e+06
40    8.69808e+06
178    8.70956e+06
164    8.71975e+06
304    8.72848e+06
72    8.73879e+06
106    8.75177e+06
90    8.76283e+06
88    8.77407e+06
86    8.78601e+06
92    8.79819e+06
104    8.80957e+06
254     8.8198e+06
288    8.82942e+06
98    8.83823e+06
254    8.84847e+06
288       8.86e+06
290    8.86928e+06
138    8.88078e+06
290    8.89036e+06
56    8.90167e+06
102    8.91368e+06
122    8.92381e+06
4    8.93613e+06
98    8.94928e+06
50    8.96042e+06
242    8.97132e+06
240    8.98174e+06
124    8.99251e+06
172    9.00511e+06
192    9.01444e+06
70    9.02756e+06
204    9.03888e+06
58    9.04898e+06
36    9.06151e+06
230    9.07182e+06
288    9.08016e+06
280    9.08975e+06
128    9.09989e+06
276    9.10871e+06
154    9.11965e+06
104      9.132e+06
94    9.14372e+06
254    9.15413e+06
156    9.16451e+06
178    9.17632e+06
42    9.18765e+06
212    9.19962e+06
292    9.20774e+06
198    9.21866e+06
266    9.22917e+06
198    9.24031e+06
46    9.25259e+06
96    9.26451e+06
206    9.27618e+06
216    9.28647e+06
106    9.29729e+06
128     9.3094e+06
54    9.32251e+06
190    9.33418e+06
58    9.34513e+06
210    9.35581e+06
122    9.36673e+06
218    9.37978e+06
276    9.39007e+06
312    9.39944e+06
56     9.4104e+06
34    9.42209e+06
164    9.43396e+06
98    9.44484e+06
234     9.4573e+06
40    9.47008e+06
282    9.48165e+06
40    9.49264e+06
34    9.50523e+06
156     9.5168e+06
180    9.52827e+06
44    9.53726e+06
228    9.54953e+06
100    9.55878e+06
18    9.57121e+06
302    9.58322e+06
80    9.59365e+06
126    9.60518e+06
328    9.61515e+06
134    9.62465e+06
212    9.63582e+06
132     9.6449e+06
186    9.65504e+06
132    9.66642e+06
298    9.67708e+06
256    9.68683e+06
190    9.69691e+06
280    9.70518e+06
236     9.7157e+06
70    9.72589e+06
54    9.73759e+06
170     9.7494e+06
22    9.76045e+06
106    9.77218e+06
102     9.7842e+06
66    9.79661e+06
294     9.8086e+06
16     9.8182e+06
218    9.82993e+06
210    9.84066e+06
326     9.8513e+06
228     9.8606e+06
208    9.86999e+06
194    9.88005e+06
4      9.891e+06
14    9.90313e+06
222    9.91497e+06
292    9.92522e+06
70    9.93714e+06
182     9.9474e+06
74    9.96036e+06
84    9.97193e+06
268    9.98236e+06
236    9.99216e+06
92    1.00038e+07
348    1.00153e+07
198    1.00264e+07
250    1.00365e+07
236    1.00476e+07
304    1.00563e+07
16    1.00657e+07
294    1.00764e+07
116    1.00862e+07
156    1.00967e+07
52    1.01077e+07
150    1.01205e+07
148    1.01315e+07
218    1.01418e+07
134    1.01522e+07
280    1.01624e+07
126     1.0173e+07
322    1.01827e+07
76    1.01939e+07
204    1.02047e+07
328    1.02139e+07
248    1.02235e+07
192    1.02335e+07
328    1.02437e+07
232    1.02533e+07
122     1.0264e+07
50    1.02759e+07
110    1.02884e+07
244    1.02997e+07
232    1.03111e+07
238    1.03219e+07
176    1.03327e+07
62    1.03445e+07
10    1.03554e+07
124    1.03674e+07
254    1.03791e+07
62     1.0389e+07
148    1.04011e+07
72    1.04139e+07
290    1.04234e+07
150     1.0433e+07
268     1.0444e+07
94    1.04547e+07
222    1.04642e+07
240    1.04756e+07
186    1.04858e+07
270    1.04948e+07
42    1.05064e+07
6    1.05185e+07
96    1.05314e+07
194    1.05425e+07
114    1.05523e+07
246    1.05636e+07
44    1.05754e+07
252    1.05878e+07
270    1.05989e+07
276    1.06086e+07
258    1.06197e+07
206    1.06299e+07
44    1.06403e+07
198    1.06525e+07
258    1.06616e+07
118    1.06717e+07
192    1.06823e+07
306    1.06915e+07
244    1.07005e+07
234    1.07106e+07
210    1.07197e+07
250    1.07274e+07
100    1.07385e+07
88    1.07499e+07
162    1.07627e+07
160    1.07744e+07
218    1.07859e+07
228    1.07966e+07
