<|M|>      MC Cycles        # Spins    Temperature
         100000             20              1
34            214
26           2854
80           4869
172           6457
400           7567
400           7597
400           7639
400           7681
400           7721
400           7747
400           7775
400           7799
400           7831
398           7858
400           7891
400           7905
400           7935
400           7967
400           8001
398           8022
400           8053
400           8081
400           8125
398           8152
400           8173
400           8197
400           8207
400           8223
400           8243
400           8277
400           8293
396           8321
400           8355
400           8381
400           8413
400           8449
400           8473
400           8517
400           8539
400           8557
398           8584
400           8619
398           8652
400           8689
400           8725
400           8755
400           8779
400           8801
400           8831
400           8843
400           8857
400           8887
398           8918
400           8945
400           8971
400           8999
400           9049
400           9075
398           9114
400           9139
400           9157
400           9179
400           9207
400           9241
400           9259
400           9283
400           9307
400           9341
400           9361
398           9408
400           9443
400           9471
400           9499
400           9531
400           9559
400           9585
400           9613
400           9635
400           9657
400           9669
400           9689
400           9717
400           9739
400           9781
400           9813
400           9849
400           9869
400           9895
400           9927
400           9959
400           9989
398          10012
400          10055
400          10081
400          10107
398          10140
398          10174
400          10201
400          10247
396          10273
400          10297
400          10315
400          10331
400          10357
400          10389
400          10421
400          10445
398          10474
400          10519
398          10560
400          10593
400          10615
400          10649
400          10679
400          10701
398          10726
400          10755
400          10777
400          10811
400          10827
400          10845
400          10875
400          10893
400          10917
400          10949
400          10975
400          11007
400          11037
400          11075
400          11107
400          11141
400          11177
400          11213
398          11246
400          11273
400          11311
400          11333
396          11363
400          11397
400          11421
400          11449
400          11495
400          11531
400          11569
400          11591
400          11611
400          11643
400          11673
400          11703
400          11741
400          11771
400          11797
400          11847
400          11879
400          11901
400          11921
394          11954
398          11988
400          12019
400          12049
400          12073
400          12093
400          12119
400          12149
400          12181
400          12203
400          12243
400          12263
400          12295
398          12332
400          12363
400          12381
398          12408
400          12439
400          12453
398          12476
400          12493
400          12527
400          12561
400          12591
400          12627
398          12670
400          12691
400          12731
400          12745
400          12773
400          12795
398          12826
400          12855
400          12889
400          12919
400          12937
400          12961
400          12985
400          13001
400          13039
398          13076
400          13105
400          13141
400          13167
400          13187
400          13211
400          13243
400          13291
400          13327
400          13363
400          13389
398          13406
400          13439
400          13467
400          13499
400          13517
400          13535
400          13565
400          13595
400          13619
400          13663
400          13691
400          13715
400          13729
398          13756
400          13811
400          13843
400          13857
398          13884
400          13915
400          13943
398          13986
400          14009
400          14025
400          14043
400          14077
400          14117
400          14149
396          14177
400          14201
400          14225
400          14263
400          14289
400          14313
398          14326
400          14351
398          14376
400          14401
400          14437
400          14463
400          14479
400          14501
400          14531
400          14557
400          14581
400          14603
400          14619
400          14645
400          14695
400          14739
400          14769
400          14809
400          14833
400          14857
400          14895
400          14917
398          14944
400          14971
400          15005
400          15053
400          15085
400          15103
400          15129
400          15161
400          15177
400          15213
400          15263
400          15281
398          15316
398          15350
400          15373
400          15417
400          15451
400          15465
400          15499
400          15527
400          15559
398          15582
398          15610
400          15629
400          15659
400          15675
400          15697
398          15722
398          15762
398          15800
400          15849
400          15871
400          15903
398          15934
400          15969
400          15999
400          16041
400          16075
400          16099
400          16137
400          16165
400          16199
400          16233
400          16253
400          16293
398          16322
400          16353
400          16397
400          16423
400          16455
398          16466
400          16495
400          16537
400          16569
400          16603
400          16631
398          16670
400          16691
400          16715
400          16763
400          16801
400          16829
400          16869
396          16895
400          16937
400          16963
400          16983
398          17002
400          17033
400          17061
400          17079
400          17113
400          17137
400          17165
400          17197
398          17238
400          17267
400          17301
400          17325
400          17353
400          17385
400          17417
400          17443
400          17453
398          17486
398          17536
400          17571
400          17595
400          17611
400          17635
400          17667
400          17693
400          17717
400          17737
400          17781
400          17801
398          17830
400          17869
400          17889
400          17919
400          17947
400          17973
400          17995
400          18033
400          18061
400          18089
400          18103
400          18123
396          18161
400          18201
398          18248
400          18271
400          18321
400          18365
396          18407
400          18423
400          18445
400          18459
400          18493
400          18529
400          18583
400          18615
400          18645
400          18673
400          18701
400          18729
400          18771
400          18801
400          18827
400          18853
400          18877
400          18901
400          18931
400          18945
400          18971
400          18995
400          19045
400          19079
400          19117
400          19151
400          19181
400          19223
398          19260
400          19273
400          19295
400          19331
400          19345
400          19375
400          19397
400          19419
400          19457
400          19485
400          19513
400          19553
400          19583
398          19602
400          19629
400          19651
400          19673
400          19719
400          19745
400          19763
400          19801
400          19833
400          19875
400          19889
400          19915
400          19961
400          20001
400          20011
400          20031
400          20053
400          20079
400          20113
400          20143
400          20163
400          20199
400          20215
400          20245
398          20280
400          20323
400          20349
400          20371
400          20397
400          20423
400          20447
400          20469
398          20498
400          20533
398          20572
400          20601
400          20627
400          20649
400          20683
400          20707
400          20733
400          20765
400          20795
400          20813
396          20843
400          20871
400          20909
400          20935
400          20963
400          20999
400          21033
398          21084
400          21111
400          21129
400          21149
400          21171
398          21192
400          21217
400          21243
400          21277
400          21297
400          21323
400          21337
400          21367
400          21391
400          21435
398          21470
400          21495
400          21529
400          21551
400          21575
400          21613
398          21652
400          21679
400          21713
398          21738
400          21765
400          21787
400          21813
400          21841
400          21863
400          21883
400          21907
400          21933
400          21977
400          22009
400          22033
400          22051
400          22087
400          22115
400          22139
400          22183
400          22209
400          22237
400          22259
400          22265
400          22293
400          22331
398          22350
400          22385
400          22405
398          22426
400          22467
400          22507
400          22535
400          22547
400          22575
400          22595
400          22627
400          22657
398          22686
400          22715
400          22739
400          22777
400          22799
400          22815
400          22837
400          22871
400          22893
398          22920
400          22947
400          22975
398          23006
400          23035
400          23063
400          23091
400          23121
400          23163
398          23204
400          23227
400          23257
400          23293
400          23313
400          23333
400          23365
400          23391
400          23417
400          23453
400          23463
400          23483
400          23513
400          23535
400          23567
400          23595
400          23627
398          23662
400          23695
400          23733
400          23753
400          23773
398          23794
400          23837
400          23867
400          23901
400          23933
400          23961
400          24001
400          24031
400          24051
400          24087
400          24107
400          24137
398          24172
400          24207
400          24235
400          24269
400          24309
400          24341
400          24379
400          24413
400          24445
400          24469
400          24505
398          24534
398          24558
400          24583
400          24599
400          24625
396          24643
398          24692
400          24739
400          24767
400          24797
400          24825
400          24851
398          24888
400          24917
400          24951
400          24977
398          25010
400          25055
398          25092
400          25127
400          25149
398          25190
400          25239
400          25273
400          25299
400          25341
400          25363
398          25388
396          25421
400          25441
400          25479
398          25502
400          25525
400          25567
400          25591
400          25615
400          25651
400          25683
398          25706
400          25751
400          25779
400          25819
400          25841
400          25857
400          25887
400          25927
400          25957
400          25981
400          26005
400          26043
400          26073
400          26105
400          26135
400          26153
400          26165
400          26199
400          26233
400          26273
400          26287
400          26319
400          26349
400          26375
400          26411
400          26435
400          26455
400          26477
400          26507
398          26520
400          26563
400          26609
400          26643
400          26687
400          26727
400          26749
400          26777
400          26811
400          26845
400          26885
400          26909
398          26938
400          26957
400          26997
400          27029
400          27063
400          27083
400          27095
400          27113
400          27133
400          27169
400          27195
400          27227
400          27255
398          27288
400          27329
400          27347
398          27370
400          27401
400          27431
398          27454
400          27471
400          27503
400          27537
400          27567
400          27595
400          27629
400          27661
398          27706
400          27745
400          27771
398          27812
400          27835
398          27866
400          27905
400          27929
400          27953
400          27987
400          28007
400          28033
400          28067
398          28092
398          28128
400          28161
400          28201
400          28235
400          28259
400          28281
400          28303
398          28334
400          28375
400          28411
398          28448
400          28473
400          28497
398          28524
400          28557
400          28581
400          28611
400          28645
400          28665
400          28701
400          28741
400          28775
400          28803
400          28825
400          28843
400          28869
400          28889
400          28915
400          28945
400          28981
400          29019
400          29051
400          29079
400          29119
400          29151
400          29185
400          29229
400          29265
400          29277
400          29309
400          29345
400          29361
400          29397
400          29419
400          29435
400          29467
398          29496
400          29517
400          29541
400          29573
400          29605
400          29629
400          29651
400          29669
400          29707
400          29733
400          29765
400          29789
400          29821
400          29847
400          29873
400          29891
398          29914
400          29951
400          29979
400          30017
400          30061
400          30087
400          30113
400          30139
400          30173
400          30205
400          30255
398          30282
400          30319
400          30355
400          30369
400          30391
400          30419
398          30456
400          30479
400          30519
400          30561
400          30577
400          30605
400          30637
398          30678
400          30709
400          30727
400          30749
400          30785
398          30806
400          30833
400          30857
400          30887
400          30909
400          30941
398          30972
400          30995
400          31033
400          31049
400          31077
400          31113
398          31138
400          31167
398          31202
398          31230
400          31269
400          31287
400          31309
400          31335
400          31365
400          31389
400          31407
394          31438
400          31487
400          31525
400          31551
400          31569
400          31591
400          31625
400          31661
400          31683
400          31703
400          31741
400          31767
400          31787
400          31817
400          31847
400          31867
400          31897
400          31915
400          31941
400          31963
398          31988
400          32015
400          32037
400          32065
400          32103
398          32134
400          32153
398          32178
400          32205
400          32257
400          32289
400          32317
400          32339
400          32365
400          32393
400          32423
400          32451
400          32485
400          32503
400          32527
400          32547
400          32563
400          32591
400          32623
400          32673
400          32705
398          32754
400          32789
398          32808
400          32841
400          32867
398          32900
398          32926
400          32943
400          32985
400          33019
400          33047
398          33084
400          33115
400          33147
400          33171
400          33189
400          33211
400          33251
400          33283
398          33312
400          33333
400          33363
400          33383
398          33414
398          33452
400          33467
398          33498
400          33543
400          33569
400          33601
400          33619
400          33647
400          33693
400          33731
400          33779
400          33831
400          33861
400          33879
400          33899
400          33923
398          33970
400          33997
400          34035
398          34062
400          34081
400          34117
400          34159
400          34177
400          34193
400          34213
400          34237
400          34267
398          34310
400          34349
400          34371
400          34395
400          34429
400          34469
400          34491
400          34521
400          34543
400          34575
400          34599
400          34623
400          34657
400          34695
400          34713
400          34729
400          34751
400          34779
400          34815
400          34833
400          34855
400          34887
398          34904
400          34927
398          34946
400          34981
400          35017
400          35039
400          35075
398          35106
400          35147
400          35181
400          35193
400          35215
400          35239
398          35270
398          35288
400          35317
400          35349
400          35385
398          35404
398          35422
400          35455
400          35501
400          35535
400          35553
400          35585
398          35634
400          35671
400          35697
400          35729
400          35757
400          35793
400          35821
400          35869
400          35891
400          35919
400          35945
400          35977
400          36009
400          36025
400          36047
400          36083
400          36101
400          36141
400          36173
400          36199
400          36227
398          36258
400          36287
400          36331
400          36361
400          36389
400          36429
400          36443
400          36479
400          36507
400          36539
