          Alpha           Beta         Energy       Variance  Mean Distance          Omega Accepted configs (%)
            0.5              1        3.92721        1.84773        2.35203              1        0.62756
           0.52              1        3.81445        1.58767        2.30086              1       0.628447
           0.54              1        3.72737        1.37469        2.25314              1       0.628799
           0.56              1        3.65008        1.21381        2.20594              1       0.627813
           0.58              1        3.59009        1.06219          2.185              1       0.628659
            0.6              1        3.53122       0.950231         2.1401              1       0.628199
           0.62              1        3.46943       0.815031        2.11193              1       0.628292
           0.64              1        3.41213       0.697158        2.07782              1       0.628294
           0.66              1        3.36654       0.599719        2.04828              1       0.628642
           0.68              1        3.31506       0.515292        2.00862              1       0.627715
            0.7              1        3.27333       0.430543        1.98095              1       0.628717
           0.72              1        3.23739       0.360599        1.95473              1       0.628191
           0.74              1        3.20298       0.302156        1.92561              1       0.627854
           0.76              1        3.17979        0.25212        1.90421              1       0.627609
           0.78              1        3.15447       0.206501        1.88622              1       0.627935
            0.8              1        3.12668       0.163166        1.85566              1       0.628659
           0.82              1        3.10483       0.131136        1.83359              1       0.628792
           0.84              1        3.08326       0.100104        1.80422              1       0.627693
           0.86              1        3.07062      0.0750975          1.791              1       0.628145
           0.88              1        3.05631      0.0540973        1.77311              1         0.6277
            0.9              1        3.04066      0.0357166        1.75139              1       0.628104
           0.92              1        3.03096      0.0227822        1.73407              1       0.627669
           0.94              1        3.01901      0.0123444        1.70885              1       0.628648
           0.96              1        3.01204     0.00540307        1.69447              1        0.62758
           0.98              1        3.00561     0.00133406        1.68077              1       0.627473
              1              1              3              0        1.66327              1       0.628376
           1.02              1        2.99598     0.00128315        1.64306              1       0.628704
           1.04              1        2.99313     0.00500696         1.6308              1       0.628409
           1.06              1        2.99106      0.0114348        1.61303              1       0.628073
           1.08              1        2.99164      0.0193285        1.59574              1       0.628377
            1.1              1        2.99298       0.029549        1.57854              1       0.627828
           1.12              1        2.99327      0.0420702        1.56923              1       0.628382
           1.14              1        2.99552      0.0569505         1.5598              1       0.628208
           1.16              1        3.00127      0.0720206        1.53455              1       0.628521
           1.18              1        3.00194      0.0909994        1.53025              1       0.627685
            1.2              1        3.00615       0.109864        1.51859              1       0.628104
           1.22              1         3.0131       0.132975        1.50289              1       0.628296
           1.24              1        3.02283        0.15104        1.48658              1       0.628559
           1.26              1        3.02474       0.179367        1.47949              1       0.628698
           1.28              1        3.03291        0.20191        1.46718              1       0.628013
            1.3              1        3.03874       0.231128         1.4579              1       0.628284
           1.32              1        3.05253        0.25489        1.44632              1       0.627503
           1.34              1        3.06243       0.286036        1.43224              1       0.628438
           1.36              1        3.07296       0.317574        1.41803              1       0.628769
           1.38              1         3.0772       0.357041        1.41482              1       0.627983
            1.4              1        3.08345       0.389684        1.40557              1       0.627463
           1.42              1         3.1016       0.420214        1.38968              1       0.628477
           1.44              1        3.10652       0.466028        1.38654              1       0.628447
           1.46              1         3.1213       0.492463        1.37927              1       0.628294
           1.48              1        3.14436       0.531164        1.36309              1        0.62834
