          Alpha           Beta         Energy       Variance  Mean Distance          Omega Accepted configs (%)
            0.5              1        1.96515       0.460425         3.3168            0.5       0.628302
           0.52              1        1.90749       0.396738        3.25035            0.5       0.627748
           0.54              1        1.87185       0.351282        3.20031            0.5       0.627863
           0.56              1        1.82746       0.305779        3.12418            0.5       0.628106
           0.58              1        1.79167       0.266173        3.08516            0.5       0.628339
            0.6              1         1.7603       0.230071        3.03081            0.5       0.627795
           0.62              1        1.74007       0.206681        2.99598            0.5       0.628444
           0.64              1        1.70213       0.174164        2.92538            0.5       0.628672
           0.66              1        1.68422       0.151136        2.89856            0.5       0.628134
           0.68              1        1.65942       0.127384        2.85545            0.5       0.627746
            0.7              1        1.64256       0.111111        2.81141            0.5       0.628421
           0.72              1        1.62057      0.0907812        2.77071            0.5       0.628397
           0.74              1        1.60102      0.0745697        2.71393            0.5        0.62773
           0.76              1        1.58646      0.0621003        2.68695            0.5       0.627891
           0.78              1        1.57508      0.0515298         2.6521            0.5        0.62785
            0.8              1        1.56445      0.0408061        2.62613            0.5       0.628267
           0.82              1        1.55251      0.0325271        2.58611            0.5        0.62823
           0.84              1        1.54395      0.0254839        2.56508            0.5       0.628085
           0.86              1        1.53589      0.0191055        2.54142            0.5       0.628341
           0.88              1        1.52694      0.0131746        2.49911            0.5       0.627665
            0.9              1        1.52132     0.00926342        2.47521            0.5       0.627208
           0.92              1        1.51438     0.00566744        2.44221            0.5       0.628284
           0.94              1        1.50998     0.00309962        2.41696            0.5       0.627748
           0.96              1        1.50544     0.00132857        2.38378            0.5       0.628738
           0.98              1        1.50271    0.000331411        2.37224            0.5       0.628216
              1              1            1.5              0        2.35458            0.5       0.627699
           1.02              1        1.49793    0.000321115        2.32506            0.5       0.628732
           1.04              1        1.49661     0.00125751        2.30549            0.5        0.62792
           1.06              1        1.49554     0.00274533        2.27468            0.5       0.628568
           1.08              1        1.49601      0.0047921        2.25057            0.5       0.627953
            1.1              1        1.49548     0.00753392        2.23584            0.5       0.628396
           1.12              1        1.49674      0.0104239        2.21163            0.5       0.628309
           1.14              1        1.49694      0.0141817        2.21049            0.5         0.6281
           1.16              1        1.49873      0.0180583        2.18381            0.5       0.628957
           1.18              1        1.50095       0.022778        2.16163            0.5       0.628278
            1.2              1        1.50288      0.0279705        2.14084            0.5       0.627673
           1.22              1        1.50543      0.0336813        2.12773            0.5       0.627941
           1.24              1        1.51201      0.0376559        2.10765            0.5       0.627964
           1.26              1        1.51543      0.0440198        2.08939            0.5       0.628993
           1.28              1        1.51869      0.0507068        2.07321            0.5       0.627888
            1.3              1        1.52126      0.0576517        2.06276            0.5       0.628239
           1.32              1        1.52535      0.0649211        2.04041            0.5       0.628409
           1.34              1           1.53      0.0716551         2.0257            0.5       0.627731
           1.36              1         1.5327      0.0796206         2.0183            0.5       0.628105
           1.38              1        1.53955      0.0884723        2.00157            0.5       0.628846
            1.4              1        1.54315      0.0980647        1.98875            0.5       0.627828
           1.42              1        1.55255       0.104571        1.96759            0.5       0.627837
           1.44              1        1.55875       0.112876        1.95242            0.5       0.628171
           1.46              1        1.56376       0.122228        1.94261            0.5       0.628256
           1.48              1        1.57005       0.131074        1.92933            0.5       0.627984
