          Alpha           Beta         Energy       Variance  Mean Distance          Omega
            0.5            0.2        4.83475         2.1591        2.77537              1
            0.5           0.22        4.80642        2.11512        2.75054              1
            0.5           0.24        4.78933        2.05747        2.73187              1
            0.5           0.26        4.78034        2.07858        2.71877              1
            0.5           0.28        4.74907        1.98757        2.69276              1
            0.5            0.3        4.72678        1.95072        2.67345              1
            0.5           0.32        4.72212        1.98305        2.66169              1
            0.5           0.34        4.68925        1.88439        2.63664              1
            0.5           0.36        4.66517        1.87336        2.61654              1
            0.5           0.38         4.6601         1.8563        2.60799              1
            0.5            0.4        4.65701        1.86467        2.59535              1
            0.5           0.42        4.62995        1.82185         2.5795              1
            0.5           0.44        4.63678        1.78562        2.57596              1
            0.5           0.46        4.61725         1.7748        2.56064              1
            0.5           0.48        4.62119        1.79346        2.56047              1
            0.5            0.5        4.60707        1.76895        2.55021              1
            0.5           0.52        4.61782        1.77526         2.5539              1
            0.5           0.54        4.58963         1.7521        2.53169              1
            0.5           0.56        4.58805        1.71607        2.53321              1
            0.5           0.58        4.59026        1.72653        2.51757              1
            0.5            0.6        4.58117        1.70044        2.51704              1
            0.5           0.62        4.57353        1.69955        2.50467              1
            0.5           0.64        4.59531         1.7502        2.51099              1
            0.5           0.66        4.58073        1.70309        2.51011              1
            0.5           0.68        4.56866        1.69928        2.49865              1
           0.52            0.2        4.72612         1.8928        2.72555              1
           0.52           0.22        4.71153        1.86944        2.70146              1
           0.52           0.24        4.66186        1.80651        2.66483              1
           0.52           0.26        4.65318        1.78202        2.64481              1
           0.52           0.28        4.63092        1.72862        2.63227              1
           0.52            0.3        4.63547        1.73584        2.62801              1
           0.52           0.32        4.59739        1.70292        2.59306              1
           0.52           0.34        4.58461        1.66339        2.58312              1
           0.52           0.36        4.57372         1.6304        2.56384              1
           0.52           0.38        4.56344         1.6137        2.55557              1
           0.52            0.4        4.53968        1.58677        2.53894              1
           0.52           0.42        4.54546        1.56892        2.53429              1
           0.52           0.44        4.53659        1.57599        2.52888              1
           0.52           0.46        4.52466        1.55531        2.51319              1
           0.52           0.48        4.51076        1.53254        2.50472              1
           0.52            0.5        4.51936         1.5414        2.49935              1
           0.52           0.52        4.50289        1.52046        2.49231              1
           0.52           0.54        4.50672        1.51019        2.48661              1
           0.52           0.56        4.51135         1.5401        2.48411              1
           0.52           0.58         4.4894        1.48832        2.46925              1
           0.52            0.6        4.49601        1.51706        2.47199              1
           0.52           0.62        4.47426        1.45583        2.46126              1
           0.52           0.64        4.48421        1.47631          2.457              1
           0.52           0.66        4.47866        1.49209        2.44986              1
           0.52           0.68        4.47383        1.45686        2.45106              1
           0.54            0.2        4.63731         1.6974        2.67824              1
           0.54           0.22        4.60578        1.62515        2.64789              1
           0.54           0.24        4.57915        1.58944        2.62133              1
           0.54           0.26        4.56984        1.56974         2.6062              1
           0.54           0.28        4.53369        1.52012        2.57411              1
           0.54            0.3        4.51434        1.47076        2.56316              1
           0.54           0.32         4.5135        1.48082        2.55716              1
           0.54           0.34        4.50261        1.45405         2.5305              1
           0.54           0.36        4.49377        1.43599        2.52494              1
           0.54           0.38        4.47851        1.40558        2.50498              1
           0.54            0.4         4.4777        1.42511         2.5047              1
           0.54           0.42        4.46182        1.37483        2.49245              1
           0.54           0.44        4.44564        1.35389        2.48638              1
           0.54           0.46        4.44114        1.36743        2.47131              1
           0.54           0.48         4.4446        1.35025        2.46879              1
           0.54            0.5         4.4102        1.30906        2.44956              1
           0.54           0.52        4.41733        1.30368         2.4408              1
           0.54           0.54        4.40894        1.30937        2.43551              1
           0.54           0.56        4.41217        1.31302         2.4355              1
           0.54           0.58        4.40402        1.30056        2.43481              1
           0.54            0.6        4.38863        1.24993        2.41459              1
           0.54           0.62        4.39759        1.29857         2.4147              1
           0.54           0.64        4.38083         1.2606        2.40368              1
           0.54           0.66        4.39107         1.2826        2.40753              1
           0.54           0.68        4.36786        1.23777        2.39151              1
           0.56            0.2        4.53185        1.47188        2.61281              1
           0.56           0.22        4.51308        1.41383        2.60304              1
           0.56           0.24        4.49252        1.38918        2.57844              1
           0.56           0.26        4.47404        1.37791        2.55758              1
           0.56           0.28         4.4635        1.33065        2.54174              1
           0.56            0.3        4.42924        1.28648        2.51579              1
           0.56           0.32        4.42115        1.29766        2.49791              1
           0.56           0.34         4.4092        1.26022        2.48549              1
           0.56           0.36         4.3908        1.22574        2.47176              1
           0.56           0.38        4.38815        1.21518        2.46199              1
           0.56            0.4        4.38898        1.22884        2.45428              1
           0.56           0.42        4.37386        1.18441        2.44259              1
           0.56           0.44        4.37155        1.17867        2.44477              1
           0.56           0.46        4.35849        1.18471        2.42188              1
           0.56           0.48        4.34393        1.14869        2.40615              1
           0.56            0.5        4.34624        1.14022        2.41273              1
           0.56           0.52        4.33114        1.12909        2.39146              1
           0.56           0.54        4.32512        1.13378         2.3882              1
           0.56           0.56        4.33496        1.13808         2.3942              1
           0.56           0.58        4.33986        1.13946        2.39397              1
           0.56            0.6        4.31785        1.11249        2.37983              1
           0.56           0.62        4.31504        1.10129        2.37214              1
           0.56           0.64        4.31134        1.11643        2.36808              1
           0.56           0.66        4.31325        1.10521        2.36106              1
           0.56           0.68         4.3068        1.08342        2.35507              1
           0.58            0.2        4.43845           1.26        2.56936              1
           0.58           0.22         4.4248        1.25626        2.55169              1
           0.58           0.24        4.40308        1.19694         2.5203              1
           0.58           0.26        4.39032        1.19495        2.50944              1
           0.58           0.28        4.36435        1.16728        2.48457              1
           0.58            0.3        4.35311        1.11539        2.47412              1
           0.58           0.32        4.34993        1.10926        2.46478              1
           0.58           0.34        4.34844        1.10735        2.46029              1
           0.58           0.36        4.33208        1.08717        2.43551              1
           0.58           0.38        4.31328        1.05447        2.41696              1
           0.58            0.4        4.31318        1.07054        2.41725              1
           0.58           0.42        4.30639        1.05387         2.4093              1
           0.58           0.44         4.2973        1.02744        2.39749              1
           0.58           0.46        4.28682        1.02282         2.3812              1
           0.58           0.48        4.27495        1.00376        2.37269              1
           0.58            0.5        4.27549       0.998475        2.37086              1
           0.58           0.52        4.27457         1.0013        2.36341              1
           0.58           0.54         4.2571       0.962533        2.35117              1
           0.58           0.56        4.26916       0.981317        2.34395              1
           0.58           0.58        4.25948       0.953575        2.34608              1
           0.58            0.6        4.25376       0.957528        2.33846              1
           0.58           0.62        4.25202        0.94897        2.33662              1
           0.58           0.64         4.2396        0.93933        2.32049              1
           0.58           0.66        4.24711       0.937852        2.32281              1
           0.58           0.68        4.24425       0.943946        2.31519              1
            0.6            0.2        4.37414        1.13067        2.53347              1
            0.6           0.22        4.34732        1.07917        2.50493              1
            0.6           0.24        4.32871         1.0452        2.48213              1
            0.6           0.26        4.30755       0.999408        2.45912              1
            0.6           0.28        4.29989        1.00971        2.44798              1
            0.6            0.3        4.30419        1.01268        2.44033              1
            0.6           0.32         4.2682       0.942217        2.41624              1
            0.6           0.34         4.2589       0.935786        2.40836              1
            0.6           0.36        4.27473       0.945405        2.40007              1
            0.6           0.38         4.2563       0.920086        2.37904              1
            0.6            0.4        4.24093       0.902018        2.37306              1
            0.6           0.42        4.23848       0.892678        2.36368              1
            0.6           0.44        4.22635       0.894544        2.35437              1
            0.6           0.46        4.21791       0.881824        2.33948              1
            0.6           0.48        4.22036       0.853857        2.34052              1
            0.6            0.5        4.20559       0.850958        2.32839              1
            0.6           0.52        4.20136       0.825869        2.33115              1
            0.6           0.54        4.18802       0.830059        2.30872              1
            0.6           0.56        4.18909       0.822669        2.30168              1
            0.6           0.58        4.20042       0.839695        2.30269              1
            0.6            0.6        4.18525       0.827823         2.2955              1
            0.6           0.62        4.19296       0.833497        2.29688              1
            0.6           0.64        4.17685       0.805754        2.28831              1
            0.6           0.66        4.18077       0.805386        2.28376              1
            0.6           0.68        4.17163       0.804287        2.27868              1
           0.62            0.2        4.30794       0.990418        2.48742              1
           0.62           0.22        4.29139       0.936764         2.4726              1
           0.62           0.24        4.25958       0.905036        2.44012              1
           0.62           0.26        4.24164       0.880083        2.41926              1
           0.62           0.28        4.24305       0.878999        2.41025              1
           0.62            0.3        4.22961         0.8513        2.39603              1
           0.62           0.32        4.21753       0.830895        2.38207              1
           0.62           0.34        4.20294       0.810466        2.36992              1
           0.62           0.36        4.19272       0.796085        2.34676              1
           0.62           0.38        4.18264       0.774159        2.34149              1
           0.62            0.4        4.18308       0.776392        2.33254              1
           0.62           0.42        4.18005       0.781369        2.32896              1
           0.62           0.44        4.16733       0.763692        2.31244              1
           0.62           0.46        4.16424        0.76059        2.31271              1
           0.62           0.48        4.15631       0.741601         2.2962              1
           0.62            0.5        4.15625       0.749176        2.29285              1
           0.62           0.52        4.15482       0.735152        2.28871              1
           0.62           0.54        4.14906       0.723443        2.28188              1
           0.62           0.56        4.13659       0.704663        2.27107              1
           0.62           0.58        4.13834       0.712762        2.26865              1
           0.62            0.6        4.13282       0.702426         2.2584              1
           0.62           0.62        4.12633       0.708454        2.25429              1
           0.62           0.64        4.13139       0.689121         2.2608              1
           0.62           0.66        4.12367       0.695267        2.24723              1
           0.62           0.68        4.12405       0.692822        2.24455              1
           0.64            0.2        4.23855       0.842886        2.44269              1
           0.64           0.22        4.22353        0.81746        2.42125              1
           0.64           0.24        4.20351       0.795268        2.40183              1
           0.64           0.26        4.18949       0.775687        2.38321              1
           0.64           0.28         4.1856        0.76516        2.37225              1
           0.64            0.3        4.16395       0.719492        2.35181              1
           0.64           0.32         4.1563       0.733209        2.34022              1
           0.64           0.34        4.15156       0.708112        2.32775              1
           0.64           0.36         4.1354       0.689984        2.30946              1
           0.64           0.38        4.12666       0.673772        2.29959              1
           0.64            0.4        4.12094       0.657474        2.29415              1
           0.64           0.42        4.12218       0.650459        2.29134              1
           0.64           0.44        4.12086       0.655238        2.27986              1
           0.64           0.46        4.11527       0.643716        2.27319              1
           0.64           0.48        4.10057       0.633134        2.26318              1
           0.64            0.5        4.09096       0.614994        2.24952              1
           0.64           0.52        4.10213        0.63342        2.25523              1
           0.64           0.54        4.08781       0.609987        2.23837              1
           0.64           0.56         4.0838       0.603794        2.23385              1
           0.64           0.58        4.07981       0.605094        2.22052              1
           0.64            0.6        4.08251       0.600837        2.22788              1
           0.64           0.62        4.08058       0.596832        2.22491              1
           0.64           0.64        4.06922       0.581629        2.21382              1
           0.64           0.66        4.07146       0.588515        2.20709              1
           0.64           0.68         4.0737       0.584637        2.20654              1
           0.66            0.2        4.17458       0.735733        2.40113              1
           0.66           0.22        4.15274       0.701508         2.3798              1
           0.66           0.24        4.13918        0.67323         2.3568              1
           0.66           0.26        4.13137       0.660227        2.34534              1
           0.66           0.28        4.12482       0.646352        2.33368              1
           0.66            0.3        4.11223       0.626867        2.31562              1
           0.66           0.32          4.096       0.601439        2.29502              1
           0.66           0.34        4.08947       0.592008        2.28867              1
           0.66           0.36        4.07767       0.582382        2.26691              1
           0.66           0.38        4.08323       0.576601        2.27381              1
           0.66            0.4        4.07454       0.577726        2.25977              1
           0.66           0.42        4.06431       0.556459        2.25011              1
           0.66           0.44        4.06422       0.547534        2.24623              1
           0.66           0.46        4.06376       0.546407        2.23729              1
           0.66           0.48        4.05979       0.539133        2.23284              1
           0.66            0.5        4.04491       0.516809        2.21832              1
           0.66           0.52        4.04863       0.524002        2.21221              1
           0.66           0.54        4.04385       0.525525        2.21354              1
           0.66           0.56        4.04558       0.520488        2.20318              1
           0.66           0.58        4.03085       0.500824        2.18987              1
           0.66            0.6        4.03402       0.503518        2.19224              1
           0.66           0.62        4.03053       0.497179        2.18695              1
           0.66           0.64        4.02587       0.489658        2.18234              1
           0.66           0.66        4.02368       0.494642        2.17546              1
           0.66           0.68        4.03029         0.5001        2.17538              1
           0.68            0.2        4.12681       0.623618          2.371              1
           0.68           0.22        4.10604       0.599115        2.34454              1
           0.68           0.24        4.09383       0.579815        2.32258              1
           0.68           0.26        4.09147       0.565941        2.31595              1
           0.68           0.28        4.07148       0.545506        2.29086              1
           0.68            0.3        4.06745       0.527172        2.28543              1
           0.68           0.32        4.04522       0.503974        2.26129              1
           0.68           0.34        4.05068       0.511771        2.26109              1
           0.68           0.36        4.03973       0.495586        2.24814              1
           0.68           0.38         4.0339       0.487839        2.23485              1
           0.68            0.4        4.02707       0.470011        2.23151              1
           0.68           0.42        4.02928       0.472349        2.21924              1
           0.68           0.44         4.0179        0.46261        2.20176              1
           0.68           0.46        4.01373       0.454565            2.2              1
           0.68           0.48        4.01085       0.447025         2.1933              1
           0.68            0.5        4.00813       0.452406         2.1845              1
           0.68           0.52         4.0012       0.439467        2.17476              1
           0.68           0.54        3.99978       0.432146        2.17519              1
           0.68           0.56        3.99975       0.433579        2.17403              1
           0.68           0.58        4.00358       0.439923        2.17306              1
           0.68            0.6        3.98437       0.418034         2.1585              1
           0.68           0.62        3.98684       0.415464         2.1557              1
           0.68           0.64        3.99258       0.420683         2.1506              1
           0.68           0.66        3.99061       0.423746        2.14831              1
           0.68           0.68        3.98577         0.4151         2.1406              1
            0.7            0.2        4.07847       0.536953        2.33192              1
            0.7           0.22        4.06028       0.515875        2.30692              1
            0.7           0.24        4.04436       0.489785        2.28286              1
            0.7           0.26        4.04844        0.48919        2.28104              1
            0.7           0.28        4.03005       0.463892        2.25775              1
            0.7            0.3        4.02448       0.453157        2.25153              1
            0.7           0.32        4.01135       0.431491        2.24163              1
            0.7           0.34        4.00911        0.42705        2.22363              1
            0.7           0.36        3.99821       0.420183        2.21465              1
            0.7           0.38        3.99645       0.413592        2.20957              1
            0.7            0.4        3.99606        0.40762        2.19919              1
            0.7           0.42        3.98023       0.387773        2.18432              1
            0.7           0.44         3.9768       0.384668        2.17763              1
            0.7           0.46        3.97502       0.377884        2.16825              1
            0.7           0.48        3.97516       0.384737        2.16853              1
            0.7            0.5        3.97442       0.377311        2.16206              1
            0.7           0.52         3.9675       0.369247        2.15094              1
            0.7           0.54        3.95825       0.361429         2.1401              1
            0.7           0.56        3.96123       0.364532        2.14164              1
            0.7           0.58        3.95285       0.356313        2.13245              1
            0.7            0.6        3.95289       0.351624        2.12617              1
            0.7           0.62        3.95241       0.350582        2.12729              1
            0.7           0.64        3.94804       0.348326        2.11425              1
            0.7           0.66         3.9544       0.354046         2.1202              1
            0.7           0.68        3.94379       0.337997        2.11202              1
           0.72            0.2        4.03034       0.445449        2.29491              1
           0.72           0.22        4.02212       0.434495        2.28118              1
           0.72           0.24        4.00431       0.409605        2.25689              1
           0.72           0.26        4.00172        0.40147        2.24779              1
           0.72           0.28        3.98929       0.385679        2.23251              1
           0.72            0.3        3.97671       0.373824        2.20786              1
           0.72           0.32        3.97398       0.366509         2.2043              1
           0.72           0.34        3.96519       0.355588        2.18933              1
           0.72           0.36        3.96143       0.349866        2.18283              1
           0.72           0.38        3.95256       0.335474        2.16842              1
           0.72            0.4         3.9508       0.332909        2.16202              1
           0.72           0.42        3.94787        0.32429        2.15564              1
           0.72           0.44         3.9415       0.318409        2.14691              1
           0.72           0.46        3.94626       0.321877        2.14152              1
           0.72           0.48        3.93521       0.311878        2.13648              1
           0.72            0.5        3.93111       0.308596        2.12368              1
           0.72           0.52        3.92757       0.304608        2.11402              1
           0.72           0.54        3.92459       0.297681        2.11025              1
           0.72           0.56        3.91857       0.295708        2.09895              1
           0.72           0.58        3.92115       0.295178        2.09801              1
           0.72            0.6        3.91512       0.287657        2.09183              1
           0.72           0.62         3.9133       0.286839        2.09297              1
           0.72           0.64        3.91832       0.291563        2.08752              1
           0.72           0.66        3.91336       0.284969        2.08434              1
           0.72           0.68        3.92122       0.294817        2.08423              1
           0.74            0.2        3.99498       0.382131         2.2691              1
           0.74           0.22        3.98575       0.367595        2.25202              1
           0.74           0.24        3.96694       0.349049        2.22125              1
           0.74           0.26        3.95069       0.325041        2.20497              1
           0.74           0.28        3.94958       0.317356        2.19556              1
           0.74            0.3        3.94719       0.313262        2.19025              1
           0.74           0.32        3.93722       0.299196        2.16933              1
           0.74           0.34        3.93168       0.291776        2.15771              1
           0.74           0.36        3.92755       0.286634        2.14741              1
           0.74           0.38        3.92195       0.282077        2.14016              1
           0.74            0.4        3.92239       0.273295        2.13034              1
           0.74           0.42        3.91164       0.266413        2.12494              1
           0.74           0.44        3.91858       0.271303        2.12129              1
           0.74           0.46        3.91008       0.262567        2.10985              1
           0.74           0.48        3.90378       0.253004        2.10759              1
           0.74            0.5        3.90722       0.257161        2.10178              1
           0.74           0.52        3.90363       0.255877         2.0923              1
           0.74           0.54        3.89506       0.243171        2.08418              1
           0.74           0.56        3.89262       0.240994         2.0779              1
           0.74           0.58        3.89108        0.23907        2.07251              1
           0.74            0.6        3.89422       0.240295        2.07762              1
           0.74           0.62        3.88714        0.23669         2.0663              1
           0.74           0.64        3.88788       0.236109        2.06277              1
           0.74           0.66        3.88496       0.234195        2.05481              1
           0.74           0.68        3.88369       0.232173        2.05368              1
           0.76            0.2        3.95752        0.32057        2.22975              1
           0.76           0.22        3.94595       0.302421        2.20816              1
           0.76           0.24        3.93819       0.287213        2.19571              1
           0.76           0.26         3.9279       0.279056        2.17698              1
           0.76           0.28        3.92084       0.266661         2.1664              1
           0.76            0.3        3.91569       0.254977        2.15567              1
           0.76           0.32        3.90441        0.24479        2.14039              1
           0.76           0.34        3.90758       0.241877        2.13541              1
           0.76           0.36         3.8996       0.234975        2.12168              1
           0.76           0.38        3.88927       0.223405        2.11002              1
           0.76            0.4        3.88828       0.221096        2.10761              1
           0.76           0.42        3.88411       0.215028        2.09903              1
           0.76           0.44        3.87773       0.211353         2.0865              1
           0.76           0.46        3.87791        0.21013        2.07568              1
           0.76           0.48        3.88105       0.210928        2.07387              1
           0.76            0.5        3.87198       0.203112        2.06337              1
           0.76           0.52        3.86581        0.19911        2.05395              1
           0.76           0.54        3.86947        0.19646        2.05822              1
           0.76           0.56        3.86996        0.19929         2.0569              1
           0.76           0.58         3.8636       0.191412        2.04194              1
           0.76            0.6        3.85898       0.189224        2.03657              1
           0.76           0.62        3.86332       0.190523        2.04523              1
           0.76           0.64        3.86225       0.187454        2.03887              1
           0.76           0.66        3.86172       0.189915        2.03137              1
           0.76           0.68        3.85889       0.188138        2.02743              1
           0.78            0.2        3.92398       0.262494        2.19437              1
           0.78           0.22        3.91961       0.251905        2.18755              1
           0.78           0.24        3.90724       0.235055        2.17043              1
           0.78           0.26        3.89608       0.227101         2.1455              1
           0.78           0.28        3.88259       0.209544        2.12587              1
           0.78            0.3        3.88219       0.203233        2.12246              1
           0.78           0.32        3.87447       0.195776        2.10673              1
           0.78           0.34        3.87457       0.194531        2.09737              1
           0.78           0.36          3.873       0.187924        2.09405              1
           0.78           0.38        3.86532        0.17891        2.08552              1
           0.78            0.4        3.86093       0.175271        2.07604              1
           0.78           0.42        3.85749       0.174941        2.06581              1
           0.78           0.44        3.85494        0.16873        2.05556              1
           0.78           0.46        3.85423       0.166576         2.0574              1
           0.78           0.48          3.851       0.162696        2.05079              1
           0.78            0.5        3.85255       0.161833        2.05334              1
           0.78           0.52        3.84689       0.158973        2.03616              1
           0.78           0.54        3.83973       0.155492        2.02819              1
           0.78           0.56        3.84511        0.15783        2.02304              1
           0.78           0.58        3.84095       0.154875        2.01032              1
           0.78            0.6        3.84047       0.152738        2.01311              1
           0.78           0.62         3.8425       0.152513        2.01218              1
           0.78           0.64        3.83654       0.151011        2.00333              1
           0.78           0.66        3.83699       0.150392        2.00758              1
           0.78           0.68        3.83633       0.147289        1.99827              1
            0.8            0.2        3.89327       0.217682        2.16847              1
            0.8           0.22        3.88429       0.204186        2.15159              1
            0.8           0.24        3.87662       0.190162        2.13543              1
            0.8           0.26         3.8716       0.182389        2.12599              1
            0.8           0.28        3.86468        0.17162        2.10894              1
            0.8            0.3        3.86088       0.167995        2.10385              1
            0.8           0.32        3.85373       0.158152        2.08177              1
            0.8           0.34        3.84749       0.154035          2.072              1
            0.8           0.36        3.85052       0.151017        2.07229              1
            0.8           0.38        3.84455       0.144441        2.05813              1
            0.8            0.4        3.83647       0.136727        2.04898              1
            0.8           0.42        3.83609       0.137543        2.03994              1
            0.8           0.44        3.83427       0.131233        2.03508              1
            0.8           0.46        3.83016       0.128514         2.0326              1
            0.8           0.48        3.82556       0.126188        2.01821              1
            0.8            0.5         3.8308       0.126407          2.022              1
            0.8           0.52        3.82455       0.121923        2.00841              1
            0.8           0.54        3.82493       0.123327        2.00537              1
            0.8           0.56        3.82302       0.121307        2.00241              1
            0.8           0.58        3.82039       0.118998        1.99087              1
            0.8            0.6        3.81947       0.118968        1.99659              1
            0.8           0.62        3.81871       0.118158        1.98263              1
            0.8           0.64        3.81304       0.114415         1.9797              1
            0.8           0.66        3.81571       0.117004        1.97972              1
            0.8           0.68        3.81522       0.115759        1.96704              1
           0.82            0.2        3.87365       0.178516         2.1463              1
           0.82           0.22        3.85926       0.159369        2.12048              1
           0.82           0.24        3.85621       0.153429        2.11312              1
           0.82           0.26         3.8458       0.142607        2.09299              1
           0.82           0.28        3.84359       0.137202        2.08846              1
           0.82            0.3        3.83737       0.128485        2.07227              1
           0.82           0.32        3.82831       0.122278        2.06019              1
           0.82           0.34        3.83059       0.117837        2.05018              1
           0.82           0.36        3.82734       0.114592        2.04435              1
           0.82           0.38        3.82017       0.106902        2.03463              1
           0.82            0.4        3.82172       0.108627        2.02286              1
           0.82           0.42        3.81331       0.102613        2.01071              1
           0.82           0.44        3.81354       0.101896        2.01216              1
           0.82           0.46        3.81195      0.0999248        2.01067              1
           0.82           0.48        3.81305      0.0992691         2.0002              1
           0.82            0.5         3.8082      0.0970803        1.98675              1
           0.82           0.52        3.80573      0.0949767        1.98795              1
           0.82           0.54        3.80325      0.0917541        1.98074              1
           0.82           0.56        3.80627      0.0935024        1.98922              1
           0.82           0.58        3.80482      0.0939123        1.97795              1
           0.82            0.6        3.80232      0.0917473        1.96567              1
           0.82           0.62         3.8007      0.0919455        1.96824              1
           0.82           0.64        3.79766      0.0887917        1.95075              1
           0.82           0.66        3.79878       0.090929        1.95339              1
           0.82           0.68        3.79598      0.0899423        1.94808              1
           0.84            0.2         3.8441       0.135754         2.1122              1
           0.84           0.22        3.83624       0.125767        2.09956              1
           0.84           0.24        3.82767        0.11671        2.07928              1
           0.84           0.26        3.82538       0.108798        2.07576              1
           0.84           0.28        3.81897       0.102763        2.05343              1
           0.84            0.3        3.81267      0.0956106        2.04034              1
           0.84           0.32        3.81262      0.0921972        2.03708              1
           0.84           0.34        3.80897      0.0875623        2.02252              1
           0.84           0.36        3.80755      0.0858577        2.01775              1
           0.84           0.38        3.80231      0.0821993        2.00259              1
           0.84            0.4        3.80165      0.0804598         1.9996              1
           0.84           0.42        3.79721      0.0762203        1.99469              1
           0.84           0.44        3.79445      0.0744868        1.98344              1
           0.84           0.46        3.79225      0.0726344        1.97632              1
           0.84           0.48        3.79082      0.0711817        1.96541              1
           0.84            0.5        3.79185      0.0715302        1.96994              1
           0.84           0.52        3.79112      0.0708564        1.96572              1
           0.84           0.54        3.78814      0.0699419        1.96218              1
           0.84           0.56        3.78545      0.0679046        1.94718              1
           0.84           0.58        3.78458      0.0683258        1.94686              1
           0.84            0.6        3.78499      0.0671974        1.93991              1
           0.84           0.62        3.78645      0.0686424        1.93984              1
           0.84           0.64        3.78264      0.0665951         1.9358              1
           0.84           0.66        3.78362      0.0680499        1.93813              1
           0.84           0.68        3.78087      0.0677114        1.92261              1
           0.86            0.2        3.82653       0.106733        2.09396              1
           0.86           0.22        3.82006      0.0965546        2.07993              1
           0.86           0.24        3.81056       0.087872        2.05401              1
           0.86           0.26        3.80664      0.0818065        2.04468              1
           0.86           0.28        3.80343      0.0765433        2.03518              1
           0.86            0.3        3.79651      0.0707319        2.01986              1
           0.86           0.32        3.79387      0.0655064        2.01139              1
           0.86           0.34        3.79262      0.0640051        2.01035              1
           0.86           0.36        3.79003      0.0621163        1.99294              1
           0.86           0.38        3.78615      0.0575107        1.98266              1
           0.86            0.4        3.78118      0.0545256        1.97226              1
           0.86           0.42         3.7816      0.0548204        1.96148              1
           0.86           0.44        3.77749      0.0524008        1.95535              1
           0.86           0.46        3.77867      0.0523454        1.95854              1
           0.86           0.48        3.77861         0.0508        1.95458              1
           0.86            0.5        3.77785      0.0516397        1.95151              1
           0.86           0.52        3.77684      0.0510268        1.94693              1
           0.86           0.54        3.77363      0.0501221        1.93323              1
           0.86           0.56        3.76963      0.0485328        1.92651              1
           0.86           0.58        3.77234      0.0505793        1.92956              1
           0.86            0.6        3.77196      0.0497657        1.91571              1
           0.86           0.62        3.77208      0.0505487        1.91804              1
           0.86           0.64        3.77203      0.0509496        1.91449              1
           0.86           0.66        3.77043      0.0513301        1.90364              1
           0.86           0.68        3.76885      0.0507868        1.90709              1
           0.88            0.2        3.80477      0.0795637        2.06125              1
           0.88           0.22        3.79673      0.0699996        2.04044              1
           0.88           0.24        3.79387      0.0634109        2.03343              1
           0.88           0.26        3.78993      0.0586653        2.02063              1
           0.88           0.28        3.78631      0.0539288        2.00894              1
           0.88            0.3        3.78166      0.0497334        1.99704              1
           0.88           0.32        3.77674      0.0461549        1.98367              1
           0.88           0.34        3.77754      0.0448222        1.97996              1
           0.88           0.36        3.77462      0.0414243        1.97527              1
           0.88           0.38        3.77331      0.0399851        1.96176              1
           0.88            0.4        3.76903       0.037594        1.95047              1
           0.88           0.42        3.76903      0.0369645        1.94636              1
           0.88           0.44        3.76742      0.0362446         1.9411              1
           0.88           0.46        3.76749      0.0361936        1.93153              1
           0.88           0.48        3.76472      0.0346325        1.92951              1
           0.88            0.5        3.76391      0.0351872        1.92284              1
           0.88           0.52        3.76325      0.0351863        1.91626              1
           0.88           0.54        3.76153      0.0345731        1.90885              1
           0.88           0.56        3.76159      0.0350479        1.90514              1
           0.88           0.58        3.75806      0.0351309        1.90155              1
           0.88            0.6        3.76093      0.0356912        1.90462              1
           0.88           0.62        3.76028      0.0364958        1.88924              1
           0.88           0.64        3.76005      0.0369562        1.88806              1
           0.88           0.66        3.75888      0.0369281         1.8877              1
           0.88           0.68        3.75888      0.0382692        1.88739              1
            0.9            0.2         3.7914       0.057496         2.0428              1
            0.9           0.22        3.78472      0.0504223        2.02433              1
            0.9           0.24        3.77928      0.0450402        2.00343              1
            0.9           0.26        3.77592      0.0401762        2.00087              1
            0.9           0.28        3.77101      0.0355567        1.98414              1
            0.9            0.3        3.76905      0.0330149        1.97622              1
            0.9           0.32        3.76438       0.029583        1.95839              1
            0.9           0.34        3.76614      0.0284533        1.96108              1
            0.9           0.36         3.7623      0.0264896        1.95047              1
            0.9           0.38        3.76086      0.0257862        1.93901              1
            0.9            0.4         3.7577      0.0239513        1.92684              1
            0.9           0.42        3.75816      0.0237499        1.92307              1
            0.9           0.44        3.75498      0.0230549        1.91795              1
            0.9           0.46        3.75551      0.0233101        1.91535              1
            0.9           0.48        3.75273      0.0228433        1.90372              1
            0.9            0.5        3.75333      0.0236166        1.90027              1
            0.9           0.52        3.75191      0.0231458        1.90076              1
            0.9           0.54        3.75297      0.0244366        1.89823              1
            0.9           0.56        3.75066      0.0245967        1.88372              1
            0.9           0.58        3.74947      0.0247471        1.87854              1
            0.9            0.6        3.75055      0.0259198        1.87443              1
            0.9           0.62        3.75091      0.0266176        1.87035              1
            0.9           0.64        3.75136      0.0277456        1.86909              1
            0.9           0.66        3.75033      0.0284597         1.8676              1
            0.9           0.68        3.74963      0.0296045        1.86341              1
           0.92            0.2        3.77496      0.0396942        2.01118              1
           0.92           0.22        3.77016      0.0337858        1.99921              1
           0.92           0.24        3.76723      0.0288682        1.99102              1
           0.92           0.26        3.76357        0.02506        1.97197              1
           0.92           0.28        3.75759      0.0216214        1.95126              1
           0.92            0.3        3.75839      0.0197485        1.95565              1
           0.92           0.32        3.75497       0.017596        1.94286              1
           0.92           0.34        3.75267       0.016015        1.93087              1
           0.92           0.36        3.75192      0.0153949        1.92233              1
           0.92           0.38        3.74985      0.0145336        1.92078              1
           0.92            0.4         3.7488      0.0142507        1.90504              1
           0.92           0.42        3.74807      0.0141205        1.90711              1
           0.92           0.44        3.74594      0.0138706        1.89468              1
           0.92           0.46        3.74564      0.0141299        1.88885              1
           0.92           0.48        3.74511      0.0145899        1.88686              1
           0.92            0.5        3.74449      0.0151581        1.88209              1
           0.92           0.52         3.7431      0.0155854        1.87094              1
           0.92           0.54        3.74307        0.01649        1.86128              1
           0.92           0.56        3.74292      0.0173837        1.86963              1
           0.92           0.58        3.74344      0.0185596        1.86608              1
           0.92            0.6        3.74265      0.0192668        1.85728              1
           0.92           0.62        3.74184      0.0203854        1.86248              1
           0.92           0.64        3.74214      0.0213544        1.84548              1
           0.92           0.66        3.74157      0.0226706        1.84551              1
           0.92           0.68        3.74141      0.0238622        1.85163              1
           0.94            0.2        3.76223      0.0253253        1.98381              1
           0.94           0.22        3.75942       0.020691        1.97673              1
           0.94           0.24        3.75491      0.0166936        1.96144              1
           0.94           0.26        3.75211      0.0139591        1.95691              1
           0.94           0.28        3.74937      0.0115916        1.93868              1
           0.94            0.3         3.7471     0.00979432        1.92583              1
           0.94           0.32        3.74551     0.00889823         1.9185              1
           0.94           0.34        3.74378     0.00791073        1.91294              1
           0.94           0.36        3.74259     0.00738369        1.90301              1
           0.94           0.38        3.74208     0.00743726        1.89896              1
           0.94            0.4        3.74019     0.00739077        1.88681              1
           0.94           0.42        3.74053     0.00791302        1.88518              1
           0.94           0.44        3.73873     0.00811186        1.87198              1
           0.94           0.46        3.73766      0.0087536        1.87283              1
           0.94           0.48        3.73767     0.00961745        1.86798              1
           0.94            0.5         3.7376      0.0105401        1.85847              1
           0.94           0.52        3.73689      0.0114973        1.85538              1
           0.94           0.54        3.73604      0.0126379        1.84759              1
           0.94           0.56         3.7358      0.0136471        1.84801              1
           0.94           0.58        3.73671      0.0151846        1.83506              1
           0.94            0.6        3.73669      0.0164855        1.83156              1
           0.94           0.62        3.73681      0.0177114        1.83267              1
           0.94           0.64        3.73682      0.0192904        1.82585              1
           0.94           0.66        3.73643      0.0205878        1.82094              1
           0.94           0.68        3.73683      0.0222528        1.81583              1
           0.96            0.2        3.75391       0.015056        1.97383              1
           0.96           0.22        3.75028      0.0111778        1.95863              1
           0.96           0.24        3.74638     0.00834158        1.94218              1
           0.96           0.26        3.74335     0.00623052        1.92752              1
           0.96           0.28        3.74157     0.00477711        1.92638              1
           0.96            0.3        3.73913     0.00370148        1.91074              1
           0.96           0.32        3.73762      0.0031625        1.89429              1
           0.96           0.34        3.73699     0.00306203        1.89897              1
           0.96           0.36        3.73612      0.0031186        1.87264              1
           0.96           0.38        3.73513     0.00347158        1.87751              1
           0.96            0.4        3.73372     0.00398951        1.86716              1
           0.96           0.42        3.73292     0.00474465        1.85694              1
           0.96           0.44         3.7332     0.00576964        1.85628              1
           0.96           0.46        3.73236     0.00682309        1.85489              1
           0.96           0.48        3.73211     0.00796871        1.84364              1
           0.96            0.5        3.73169     0.00918587        1.84044              1
           0.96           0.52        3.73207      0.0106172        1.83418              1
           0.96           0.54        3.73059       0.012003        1.83121              1
           0.96           0.56        3.73093      0.0134191        1.82697              1
           0.96           0.58        3.73221      0.0151451        1.81251              1
           0.96            0.6        3.73198      0.0167664        1.81607              1
           0.96           0.62        3.73117      0.0182092        1.81229              1
           0.96           0.64        3.73055      0.0197911          1.818              1
           0.96           0.66        3.73177      0.0216162        1.81069              1
           0.96           0.68        3.73169      0.0234001        1.80753              1
           0.98            0.2        3.74489     0.00782183        1.95159              1
           0.98           0.22        3.74129     0.00501653         1.9335              1
           0.98           0.24        3.73862     0.00306083        1.92248              1
           0.98           0.26        3.73678     0.00180136        1.91059              1
           0.98           0.28        3.73468     0.00102906        1.90211              1
           0.98            0.3        3.73292    0.000718502        1.89097              1
           0.98           0.32        3.73199    0.000808259        1.87989              1
           0.98           0.34        3.73069      0.0011662        1.87073              1
           0.98           0.36        3.73018     0.00181755        1.85673              1
           0.98           0.38        3.72932     0.00268326        1.85729              1
           0.98            0.4         3.7287     0.00373069        1.84973              1
           0.98           0.42        3.72876     0.00494412        1.84098              1
           0.98           0.44        3.72817     0.00632392        1.83741              1
           0.98           0.46        3.72834      0.0077843        1.82675              1
           0.98           0.48        3.72727     0.00929833        1.82888              1
           0.98            0.5        3.72826      0.0109399        1.81793              1
           0.98           0.52        3.72812      0.0127477        1.81345              1
           0.98           0.54        3.72734      0.0144053        1.81599              1
           0.98           0.56        3.72842      0.0162352        1.80298              1
           0.98           0.58        3.72853      0.0181018          1.799              1
           0.98            0.6        3.72791      0.0200183        1.80249              1
           0.98           0.62        3.72975      0.0218023        1.78828              1
           0.98           0.64        3.72855      0.0236977        1.79237              1
           0.98           0.66          3.729      0.0255647        1.78837              1
           0.98           0.68        3.72961      0.0277067        1.78401              1
