# First line is the value of n 
100000
9.9999e-006              0
0.00100999     0.00895189
0.00200998      0.0178041
0.00300997       0.026558
0.00400996      0.0352148
0.00500995      0.0437753
0.00600994      0.0522406
0.00700993      0.0606117
0.00800992      0.0688895
0.00900991       0.077075
0.0100099       0.085169
0.0110099      0.0931724
0.0120099       0.101086
0.0130099       0.108911
0.0140099       0.116649
0.0150098       0.124299
0.0160098       0.131863
0.0170098       0.139342
0.0180098       0.146737
0.0190098       0.154048
0.0200098       0.161276
0.0210098       0.168423
0.0220098       0.175488
0.0230098       0.182474
0.0240098       0.189379
0.0250097       0.196206
0.0260097       0.202955
0.0270097       0.209627
0.0280097       0.216223
0.0290097       0.222743
0.0300097       0.229188
0.0310097        0.23556
0.0320097       0.241857
0.0330097       0.248083
0.0340097       0.254236
0.0350096       0.260318
0.0360096        0.26633
0.0370096       0.272272
0.0380096       0.278144
0.0390096       0.283949
0.0400096       0.289686
0.0410096       0.295355
0.0420096       0.300959
0.0430096       0.306496
0.0440096       0.311969
0.0450095       0.317377
0.0460095       0.322721
0.0470095       0.328003
0.0480095       0.333221
0.0490095       0.338378
0.0500095       0.343474
0.0510095       0.348509
0.0520095       0.353484
0.0530095       0.358399
0.0540095       0.363256
0.0550094       0.368054
0.0560094       0.372795
0.0570094       0.377478
0.0580094       0.382105
0.0590094       0.386676
0.0600094       0.391192
0.0610094       0.395652
0.0620094       0.400059
0.0630094       0.404411
0.0640094        0.40871
0.0650093       0.412957
0.0660093       0.417151
0.0670093       0.421294
0.0680093       0.425385
0.0690093       0.429426
0.0700093       0.433417
0.0710093       0.437358
0.0720093        0.44125
0.0730093       0.445093
0.0740093       0.448888
0.0750092       0.452635
0.0760092       0.456335
0.0770092       0.459988
0.0780092       0.463595
0.0790092       0.467156
0.0800092       0.470672
0.0810092       0.474143
0.0820092       0.477569
0.0830092       0.480951
0.0840092        0.48429
0.0850091       0.487585
0.0860091       0.490838
0.0870091       0.494049
0.0880091       0.497217
0.0890091       0.500344
0.0900091        0.50343
0.0910091       0.506476
0.0920091       0.509481
0.0930091       0.512446
0.0940091       0.515372
0.095009       0.518258
0.096009       0.521107
0.097009       0.523916
0.098009       0.526688
0.099009       0.529422
0.100009        0.53212
0.101009        0.53478
0.102009       0.537404
0.103009       0.539992
0.104009       0.542544
0.105009       0.545061
0.106009       0.547543
0.107009        0.54999
0.108009       0.552403
0.109009       0.554782
0.110009       0.557127
0.111009       0.559439
0.112009       0.561719
0.113009       0.563965
0.114009       0.566179
0.115009       0.568361
0.116009       0.570512
0.117009       0.572631
0.118009       0.574719
0.119009       0.576777
0.120009       0.578804
0.121009       0.580801
0.122009       0.582768
0.123009       0.584705
0.124009       0.586613
0.125009       0.588493
0.126009       0.590344
0.127009       0.592166
0.128009        0.59396
0.129009       0.595727
0.130009       0.597466
0.131009       0.599177
0.132009       0.600862
0.133009        0.60252
0.134009       0.604152
0.135009       0.605757
0.136009       0.607336
0.137009        0.60889
0.138009       0.610419
0.139009       0.611922
0.140009         0.6134
0.141009       0.614854
0.142009       0.616283
0.143009       0.617688
0.144009       0.619069
0.145009       0.620427
0.146009       0.621761
0.147009       0.623072
0.148009       0.624359
0.149009       0.625624
0.150008       0.626867
0.151008       0.628087
0.152008       0.629285
0.153008       0.630461
0.154008       0.631616
0.155008       0.632749
0.156008       0.633861
0.157008       0.634952
0.158008       0.636022
0.159008       0.637071
0.160008         0.6381
0.161008       0.639109
0.162008       0.640098
0.163008       0.641067
0.164008       0.642017
0.165008       0.642947
0.166008       0.643858
0.167008        0.64475
0.168008       0.645623
0.169008       0.646477
0.170008       0.647313
0.171008       0.648131
0.172008       0.648931
0.173008       0.649713
0.174008       0.650477
0.175008       0.651223
0.176008       0.651952
0.177008       0.652664
0.178008       0.653359
0.179008       0.654037
0.180008       0.654698
0.181008       0.655343
0.182008       0.655971
0.183008       0.656583
0.184008        0.65718
0.185008        0.65776
0.186008       0.658324
0.187008       0.658873
0.188008       0.659407
0.189008       0.659925
0.190008       0.660429
0.191008       0.660917
0.192008        0.66139
0.193008       0.661849
0.194008       0.662293
0.195008       0.662723
0.196008       0.663139
0.197008        0.66354
0.198008       0.663928
0.199008       0.664302
0.200008       0.664662
0.201008       0.665009
0.202008       0.665342
0.203008       0.665662
0.204008       0.665969
0.205008       0.666263
0.206008       0.666544
0.207008       0.666812
0.208008       0.667067
0.209008       0.667311
0.210008       0.667541
0.211008        0.66776
0.212008       0.667966
0.213008       0.668161
0.214008       0.668343
0.215008       0.668514
0.216008       0.668673
0.217008        0.66882
0.218008       0.668956
0.219008       0.669081
0.220008       0.669195
0.221008       0.669297
0.222008       0.669389
0.223008        0.66947
0.224008        0.66954
0.225008       0.669599
0.226008       0.669648
0.227008       0.669686
0.228008       0.669714
0.229008       0.669732
0.230008        0.66974
0.231008       0.669737
0.232008       0.669725
0.233008       0.669703
0.234008       0.669671
0.235008        0.66963
0.236008       0.669579
0.237008       0.669518
0.238008       0.669448
0.239008       0.669369
0.240008       0.669281
0.241008       0.669184
0.242008       0.669077
0.243008       0.668962
0.244008       0.668838
0.245008       0.668706
0.246008       0.668564
0.247008       0.668414
0.248008       0.668256
0.249008       0.668089
0.250007       0.667914
0.251007       0.667731
0.252007        0.66754
0.253007       0.667341
0.254007       0.667133
0.255007       0.666918
0.256007       0.666695
0.257007       0.666464
0.258007       0.666226
0.259007        0.66598
0.260007       0.665726
0.261007       0.665465
0.262007       0.665197
0.263007       0.664922
0.264007       0.664639
0.265007       0.664349
0.266007       0.664052
0.267007       0.663748
0.268007       0.663437
0.269007       0.663119
0.270007       0.662795
0.271007       0.662464
0.272007       0.662126
0.273007       0.661781
0.274007        0.66143
0.275007       0.661073
0.276007       0.660709
0.277007       0.660339
0.278007       0.659962
0.279007        0.65958
0.280007       0.659191
0.281007       0.658796
0.282007       0.658395
0.283007       0.657988
0.284007       0.657576
0.285007       0.657157
0.286007       0.656733
0.287007       0.656303
0.288007       0.655867
0.289007       0.655425
0.290007       0.654978
0.291007       0.654526
0.292007       0.654068
0.293007       0.653605
0.294007       0.653136
0.295007       0.652662
0.296007       0.652183
0.297007       0.651699
0.298007       0.651209
0.299007       0.650715
0.300007       0.650215
0.301007       0.649711
0.302007       0.649201
0.303007       0.648687
0.304007       0.648168
0.305007       0.647644
0.306007       0.647115
0.307007       0.646582
0.308007       0.646043
0.309007       0.645501
0.310007       0.644954
0.311007       0.644402
0.312007       0.643846
0.313007       0.643285
0.314007        0.64272
0.315007       0.642151
0.316007       0.641577
0.317007          0.641
0.318007       0.640418
0.319007       0.639832
0.320007       0.639241
0.321007       0.638647
0.322007       0.638049
0.323007       0.637446
0.324007        0.63684
0.325007        0.63623
0.326007       0.635615
0.327007       0.634998
0.328007       0.634376
0.329007        0.63375
0.330007       0.633121
0.331007       0.632488
0.332007       0.631851
0.333007       0.631211
0.334007       0.630567
0.335007        0.62992
0.336007       0.629269
0.337007       0.628615
0.338007       0.627957
0.339007       0.627296
0.340007       0.626632
0.341007       0.625964
0.342007       0.625292
0.343007       0.624618
0.344007        0.62394
0.345007       0.623259
0.346007       0.622575
0.347007       0.621888
0.348007       0.621198
0.349006       0.620505
0.350006       0.619808
0.351006       0.619109
0.352006       0.618406
0.353006       0.617701
0.354006       0.616992
0.355006       0.616281
0.356006       0.615567
0.357006        0.61485
0.358006        0.61413
0.359006       0.613408
0.360006       0.612682
0.361006       0.611954
0.362006       0.611224
0.363006        0.61049
0.364006       0.609754
0.365006       0.609015
0.366006       0.608274
0.367006        0.60753
0.368006       0.606784
0.369006       0.606035
0.370006       0.605283
0.371006       0.604529
0.372006       0.603773
0.373006       0.603014
0.374006       0.602253
0.375006       0.601489
0.376006       0.600723
0.377006       0.599955
0.378006       0.599185
0.379006       0.598412
0.380006       0.597637
0.381006       0.596859
0.382006        0.59608
0.383006       0.595298
0.384006       0.594514
0.385006       0.593728
0.386006        0.59294
0.387006        0.59215
0.388006       0.591357
0.389006       0.590563
0.390006       0.589766
0.391006       0.588968
0.392006       0.588167
0.393006       0.587365
0.394006        0.58656
0.395006       0.585754
0.396006       0.584945
0.397006       0.584135
0.398006       0.583323
0.399006       0.582509
0.400006       0.581693
0.401006       0.580875
0.402006       0.580056
0.403006       0.579235
0.404006       0.578412
0.405006       0.577587
0.406006        0.57676
0.407006       0.575932
0.408006       0.575102
0.409006        0.57427
0.410006       0.573437
0.411006       0.572602
0.412006       0.571765
0.413006       0.570927
0.414006       0.570087
0.415006       0.569245
0.416006       0.568402
0.417006       0.567558
0.418006       0.566712
0.419006       0.565864
0.420006       0.565015
0.421006       0.564164
0.422006       0.563312
0.423006       0.562458
0.424006       0.561603
0.425006       0.560746
0.426006       0.559888
0.427006       0.559029
0.428006       0.558168
0.429006       0.557306
0.430006       0.556442
0.431006       0.555577
0.432006       0.554711
0.433006       0.553844
0.434006       0.552975
0.435006       0.552104
0.436006       0.551233
0.437006        0.55036
0.438006       0.549486
0.439006       0.548611
0.440006       0.547734
0.441006       0.546856
0.442006       0.545977
0.443006       0.545097
0.444006       0.544216
0.445006       0.543333
0.446006        0.54245
0.447006       0.541565
0.448006       0.540679
0.449005       0.539792
0.450005       0.538903
0.451005       0.538014
0.452005       0.537123
0.453005       0.536232
0.454005       0.535339
0.455005       0.534445
0.456005       0.533551
0.457005       0.532655
0.458005       0.531758
0.459005        0.53086
0.460005       0.529961
0.461005       0.529061
0.462005        0.52816
0.463005       0.527258
0.464005       0.526355
0.465005       0.525452
0.466005       0.524547
0.467005       0.523641
0.468005       0.522734
0.469005       0.521827
0.470005       0.520918
0.471005       0.520009
0.472005       0.519099
0.473005       0.518187
0.474005       0.517275
0.475005       0.516362
0.476005       0.515448
0.477005       0.514534
0.478005       0.513618
0.479005       0.512702
0.480005       0.511784
0.481005       0.510866
0.482005       0.509948
0.483005       0.509028
0.484005       0.508107
0.485005       0.507186
0.486005       0.506264
0.487005       0.505341
0.488005       0.504418
0.489005       0.503493
0.490005       0.502568
0.491005       0.501642
0.492005       0.500716
0.493005       0.499789
0.494005       0.498861
0.495005       0.497932
0.496005       0.497002
0.497005       0.496072
0.498005       0.495141
0.499005        0.49421
0.500005       0.493278
0.501005       0.492345
0.502005       0.491411
0.503005       0.490477
0.504005       0.489542
0.505005       0.488607
0.506005        0.48767
0.507005       0.486734
0.508005       0.485796
0.509005       0.484858
0.510005       0.483919
0.511005        0.48298
0.512005        0.48204
0.513005         0.4811
0.514005       0.480159
0.515005       0.479217
0.516005       0.478275
0.517005       0.477332
0.518005       0.476389
0.519005       0.475445
0.520005         0.4745
0.521005       0.473555
0.522005        0.47261
0.523005       0.471664
0.524005       0.470717
0.525005        0.46977
0.526005       0.468822
0.527005       0.467874
0.528005       0.466925
0.529005       0.465976
0.530005       0.465026
0.531005       0.464076
0.532005       0.463125
0.533005       0.462174
0.534005       0.461222
0.535005        0.46027
0.536005       0.459317
0.537005       0.458364
0.538005        0.45741
0.539005       0.456456
0.540005       0.455502
0.541005       0.454547
0.542005       0.453591
0.543005       0.452635
0.544005       0.451679
0.545005       0.450722
0.546005       0.449765
0.547005       0.448807
0.548005       0.447849
0.549004       0.446891
0.550004       0.445932
0.551004       0.444973
0.552004       0.444013
0.553004       0.443053
0.554004       0.442093
0.555004       0.441132
0.556004        0.44017
0.557004       0.439209
0.558004       0.438247
0.559004       0.437284
0.560004       0.436322
0.561004       0.435358
0.562004       0.434395
0.563004       0.433431
0.564004       0.432467
0.565004       0.431502
0.566004       0.430537
0.567004       0.429572
0.568004       0.428606
0.569004        0.42764
0.570004       0.426674
0.571004       0.425707
0.572004       0.424741
0.573004       0.423773
0.574004       0.422806
0.575004       0.421838
0.576004       0.420869
0.577004       0.419901
0.578004       0.418932
0.579004       0.417963
0.580004       0.416993
0.581004       0.416023
0.582004       0.415053
0.583004       0.414083
0.584004       0.413112
0.585004       0.412141
0.586004        0.41117
0.587004       0.410198
0.588004       0.409226
0.589004       0.408254
0.590004       0.407282
0.591004       0.406309
0.592004       0.405336
0.593004       0.404363
0.594004        0.40339
0.595004       0.402416
0.596004       0.401442
0.597004       0.400468
0.598004       0.399493
0.599004       0.398518
0.600004       0.397543
0.601004       0.396568
0.602004       0.395592
0.603004       0.394617
0.604004       0.393641
0.605004       0.392664
0.606004       0.391688
0.607004       0.390711
0.608004       0.389734
0.609004       0.388757
0.610004        0.38778
0.611004       0.386802
0.612004       0.385824
0.613004       0.384846
0.614004       0.383868
0.615004       0.382889
0.616004       0.381911
0.617004       0.380932
0.618004       0.379953
0.619004       0.378973
0.620004       0.377994
0.621004       0.377014
0.622004       0.376034
0.623004       0.375054
0.624004       0.374074
0.625004       0.373093
0.626004       0.372112
0.627004       0.371131
0.628004        0.37015
0.629004       0.369169
0.630004       0.368188
0.631004       0.367206
0.632004       0.366224
0.633004       0.365242
0.634004        0.36426
0.635004       0.363277
0.636004       0.362295
0.637004       0.361312
0.638004       0.360329
0.639004       0.359346
0.640004       0.358363
0.641004        0.35738
0.642004       0.356396
0.643004       0.355412
0.644004       0.354428
0.645004       0.353444
0.646004        0.35246
0.647004       0.351476
0.648004       0.350491
0.649003       0.349507
0.650003       0.348522
0.651003       0.347537
0.652003       0.346552
0.653003       0.345566
0.654003       0.344581
0.655003       0.343595
0.656003        0.34261
0.657003       0.341624
0.658003       0.340638
0.659003       0.339652
0.660003       0.338665
0.661003       0.337679
0.662003       0.336692
0.663003       0.335706
0.664003       0.334719
0.665003       0.333732
0.666003       0.332745
0.667003       0.331758
0.668003        0.33077
0.669003       0.329783
0.670003       0.328795
0.671003       0.327808
0.672003        0.32682
0.673003       0.325832
0.674003       0.324844
0.675003       0.323856
0.676003       0.322867
0.677003       0.321879
0.678003       0.320891
0.679003       0.319902
0.680003       0.318913
0.681003       0.317924
0.682003       0.316935
0.683003       0.315946
0.684003       0.314957
0.685003       0.313968
0.686003       0.312978
0.687003       0.311989
0.688003       0.310999
0.689003        0.31001
0.690003        0.30902
0.691003        0.30803
0.692003        0.30704
0.693003        0.30605
0.694003        0.30506
0.695003       0.304069
0.696003       0.303079
0.697003       0.302088
0.698003       0.301098
0.699003       0.300107
0.700003       0.299116
0.701003       0.298125
0.702003       0.297134
0.703003       0.296143
0.704003       0.295152
0.705003       0.294161
0.706003        0.29317
0.707003       0.292178
0.708003       0.291187
0.709003       0.290195
0.710003       0.289204
0.711003       0.288212
0.712003        0.28722
0.713003       0.286228
0.714003       0.285236
0.715003       0.284244
0.716003       0.283252
0.717003        0.28226
0.718003       0.281268
0.719003       0.280275
0.720003       0.279283
0.721003        0.27829
0.722003       0.277298
0.723003       0.276305
0.724003       0.275312
0.725003       0.274319
0.726003       0.273327
0.727003       0.272334
0.728003       0.271341
0.729003       0.270348
0.730003       0.269354
0.731003       0.268361
0.732003       0.267368
0.733003       0.266375
0.734003       0.265381
0.735003       0.264388
0.736003       0.263394
0.737003       0.262401
0.738003       0.261407
0.739003       0.260413
0.740003       0.259419
0.741003       0.258425
0.742003       0.257432
0.743003       0.256438
0.744003       0.255444
0.745003       0.254449
0.746003       0.253455
0.747003       0.252461
0.748002       0.251467
0.749002       0.250472
0.750002       0.249478
0.751002       0.248484
0.752002       0.247489
0.753002       0.246495
0.754002         0.2455
0.755002       0.244505
0.756002       0.243511
0.757002       0.242516
0.758002       0.241521
0.759002       0.240526
0.760002       0.239531
0.761002       0.238536
0.762002       0.237541
0.763002       0.236546
0.764002       0.235551
0.765002       0.234556
0.766002       0.233561
0.767002       0.232566
0.768002        0.23157
0.769002       0.230575
0.770002       0.229579
0.771002       0.228584
0.772002       0.227589
0.773002       0.226593
0.774002       0.225597
0.775002       0.224602
0.776002       0.223606
0.777002       0.222611
0.778002       0.221615
0.779002       0.220619
0.780002       0.219623
0.781002       0.218627
0.782002       0.217631
0.783002       0.216635
0.784002       0.215639
0.785002       0.214643
0.786002       0.213647
0.787002       0.212651
0.788002       0.211655
0.789002       0.210659
0.790002       0.209663
0.791002       0.208666
0.792002        0.20767
0.793002       0.206674
0.794002       0.205678
0.795002       0.204681
0.796002       0.203685
0.797002       0.202688
0.798002       0.201692
0.799002       0.200695
0.800002       0.199699
0.801002       0.198702
0.802002       0.197705
0.803002       0.196709
0.804002       0.195712
0.805002       0.194715
0.806002       0.193718
0.807002       0.192722
0.808002       0.191725
0.809002       0.190728
0.810002       0.189731
0.811002       0.188734
0.812002       0.187737
0.813002        0.18674
0.814002       0.185743
0.815002       0.184746
0.816002       0.183749
0.817002       0.182752
0.818002       0.181755
0.819002       0.180758
0.820002       0.179761
0.821002       0.178763
0.822002       0.177766
0.823002       0.176769
0.824002       0.175772
0.825002       0.174774
0.826002       0.173777
0.827002        0.17278
0.828002       0.171782
0.829002       0.170785
0.830002       0.169787
0.831002        0.16879
0.832002       0.167792
0.833002       0.166795
0.834002       0.165797
0.835002         0.1648
0.836002       0.163802
0.837002       0.162804
0.838002       0.161807
0.839002       0.160809
0.840002       0.159812
0.841002       0.158814
0.842002       0.157816
0.843002       0.156818
0.844002       0.155821
0.845002       0.154823
0.846002       0.153825
0.847002       0.152827
0.848001       0.151829
0.849001       0.150831
0.850001       0.149833
0.851001       0.148836
0.852001       0.147838
0.853001        0.14684
0.854001       0.145842
0.855001       0.144844
0.856001       0.143846
0.857001       0.142848
0.858001        0.14185
0.859001       0.140852
0.860001       0.139853
0.861001       0.138855
0.862001       0.137857
0.863001       0.136859
0.864001       0.135861
0.865001       0.134863
0.866001       0.133864
0.867001       0.132866
0.868001       0.131868
0.869001        0.13087
0.870001       0.129872
0.871001       0.128873
0.872001       0.127875
0.873001       0.126877
0.874001       0.125878
0.875001        0.12488
0.876001       0.123882
0.877001       0.122883
0.878001       0.121885
0.879001       0.120886
0.880001       0.119888
0.881001       0.118889
0.882001       0.117891
0.883001       0.116893
0.884001       0.115894
0.885001       0.114896
0.886001       0.113897
0.887001       0.112899
0.888001         0.1119
0.889001       0.110901
0.890001       0.109903
0.891001       0.108904
0.892001       0.107906
0.893001       0.106907
0.894001       0.105908
0.895001        0.10491
0.896001       0.103911
0.897001       0.102912
0.898001       0.101914
0.899001       0.100915
0.900001      0.0999164
0.901001      0.0989177
0.902001       0.097919
0.903001      0.0969202
0.904001      0.0959215
0.905001      0.0949227
0.906001      0.0939239
0.907001      0.0929251
0.908001      0.0919263
0.909001      0.0909275
0.910001      0.0899287
0.911001      0.0889299
0.912001       0.087931
0.913001      0.0869322
0.914001      0.0859333
0.915001      0.0849344
0.916001      0.0839355
0.917001      0.0829366
0.918001      0.0819377
0.919001      0.0809388
0.920001      0.0799399
0.921001       0.078941
0.922001       0.077942
0.923001       0.076943
0.924001      0.0759441
0.925001      0.0749451
0.926001      0.0739461
0.927001      0.0729471
0.928001      0.0719481
0.929001      0.0709491
0.930001      0.0699501
0.931001       0.068951
0.932001       0.067952
0.933001      0.0669529
0.934001      0.0659539
0.935001      0.0649548
0.936001      0.0639557
0.937001      0.0629566
0.938001      0.0619575
0.939001      0.0609584
0.940001      0.0599593
0.941001      0.0589602
0.942001      0.0579611
0.943001      0.0569619
0.944001      0.0559628
0.945001      0.0549636
0.946001      0.0539645
0.947001      0.0529653
0.948      0.0519661
0.949       0.050967
0.95      0.0499678
0.951      0.0489686
0.952      0.0479694
0.953      0.0469701
0.954      0.0459709
0.955      0.0449717
0.956      0.0439725
0.957      0.0429732
0.958       0.041974
0.959      0.0409747
0.96      0.0399754
0.961      0.0389762
0.962      0.0379769
0.963      0.0369776
0.964      0.0359783
0.965       0.034979
0.966      0.0339797
0.967      0.0329804
0.968      0.0319811
0.969      0.0309818
0.97      0.0299824
0.971      0.0289831
0.972      0.0279838
0.973      0.0269844
0.974      0.0259851
0.975      0.0249857
0.976      0.0239864
0.977       0.022987
0.978      0.0219876
0.979      0.0209882
0.98      0.0199888
0.981      0.0189894
0.982        0.01799
0.983      0.0169906
0.984      0.0159912
0.985      0.0149918
0.986      0.0139924
0.987       0.012993
0.988      0.0119935
0.989      0.0109941
0.99     0.00999467
0.991     0.00899523
0.992     0.00799578
0.993     0.00699632
0.994     0.00599686
0.995      0.0049974
0.996     0.00399793
0.997     0.00299845
0.998     0.00199897
0.999    0.000999488
