# First line is the value of n 
100
0.00990099              0
0.019802      0.0888804
0.029703       0.165279
0.039604       0.232314
0.0495049       0.291452
0.0594059       0.343699
0.0693069       0.389847
0.0792079       0.430555
0.0891089        0.46639
0.0990099       0.497847
0.108911       0.525364
0.118812       0.549329
0.128713        0.57009
0.138614       0.587957
0.148515       0.603211
0.158416       0.616102
0.168317       0.626856
0.178218       0.635677
0.188119        0.64275
0.19802        0.64824
0.207921       0.652297
0.217822       0.655057
0.227723       0.656642
0.237624       0.657164
0.247525       0.656721
0.257426       0.655405
0.267327       0.653299
0.277228       0.650475
0.287129       0.647001
0.29703       0.642938
0.306931       0.638341
0.316832        0.63326
0.326733        0.62774
0.336634       0.621822
0.346535       0.615543
0.356436       0.608936
0.366337       0.602032
0.376238       0.594858
0.386139        0.58744
0.39604       0.579799
0.405941       0.571957
0.415842       0.563932
0.425743        0.55574
0.435644       0.547398
0.445545       0.538919
0.455446       0.530315
0.465347       0.521597
0.475248       0.512777
0.485149       0.503864
0.495049       0.494865
0.50495       0.485789
0.514851       0.476643
0.524752       0.467432
0.534653       0.458163
0.544554       0.448841
0.554455       0.439471
0.564356       0.430057
0.574257       0.420603
0.584158       0.411111
0.594059       0.401587
0.60396       0.392032
0.613861       0.382449
0.623762       0.372841
0.633663        0.36321
0.643564       0.353557
0.653465       0.343885
0.663366       0.334195
0.673267       0.324489
0.683168       0.314768
0.693069       0.305033
0.70297       0.295286
0.712871       0.285527
0.722772       0.275758
0.732673       0.265979
0.742574       0.256191
0.752475       0.246394
0.762376        0.23659
0.772277       0.226779
0.782178       0.216962
0.792079       0.207138
0.80198       0.197309
0.811881       0.187475
0.821782       0.177636
0.831683       0.167793
0.841584       0.157945
0.851485       0.148094
0.861386       0.138239
0.871287       0.128381
0.881188       0.118519
0.891089       0.108655
0.90099       0.098788
0.910891      0.0889185
0.920792      0.0790466
0.930693      0.0691724
0.940594      0.0592961
0.950495      0.0494178
0.960396      0.0395376
0.970297      0.0296556
0.980198       0.019772
0.990099     0.00988675
