# First line is the value of n. First column is the values of x, second is values of v. 
1000000
9.99999e-007   9.00051e-006
0.001001     0.00895937
0.002001      0.0178107
0.003001      0.0265639
0.004001      0.0352201
0.00500099      0.0437802
0.00600099      0.0522452
0.00700099       0.060616
0.00800099      0.0688935
0.00900099      0.0770787
0.010001      0.0851725
0.011001      0.0931759
0.012001        0.10109
0.013001       0.108915
0.014001       0.116652
0.015001       0.124302
0.016001       0.131866
0.017001       0.139345
0.018001        0.14674
0.019001       0.154051
0.020001        0.16128
0.021001       0.168426
0.022001       0.175492
0.023001       0.182477
0.024001       0.189383
0.025001        0.19621
0.026001       0.202959
0.027001       0.209631
0.028001       0.216227
0.029001       0.222747
0.030001       0.229192
0.031001       0.235564
0.032001       0.241862
0.033001       0.248087
0.034001        0.25424
0.035001       0.260323
0.036001       0.266334
0.037001       0.272276
0.038001       0.278149
0.039001       0.283954
0.040001       0.289691
0.041001       0.295361
0.042001       0.300964
0.043001       0.306502
0.044001       0.311974
0.045001       0.317383
0.046001       0.322727
0.047001       0.328009
0.048001       0.333228
0.0490009       0.338385
0.0500009        0.34348
0.0510009       0.348515
0.0520009       0.353491
0.0530009       0.358406
0.0540009       0.363263
0.0550009       0.368061
0.0560009       0.372802
0.0570009       0.377486
0.0580009       0.382113
0.0590009       0.386684
0.0600009         0.3912
0.0610009        0.39566
0.0620009       0.400067
0.0630009       0.404419
0.0640009       0.408719
0.0650009       0.412966
0.0660009        0.41716
0.0670009       0.421303
0.0680009       0.425394
0.0690009       0.429435
0.0700009       0.433426
0.0710009       0.437367
0.0720009       0.441259
0.0730009       0.445102
0.0740009       0.448898
0.0750009       0.452645
0.0760009       0.456345
0.0770009       0.459998
0.0780009       0.463606
0.0790009       0.467167
0.0800009       0.470683
0.0810009       0.474154
0.0820009        0.47758
0.0830009       0.480962
0.0840009       0.484301
0.0850009       0.487597
0.0860009        0.49085
0.0870009        0.49406
0.0880009       0.497229
0.0890009       0.500356
0.0900009       0.503442
0.0910009       0.506488
0.0920009       0.509493
0.0930009       0.512458
0.0940009       0.515384
0.0950009       0.518271
0.0960009       0.521119
0.0970009       0.523929
0.0980009       0.526701
0.0990009       0.529435
0.100001       0.532133
0.101001       0.534793
0.102001       0.537417
0.103001       0.540005
0.104001       0.542558
0.105001       0.545074
0.106001       0.547556
0.107001       0.550004
0.108001       0.552417
0.109001       0.554796
0.110001       0.557141
0.111001       0.559453
0.112001       0.561733
0.113001       0.563979
0.114001       0.566193
0.115001       0.568376
0.116001       0.570526
0.117001       0.572646
0.118001       0.574734
0.119001       0.576791
0.120001       0.578818
0.121001       0.580815
0.122001       0.582782
0.123001        0.58472
0.124001       0.586628
0.125001       0.588508
0.126001       0.590359
0.127001       0.592181
0.128001       0.593976
0.129001       0.595742
0.130001       0.597481
0.131001       0.599193
0.132001       0.600878
0.133001       0.602536
0.134001       0.604167
0.135001       0.605773
0.136001       0.607352
0.137001       0.608906
0.138001       0.610435
0.139001       0.611938
0.140001       0.613416
0.141001        0.61487
0.142001       0.616299
0.143001       0.617704
0.144001       0.619086
0.145001       0.620443
0.146001       0.621777
0.147001       0.623088
0.148001       0.624376
0.149001       0.625641
0.150001       0.626883
0.151001       0.628104
0.152001       0.629302
0.153001       0.630478
0.154001       0.631632
0.155001       0.632766
0.156001       0.633878
0.157001       0.634969
0.158001       0.636039
0.159001       0.637088
0.160001       0.638117
0.161001       0.639126
0.162001       0.640115
0.163001       0.641084
0.164001       0.642034
0.165001       0.642964
0.166001       0.643875
0.167001       0.644767
0.168001        0.64564
0.169001       0.646495
0.170001       0.647331
0.171001       0.648148
0.172001       0.648948
0.173001        0.64973
0.174001       0.650494
0.175001        0.65124
0.176001       0.651969
0.177001       0.652681
0.178001       0.653376
0.179001       0.654054
0.180001       0.654716
0.181001        0.65536
0.182001       0.655989
0.183001       0.656601
0.184001       0.657197
0.185001       0.657777
0.186001       0.658342
0.187001       0.658891
0.188001       0.659425
0.189001       0.659943
0.190001       0.660446
0.191001       0.660934
0.192001       0.661408
0.193001       0.661867
0.194001       0.662311
0.195001       0.662741
0.196001       0.663157
0.197001       0.663558
0.198001       0.663946
0.199001        0.66432
0.200001        0.66468
0.201001       0.665026
0.202001        0.66536
0.203001        0.66568
0.204001       0.665987
0.205001        0.66628
0.206001       0.666561
0.207001        0.66683
0.208001       0.667085
0.209001       0.667328
0.210001       0.667559
0.211001       0.667778
0.212001       0.667984
0.213001       0.668178
0.214001       0.668361
0.215001       0.668531
0.216001       0.668691
0.217001       0.668838
0.218001       0.668974
0.219001       0.669099
0.220001       0.669213
0.221001       0.669315
0.222001       0.669407
0.223001       0.669487
0.224001       0.669557
0.225001       0.669617
0.226001       0.669666
0.227001       0.669704
0.228001       0.669732
0.229001        0.66975
0.230001       0.669757
0.231001       0.669755
0.232001       0.669743
0.233001       0.669721
0.234001       0.669689
0.235001       0.669647
0.236001       0.669596
0.237001       0.669536
0.238001       0.669466
0.239001       0.669387
0.240001       0.669299
0.241001       0.669201
0.242001       0.669095
0.243001        0.66898
0.244001       0.668856
0.245001       0.668723
0.246001       0.668582
0.247001       0.668432
0.248001       0.668274
0.249001       0.668107
0.250001       0.667932
0.251001       0.667749
0.252001       0.667557
0.253001       0.667358
0.254001       0.667151
0.255001       0.666935
0.256001       0.666712
0.257001       0.666482
0.258001       0.666243
0.259001       0.665997
0.260001       0.665744
0.261001       0.665483
0.262001       0.665214
0.263001       0.664939
0.264001       0.664656
0.265001       0.664366
0.266001       0.664069
0.267001       0.663765
0.268001       0.663454
0.269001       0.663137
0.270001       0.662812
0.271001       0.662481
0.272001       0.662143
0.273001       0.661798
0.274001       0.661447
0.275001        0.66109
0.276001       0.660726
0.277001       0.660356
0.278001       0.659979
0.279001       0.659597
0.280001       0.659208
0.281001       0.658813
0.282001       0.658412
0.283001       0.658005
0.284001       0.657593
0.285001       0.657174
0.286001       0.656749
0.287001       0.656319
0.288001       0.655884
0.289001       0.655442
0.290001       0.654995
0.291001       0.654543
0.292001       0.654085
0.293001       0.653621
0.294001       0.653153
0.295001       0.652679
0.296001         0.6522
0.297001       0.651715
0.298001       0.651226
0.299001       0.650731
0.300001       0.650232
0.301001       0.649727
0.302001       0.649218
0.303001       0.648703
0.304001       0.648184
0.305001        0.64766
0.306001       0.647131
0.307001       0.646598
0.308001        0.64606
0.309001       0.645517
0.310001        0.64497
0.311001       0.644418
0.312001       0.643862
0.313001       0.643301
0.314001       0.642737
0.315001       0.642167
0.316001       0.641594
0.317001       0.641016
0.318001       0.640434
0.319001       0.639848
0.320001       0.639257
0.321001       0.638663
0.322001       0.638065
0.323001       0.637462
0.324001       0.636856
0.325001       0.636246
0.326001       0.635631
0.327001       0.635013
0.328001       0.634392
0.329001       0.633766
0.330001       0.633137
0.331001       0.632504
0.332001       0.631867
0.333001       0.631227
0.334001       0.630583
0.335001       0.629936
0.336001       0.629285
0.337001       0.628631
0.338001       0.627973
0.339001       0.627312
0.340001       0.626647
0.341001       0.625979
0.342001       0.625308
0.343001       0.624633
0.344001       0.623956
0.345001       0.623275
0.346001       0.622591
0.347001       0.621904
0.348001       0.621213
0.349001        0.62052
0.350001       0.619823
0.351001       0.619124
0.352001       0.618421
0.353001       0.617716
0.354001       0.617008
0.355001       0.616296
0.356001       0.615582
0.357001       0.614865
0.358001       0.614145
0.359001       0.613423
0.360001       0.612697
0.361001       0.611969
0.362001       0.611238
0.363001       0.610505
0.364001       0.609769
0.365001        0.60903
0.366001       0.608289
0.367001       0.607545
0.368001       0.606798
0.369001       0.606049
0.370001       0.605298
0.371001       0.604544
0.372001       0.603788
0.373001       0.603029
0.374001       0.602268
0.375001       0.601504
0.376001       0.600738
0.377001        0.59997
0.378001       0.599199
0.379001       0.598426
0.380001       0.597651
0.381001       0.596874
0.382001       0.596094
0.383001       0.595312
0.384001       0.594528
0.385001       0.593742
0.386001       0.592954
0.387001       0.592164
0.388001       0.591371
0.389001       0.590577
0.390001        0.58978
0.391001       0.588982
0.392001       0.588181
0.393001       0.587379
0.394001       0.586574
0.395001       0.585768
0.396001       0.584959
0.397001       0.584149
0.398001       0.583337
0.399001       0.582523
0.400001       0.581707
0.401001       0.580889
0.402001        0.58007
0.403001       0.579248
0.404001       0.578425
0.405001         0.5776
0.406001       0.576774
0.407001       0.575946
0.408001       0.575115
0.409001       0.574284
0.410001        0.57345
0.411001       0.572615
0.412001       0.571779
0.413001        0.57094
0.414001         0.5701
0.415001       0.569259
0.416001       0.568416
0.417001       0.567571
0.418001       0.566725
0.419001       0.565877
0.420001       0.565028
0.421001       0.564177
0.422001       0.563325
0.423001       0.562471
0.424001       0.561616
0.425001       0.560759
0.426001       0.559901
0.427001       0.559042
0.428001       0.558181
0.429001       0.557319
0.430001       0.556455
0.431001        0.55559
0.432001       0.554724
0.433001       0.553856
0.434001       0.552987
0.435001       0.552117
0.436001       0.551246
0.437001       0.550373
0.438001       0.549499
0.439001       0.548623
0.440001       0.547747
0.441001       0.546869
0.442001        0.54599
0.443001        0.54511
0.444001       0.544228
0.445001       0.543346
0.446001       0.542462
0.447001       0.541577
0.448001       0.540691
0.449001       0.539804
0.450001       0.538916
0.451001       0.538026
0.452001       0.537136
0.453001       0.536244
0.454001       0.535351
0.455001       0.534458
0.456001       0.533563
0.457001       0.532667
0.458001        0.53177
0.459001       0.530872
0.460001       0.529973
0.461001       0.529073
0.462001       0.528172
0.463001        0.52727
0.464001       0.526367
0.465001       0.525464
0.466001       0.524559
0.467001       0.523653
0.468001       0.522746
0.469001       0.521839
0.470001        0.52093
0.471001       0.520021
0.472001        0.51911
0.473001       0.518199
0.474001       0.517287
0.475001       0.516374
0.476001        0.51546
0.477001       0.514545
0.478001        0.51363
0.479001       0.512713
0.480001       0.511796
0.481001       0.510878
0.482001       0.509959
0.483001       0.509039
0.484001       0.508119
0.485001       0.507198
0.486001       0.506275
0.487001       0.505353
0.488       0.504429
0.489       0.503505
0.49        0.50258
0.491       0.501654
0.492       0.500727
0.493         0.4998
0.494       0.498872
0.495       0.497943
0.496       0.497013
0.497       0.496083
0.498       0.495152
0.499       0.494221
0.5       0.493289
0.501       0.492356
0.502       0.491422
0.503       0.490488
0.504       0.489553
0.505       0.488617
0.506       0.487681
0.507       0.486744
0.508       0.485807
0.509       0.484869
0.51        0.48393
0.511       0.482991
0.512       0.482051
0.513        0.48111
0.514       0.480169
0.515       0.479228
0.516       0.478285
0.517       0.477343
0.518       0.476399
0.519       0.475455
0.52       0.474511
0.521       0.473566
0.522        0.47262
0.523       0.471674
0.524       0.470727
0.525        0.46978
0.526       0.468832
0.527       0.467884
0.528       0.466935
0.529       0.465986
0.53       0.465036
0.531       0.464086
0.532       0.463135
0.533       0.462184
0.534       0.461232
0.535        0.46028
0.536       0.459327
0.537       0.458374
0.538        0.45742
0.539       0.456466
0.54       0.455511
0.541       0.454556
0.542       0.453601
0.543       0.452645
0.544       0.451689
0.545       0.450732
0.546       0.449775
0.547       0.448817
0.548       0.447859
0.549       0.446901
0.55       0.445942
0.551       0.444982
0.552       0.444023
0.553       0.443063
0.554       0.442102
0.555       0.441141
0.556        0.44018
0.557       0.439218
0.558       0.438256
0.559       0.437294
0.56       0.436331
0.561       0.435368
0.562       0.434404
0.563        0.43344
0.564       0.432476
0.565       0.431511
0.566       0.430547
0.567       0.429581
0.568       0.428616
0.569        0.42765
0.57       0.426683
0.571       0.425717
0.572        0.42475
0.573       0.423782
0.574       0.422815
0.575       0.421847
0.576       0.420878
0.577        0.41991
0.578       0.418941
0.579       0.417972
0.58       0.417002
0.581       0.416032
0.582       0.415062
0.583       0.414092
0.584       0.413121
0.585        0.41215
0.586       0.411179
0.587       0.410207
0.588       0.409235
0.589       0.408263
0.59        0.40729
0.591       0.406318
0.592       0.405345
0.593       0.404372
0.594       0.403398
0.595       0.402424
0.596        0.40145
0.597       0.400476
0.598       0.399501
0.599       0.398527
0.6       0.397552
0.601       0.396576
0.602       0.395601
0.603       0.394625
0.604       0.393649
0.605       0.392673
0.606       0.391696
0.607       0.390719
0.608       0.389742
0.609       0.388765
0.61       0.387788
0.611        0.38681
0.612       0.385832
0.613       0.384854
0.614       0.383876
0.615       0.382897
0.616       0.381919
0.617        0.38094
0.618       0.379961
0.619       0.378981
0.62       0.378002
0.621       0.377022
0.622       0.376042
0.623       0.375062
0.624       0.374081
0.625       0.373101
0.626        0.37212
0.627       0.371139
0.628       0.370158
0.629       0.369177
0.63       0.368195
0.631       0.367213
0.632       0.366232
0.633        0.36525
0.634       0.364267
0.635       0.363285
0.636       0.362302
0.637        0.36132
0.638       0.360337
0.639       0.359354
0.64        0.35837
0.641       0.357387
0.642       0.356403
0.643        0.35542
0.644       0.354436
0.645       0.353452
0.646       0.352467
0.647       0.351483
0.648       0.350498
0.649       0.349514
0.65       0.348529
0.651       0.347544
0.652       0.346559
0.653       0.345573
0.654       0.344588
0.655       0.343602
0.656       0.342617
0.657       0.341631
0.658       0.340645
0.659       0.339659
0.66       0.338672
0.661       0.337686
0.662       0.336699
0.663       0.335713
0.664       0.334726
0.665       0.333739
0.666       0.332752
0.667       0.331764
0.668       0.330777
0.669        0.32979
0.67       0.328802
0.671       0.327814
0.672       0.326827
0.673       0.325839
0.674        0.32485
0.675       0.323862
0.676       0.322874
0.677       0.321886
0.678       0.320897
0.679       0.319908
0.68        0.31892
0.681       0.317931
0.682       0.316942
0.683       0.315953
0.684       0.314963
0.685       0.313974
0.686       0.312985
0.687       0.311995
0.688       0.311006
0.689       0.310016
0.69       0.309026
0.691       0.308036
0.692       0.307046
0.693       0.306056
0.694       0.305066
0.695       0.304075
0.696       0.303085
0.697       0.302094
0.698       0.301104
0.699       0.300113
0.7       0.299122
0.701       0.298131
0.702        0.29714
0.703       0.296149
0.704       0.295158
0.705       0.294167
0.706       0.293176
0.707       0.292184
0.708       0.291193
0.709       0.290201
0.71       0.289209
0.711       0.288218
0.712       0.287226
0.713       0.286234
0.714       0.285242
0.715        0.28425
0.716       0.283258
0.717       0.282265
0.718       0.281273
0.719       0.280281
0.72       0.279288
0.721       0.278296
0.722       0.277303
0.723        0.27631
0.724       0.275318
0.725       0.274325
0.726       0.273332
0.727       0.272339
0.728       0.271346
0.729       0.270353
0.73        0.26936
0.731       0.268366
0.732       0.267373
0.733        0.26638
0.734       0.265386
0.735       0.264393
0.736       0.263399
0.737       0.262406
0.738       0.261412
0.739       0.260418
0.74       0.259424
0.741        0.25843
0.742       0.257437
0.743       0.256443
0.744       0.255448
0.745       0.254454
0.746        0.25346
0.747       0.252466
0.748       0.251472
0.749       0.250477
0.75       0.249483
0.751       0.248488
0.752       0.247494
0.753       0.246499
0.754       0.245505
0.755        0.24451
0.756       0.243515
0.757       0.242521
0.758       0.241526
0.759       0.240531
0.76       0.239536
0.761       0.238541
0.762       0.237546
0.763       0.236551
0.764       0.235556
0.765       0.234561
0.766       0.233565
0.767        0.23257
0.768       0.231575
0.769       0.230579
0.77       0.229584
0.771       0.228588
0.772       0.227593
0.773       0.226597
0.774       0.225602
0.775       0.224606
0.776       0.223611
0.777       0.222615
0.778       0.221619
0.779       0.220623
0.78       0.219627
0.781       0.218632
0.782       0.217636
0.783        0.21664
0.784       0.215644
0.785       0.214648
0.786       0.213651
0.787       0.212655
0.788       0.211659
0.789       0.210663
0.79       0.209667
0.791       0.208671
0.792       0.207674
0.793       0.206678
0.794       0.205681
0.795       0.204685
0.796       0.203689
0.797       0.202692
0.798       0.201696
0.799       0.200699
0.8       0.199702
0.801       0.198706
0.802       0.197709
0.803       0.196712
0.804       0.195716
0.805       0.194719
0.806       0.193722
0.807       0.192725
0.808       0.191729
0.809       0.190732
0.81       0.189735
0.811       0.188738
0.812       0.187741
0.813       0.186744
0.814       0.185747
0.815        0.18475
0.816       0.183753
0.817       0.182756
0.818       0.181758
0.819       0.180761
0.82       0.179764
0.821       0.178767
0.822        0.17777
0.823       0.176772
0.824       0.175775
0.825       0.174778
0.826        0.17378
0.827       0.172783
0.828       0.171785
0.829       0.170788
0.83       0.169791
0.831       0.168793
0.832       0.167796
0.833       0.166798
0.834         0.1658
0.835       0.164803
0.836       0.163805
0.837       0.162808
0.838        0.16181
0.839       0.160812
0.84       0.159815
0.841       0.158817
0.842       0.157819
0.843       0.156821
0.844       0.155824
0.845       0.154826
0.846       0.153828
0.847        0.15283
0.848       0.151832
0.849       0.150834
0.85       0.149836
0.851       0.148838
0.852        0.14784
0.853       0.146842
0.854       0.145844
0.855       0.144846
0.856       0.143848
0.857        0.14285
0.858       0.141852
0.859       0.140854
0.86       0.139856
0.861       0.138858
0.862        0.13786
0.863       0.136862
0.864       0.135863
0.865       0.134865
0.866       0.133867
0.867       0.132869
0.868       0.131871
0.869       0.130872
0.87       0.129874
0.871       0.128876
0.872       0.127877
0.873       0.126879
0.874       0.125881
0.875       0.124882
0.876       0.123884
0.877       0.122885
0.878       0.121887
0.879       0.120889
0.88        0.11989
0.881       0.118892
0.882       0.117893
0.883       0.116895
0.884       0.115896
0.885       0.114898
0.886       0.113899
0.887       0.112901
0.888       0.111902
0.889       0.110903
0.89       0.109905
0.891       0.108906
0.892       0.107908
0.893       0.106909
0.894        0.10591
0.895       0.104912
0.896       0.103913
0.897       0.102914
0.898       0.101916
0.899       0.100917
0.9      0.0999182
0.901      0.0989195
0.902      0.0979208
0.903       0.096922
0.904      0.0959232
0.905      0.0949245
0.906      0.0939257
0.907      0.0929269
0.908       0.091928
0.909      0.0909292
0.91      0.0899304
0.911      0.0889315
0.912      0.0879326
0.913      0.0869338
0.914      0.0859349
0.915       0.084936
0.916      0.0839371
0.917      0.0829382
0.918      0.0819392
0.919      0.0809403
0.92      0.0799414
0.921      0.0789424
0.922      0.0779434
0.923      0.0769445
0.924      0.0759455
0.925      0.0749465
0.926      0.0739475
0.927      0.0729485
0.928      0.0719494
0.929      0.0709504
0.93      0.0699514
0.931      0.0689523
0.932      0.0679532
0.933      0.0669542
0.934      0.0659551
0.935       0.064956
0.936      0.0639569
0.937      0.0629578
0.938      0.0619587
0.939      0.0609596
0.94      0.0599604
0.941      0.0589613
0.942      0.0579621
0.943       0.056963
0.944      0.0559638
0.945      0.0549647
0.946      0.0539655
0.947      0.0529663
0.948      0.0519671
0.949      0.0509679
0.95      0.0499687
0.951      0.0489695
0.952      0.0479702
0.953       0.046971
0.954      0.0459718
0.955      0.0449725
0.956      0.0439733
0.957       0.042974
0.958      0.0419747
0.959      0.0409755
0.96      0.0399762
0.961      0.0389769
0.962      0.0379776
0.963      0.0369783
0.964       0.035979
0.965      0.0349797
0.966      0.0339803
0.967       0.032981
0.968      0.0319817
0.969      0.0309823
0.97       0.029983
0.971      0.0289836
0.972      0.0279843
0.973      0.0269849
0.974      0.0259855
0.975      0.0249862
0.976      0.0239868
0.977      0.0229874
0.978       0.021988
0.979      0.0209886
0.98      0.0199892
0.981      0.0189898
0.982      0.0179904
0.983       0.016991
0.984      0.0159915
0.985      0.0149921
0.986      0.0139927
0.987      0.0129932
0.988      0.0119938
0.989      0.0109943
0.99     0.00999485
0.991     0.00899539
0.992     0.00799592
0.993     0.00699645
0.994     0.00599697
0.995     0.00499749
0.996       0.003998
0.997     0.00299851
0.998     0.00199901
0.999    0.000999506
