# First line is the value of n. First column is the values of x, second is values of v. 
1000
0.000999001     0.00912415
0.001998      0.0181495
0.002997      0.0270605
0.003996      0.0358611
0.004995      0.0445548
0.00599401      0.0531445
0.00699301      0.0616325
0.00799201      0.0700209
0.00899101      0.0783114
0.00999001      0.0865055
0.010989      0.0946047
0.011988        0.10261
0.012987       0.110524
0.013986       0.118346
0.014985       0.126078
0.015984       0.133721
0.016983       0.141276
0.017982       0.148745
0.018981       0.156127
0.01998       0.163425
0.020979       0.170639
0.021978        0.17777
0.022977       0.184819
0.023976       0.191787
0.024975       0.198674
0.025974       0.205482
0.026973       0.212211
0.027972       0.218863
0.028971       0.225437
0.02997       0.231936
0.030969       0.238359
0.031968       0.244707
0.032967       0.250982
0.033966       0.257184
0.034965       0.263314
0.035964       0.269372
0.036963       0.275359
0.037962       0.281277
0.038961       0.287125
0.03996       0.292904
0.040959       0.298616
0.041958        0.30426
0.042957       0.309838
0.043956        0.31535
0.044955       0.320797
0.045954       0.326179
0.046953       0.331498
0.047952       0.336753
0.048951       0.341946
0.04995       0.347077
0.050949       0.352146
0.0519481       0.357155
0.0529471       0.362104
0.0539461       0.366993
0.0549451       0.371824
0.0559441       0.376596
0.0569431       0.381311
0.0579421       0.385969
0.0589411        0.39057
0.0599401       0.395115
0.0609391       0.399605
0.0619381        0.40404
0.0629371        0.40842
0.0639361       0.412747
0.0649351       0.417021
0.0659341       0.421242
0.0669331       0.425411
0.0679321       0.429529
0.0689311       0.433595
0.0699301       0.437611
0.0709291       0.441577
0.0719281       0.445493
0.0729271        0.44936
0.0739261       0.453179
0.0749251        0.45695
0.0759241       0.460673
0.0769231       0.464348
0.0779221       0.467978
0.0789211       0.471561
0.0799201       0.475098
0.0809191        0.47859
0.0819181       0.482037
0.0829171        0.48544
0.0839161       0.488799
0.0849151       0.492115
0.0859141       0.495387
0.0869131       0.498617
0.0879121       0.501805
0.0889111       0.504951
0.0899101       0.508056
0.0909091       0.511119
0.0919081       0.514142
0.0929071       0.517126
0.0939061       0.520069
0.0949051       0.522973
0.0959041       0.525838
0.0969031       0.528665
0.0979021       0.531453
0.0989011       0.534204
0.0999001       0.536917
0.100899       0.539593
0.101898       0.542233
0.102897       0.544836
0.103896       0.547404
0.104895       0.549936
0.105894       0.552432
0.106893       0.554894
0.107892       0.557321
0.108891       0.559715
0.10989       0.562074
0.110889         0.5644
0.111888       0.566692
0.112887       0.568952
0.113886        0.57118
0.114885       0.573375
0.115884       0.575538
0.116883        0.57767
0.117882       0.579771
0.118881        0.58184
0.11988       0.583879
0.120879       0.585888
0.121878       0.587867
0.122877       0.589816
0.123876       0.591736
0.124875       0.593627
0.125874       0.595488
0.126873       0.597322
0.127872       0.599127
0.128871       0.600904
0.12987       0.602653
0.130869       0.604375
0.131868        0.60607
0.132867       0.607738
0.133866        0.60938
0.134865       0.610995
0.135864       0.612584
0.136863       0.614147
0.137862       0.615685
0.138861       0.617197
0.13986       0.618684
0.140859       0.620147
0.141858       0.621585
0.142857       0.622998
0.143856       0.624388
0.144855       0.625754
0.145854       0.627096
0.146853       0.628415
0.147852       0.629711
0.148851       0.630984
0.14985       0.632234
0.150849       0.633462
0.151848       0.634667
0.152847       0.635851
0.153846       0.637012
0.154845       0.638153
0.155844       0.639272
0.156843       0.640369
0.157842       0.641446
0.158841       0.642502
0.15984       0.643538
0.160839       0.644553
0.161838       0.645549
0.162837       0.646524
0.163836        0.64748
0.164835       0.648416
0.165834       0.649333
0.166833        0.65023
0.167832       0.651109
0.168831       0.651969
0.16983       0.652811
0.170829       0.653634
0.171828       0.654439
0.172827       0.655226
0.173826       0.655995
0.174825       0.656747
0.175824       0.657481
0.176823       0.658197
0.177822       0.658897
0.178821        0.65958
0.17982       0.660246
0.180819       0.660895
0.181818       0.661528
0.182817       0.662144
0.183816       0.662744
0.184815       0.663329
0.185814       0.663897
0.186813        0.66445
0.187812       0.664988
0.188811        0.66551
0.18981       0.666017
0.190809       0.666509
0.191808       0.666986
0.192807       0.667448
0.193806       0.667896
0.194805       0.668329
0.195804       0.668748
0.196803       0.669153
0.197802       0.669543
0.198801        0.66992
0.1998       0.670283
0.200799       0.670633
0.201798       0.670969
0.202797       0.671291
0.203796       0.671601
0.204795       0.671897
0.205794       0.672181
0.206793       0.672451
0.207792       0.672709
0.208791       0.672955
0.20979       0.673187
0.210789       0.673408
0.211788       0.673616
0.212787       0.673813
0.213786       0.673997
0.214785        0.67417
0.215784       0.674331
0.216783        0.67448
0.217782       0.674618
0.218781       0.674744
0.21978       0.674859
0.220779       0.674963
0.221778       0.675056
0.222777       0.675138
0.223776        0.67521
0.224775        0.67527
0.225774        0.67532
0.226773        0.67536
0.227772       0.675389
0.228771       0.675407
0.22977       0.675416
0.230769       0.675414
0.231768       0.675403
0.232767       0.675382
0.233766        0.67535
0.234765        0.67531
0.235764       0.675259
0.236763       0.675199
0.237762        0.67513
0.238761       0.675051
0.23976       0.674963
0.240759       0.674866
0.241758        0.67476
0.242757       0.674645
0.243756       0.674521
0.244755       0.674389
0.245754       0.674248
0.246753       0.674098
0.247752       0.673939
0.248751       0.673772
0.24975       0.673597
0.250749       0.673414
0.251748       0.673222
0.252747       0.673023
0.253746       0.672815
0.254745       0.672599
0.255744       0.672376
0.256743       0.672144
0.257742       0.671905
0.258741       0.671659
0.25974       0.671405
0.260739       0.671143
0.261738       0.670874
0.262737       0.670598
0.263736       0.670314
0.264735       0.670023
0.265734       0.669725
0.266733       0.669421
0.267732       0.669109
0.268731        0.66879
0.26973       0.668464
0.270729       0.668132
0.271728       0.667793
0.272727       0.667447
0.273726       0.667095
0.274725       0.666736
0.275724       0.666371
0.276723       0.665999
0.277722       0.665621
0.278721       0.665237
0.27972       0.664847
0.280719        0.66445
0.281718       0.664048
0.282717       0.663639
0.283716       0.663225
0.284715       0.662805
0.285714       0.662378
0.286713       0.661947
0.287712       0.661509
0.288711       0.661066
0.28971       0.660617
0.290709       0.660162
0.291708       0.659702
0.292707       0.659237
0.293706       0.658766
0.294705        0.65829
0.295704       0.657809
0.296703       0.657323
0.297702       0.656831
0.298701       0.656334
0.2997       0.655832
0.300699       0.655325
0.301698       0.654814
0.302697       0.654297
0.303696       0.653775
0.304695       0.653249
0.305694       0.652718
0.306693       0.652182
0.307692       0.651641
0.308691       0.651096
0.30969       0.650546
0.310689       0.649992
0.311688       0.649433
0.312687        0.64887
0.313686       0.648302
0.314685        0.64773
0.315684       0.647153
0.316683       0.646573
0.317682       0.645988
0.318681       0.645399
0.31968       0.644806
0.320679       0.644208
0.321678       0.643607
0.322677       0.643002
0.323676       0.642392
0.324675       0.641779
0.325674       0.641162
0.326673        0.64054
0.327672       0.639916
0.328671       0.639287
0.32967       0.638654
0.330669       0.638018
0.331668       0.637378
0.332667       0.636735
0.333666       0.636088
0.334665       0.635437
0.335664       0.634783
0.336663       0.634125
0.337662       0.633464
0.338661       0.632799
0.33966       0.632131
0.340659        0.63146
0.341658       0.630785
0.342657       0.630107
0.343656       0.629426
0.344655       0.628741
0.345654       0.628053
0.346653       0.627362
0.347652       0.626668
0.348651       0.625971
0.34965       0.625271
0.350649       0.624568
0.351648       0.623861
0.352647       0.623152
0.353646        0.62244
0.354645       0.621725
0.355644       0.621007
0.356643       0.620286
0.357642       0.619562
0.358641       0.618836
0.35964       0.618106
0.360639       0.617374
0.361638       0.616639
0.362637       0.615902
0.363636       0.615162
0.364635       0.614419
0.365634       0.613673
0.366633       0.612925
0.367632       0.612175
0.368631       0.611422
0.36963       0.610666
0.370629       0.609908
0.371628       0.609147
0.372627       0.608384
0.373626       0.607618
0.374625        0.60685
0.375624        0.60608
0.376623       0.605307
0.377622       0.604533
0.378621       0.603755
0.37962       0.602976
0.380619       0.602194
0.381618        0.60141
0.382617       0.600624
0.383616       0.599835
0.384615       0.599045
0.385614       0.598252
0.386613       0.597457
0.387612        0.59666
0.388611       0.595861
0.38961        0.59506
0.390609       0.594256
0.391608       0.593451
0.392607       0.592644
0.393606       0.591835
0.394605       0.591024
0.395604       0.590211
0.396603       0.589396
0.397602       0.588579
0.398601        0.58776
0.3996       0.586939
0.400599       0.586117
0.401598       0.585292
0.402597       0.584466
0.403596       0.583638
0.404595       0.582808
0.405594       0.581977
0.406593       0.581144
0.407592       0.580309
0.408591       0.579472
0.40959       0.578633
0.410589       0.577793
0.411588       0.576952
0.412587       0.576108
0.413586       0.575263
0.414585       0.574417
0.415584       0.573569
0.416583       0.572719
0.417582       0.571868
0.418581       0.571015
0.41958        0.57016
0.420579       0.569304
0.421578       0.568447
0.422577       0.567588
0.423576       0.566728
0.424575       0.565866
0.425574       0.565003
0.426573       0.564138
0.427572       0.563272
0.428571       0.562404
0.42957       0.561535
0.430569       0.560665
0.431568       0.559794
0.432567       0.558921
0.433566       0.558046
0.434565       0.557171
0.435564       0.556294
0.436563       0.555416
0.437562       0.554536
0.438561       0.553655
0.43956       0.552773
0.440559        0.55189
0.441558       0.551006
0.442557        0.55012
0.443556       0.549233
0.444555       0.548345
0.445554       0.547456
0.446553       0.546565
0.447552       0.545674
0.448551       0.544781
0.44955       0.543887
0.450549       0.542992
0.451548       0.542096
0.452547       0.541199
0.453546         0.5403
0.454545       0.539401
0.455544         0.5385
0.456543       0.537599
0.457542       0.536696
0.458541       0.535793
0.45954       0.534888
0.460539       0.533982
0.461538       0.533076
0.462537       0.532168
0.463536       0.531259
0.464535        0.53035
0.465534       0.529439
0.466533       0.528528
0.467532       0.527615
0.468531       0.526702
0.46953       0.525787
0.470529       0.524872
0.471528       0.523956
0.472527       0.523039
0.473526       0.522121
0.474525       0.521202
0.475524       0.520282
0.476523       0.519361
0.477522        0.51844
0.478521       0.517517
0.47952       0.516594
0.480519        0.51567
0.481518       0.514745
0.482517        0.51382
0.483516       0.512893
0.484515       0.511966
0.485514       0.511038
0.486513       0.510109
0.487512       0.509179
0.488511       0.508249
0.48951       0.507318
0.490509       0.506386
0.491508       0.505453
0.492507        0.50452
0.493506       0.503586
0.494505       0.502651
0.495504       0.501715
0.496503       0.500779
0.497502       0.499842
0.498501       0.498904
0.4995       0.497966
0.500499       0.497027
0.501498       0.496087
0.502497       0.495147
0.503496       0.494206
0.504495       0.493264
0.505494       0.492321
0.506493       0.491378
0.507492       0.490435
0.508491        0.48949
0.50949       0.488545
0.510489         0.4876
0.511488       0.486654
0.512487       0.485707
0.513486        0.48476
0.514486       0.483812
0.515485       0.482863
0.516484       0.481914
0.517483       0.480964
0.518482       0.480014
0.519481       0.479063
0.52048       0.478112
0.521479        0.47716
0.522478       0.476207
0.523477       0.475254
0.524476       0.474301
0.525475       0.473346
0.526474       0.472392
0.527473       0.471437
0.528472       0.470481
0.529471       0.469525
0.53047       0.468568
0.531469       0.467611
0.532468       0.466653
0.533467       0.465695
0.534466       0.464736
0.535465       0.463777
0.536464       0.462817
0.537463       0.461857
0.538462       0.460897
0.539461       0.459936
0.54046       0.458974
0.541459       0.458012
0.542458        0.45705
0.543457       0.456087
0.544456       0.455123
0.545455        0.45416
0.546454       0.453195
0.547453       0.452231
0.548452       0.451266
0.549451         0.4503
0.55045       0.449335
0.551449       0.448368
0.552448       0.447402
0.553447       0.446434
0.554446       0.445467
0.555445       0.444499
0.556444       0.443531
0.557443       0.442562
0.558442       0.441593
0.559441       0.440624
0.56044       0.439654
0.561439       0.438684
0.562438       0.437713
0.563437       0.436742
0.564436       0.435771
0.565435       0.434799
0.566434       0.433827
0.567433       0.432855
0.568432       0.431882
0.569431       0.430909
0.57043       0.429936
0.571429       0.428962
0.572428       0.427988
0.573427       0.427014
0.574426       0.426039
0.575425       0.425064
0.576424       0.424088
0.577423       0.423113
0.578422       0.422137
0.579421        0.42116
0.58042       0.420184
0.581419       0.419207
0.582418        0.41823
0.583417       0.417252
0.584416       0.416274
0.585415       0.415296
0.586414       0.414318
0.587413       0.413339
0.588412        0.41236
0.589411       0.411381
0.59041       0.410401
0.591409       0.409422
0.592408       0.408441
0.593407       0.407461
0.594406        0.40648
0.595405         0.4055
0.596404       0.404518
0.597403       0.403537
0.598402       0.402555
0.599401       0.401573
0.6004       0.400591
0.601399       0.399609
0.602398       0.398626
0.603397       0.397643
0.604396        0.39666
0.605395       0.395676
0.606394       0.394693
0.607393       0.393709
0.608392       0.392725
0.609391        0.39174
0.61039       0.390756
0.611389       0.389771
0.612388       0.388786
0.613387       0.387801
0.614386       0.386815
0.615385       0.385829
0.616384       0.384843
0.617383       0.383857
0.618382       0.382871
0.619381       0.381884
0.62038       0.380898
0.621379       0.379911
0.622378       0.378924
0.623377       0.377936
0.624376       0.376949
0.625375       0.375961
0.626374       0.374973
0.627373       0.373985
0.628372       0.372996
0.629371       0.372008
0.63037       0.371019
0.631369        0.37003
0.632368       0.369041
0.633367       0.368052
0.634366       0.367062
0.635365       0.366073
0.636364       0.365083
0.637363       0.364093
0.638362       0.363102
0.639361       0.362112
0.64036       0.361122
0.641359       0.360131
0.642358        0.35914
0.643357       0.358149
0.644356       0.357158
0.645355       0.356166
0.646354       0.355175
0.647353       0.354183
0.648352       0.353191
0.649351       0.352199
0.65035       0.351207
0.651349       0.350215
0.652348       0.349223
0.653347        0.34823
0.654346       0.347237
0.655345       0.346244
0.656344       0.345251
0.657343       0.344258
0.658342       0.343265
0.659341       0.342271
0.66034       0.341278
0.661339       0.340284
0.662338        0.33929
0.663337       0.338296
0.664336       0.337302
0.665335       0.336308
0.666334       0.335313
0.667333       0.334319
0.668332       0.333324
0.669331       0.332329
0.67033       0.331334
0.671329       0.330339
0.672328       0.329344
0.673327       0.328349
0.674326       0.327353
0.675325       0.326358
0.676324       0.325362
0.677323       0.324366
0.678322        0.32337
0.679321       0.322374
0.68032       0.321378
0.681319       0.320382
0.682318       0.319386
0.683317       0.318389
0.684316       0.317392
0.685315       0.316396
0.686314       0.315399
0.687313       0.314402
0.688312       0.313405
0.689311       0.312408
0.69031       0.311411
0.691309       0.310413
0.692308       0.309416
0.693307       0.308418
0.694306       0.307421
0.695305       0.306423
0.696304       0.305425
0.697303       0.304427
0.698302       0.303429
0.699301       0.302431
0.7003       0.301433
0.701299       0.300434
0.702298       0.299436
0.703297       0.298438
0.704296       0.297439
0.705295        0.29644
0.706294       0.295442
0.707293       0.294443
0.708292       0.293444
0.709291       0.292445
0.71029       0.291446
0.711289       0.290446
0.712288       0.289447
0.713287       0.288448
0.714286       0.287448
0.715285       0.286449
0.716284       0.285449
0.717283       0.284449
0.718282        0.28345
0.719281        0.28245
0.72028        0.28145
0.721279        0.28045
0.722278        0.27945
0.723277        0.27845
0.724276       0.277449
0.725275       0.276449
0.726274       0.275449
0.727273       0.274448
0.728272       0.273448
0.729271       0.272447
0.73027       0.271447
0.731269       0.270446
0.732268       0.269445
0.733267       0.268444
0.734266       0.267443
0.735265       0.266442
0.736264       0.265441
0.737263        0.26444
0.738262       0.263439
0.739261       0.262437
0.74026       0.261436
0.741259       0.260435
0.742258       0.259433
0.743257       0.258432
0.744256        0.25743
0.745255       0.256429
0.746254       0.255427
0.747253       0.254425
0.748252       0.253423
0.749251       0.252421
0.75025       0.251419
0.751249       0.250417
0.752248       0.249415
0.753247       0.248413
0.754246       0.247411
0.755245       0.246409
0.756244       0.245407
0.757243       0.244404
0.758242       0.243402
0.759241       0.242399
0.76024       0.241397
0.761239       0.240394
0.762238       0.239392
0.763237       0.238389
0.764236       0.237386
0.765235       0.236384
0.766234       0.235381
0.767233       0.234378
0.768232       0.233375
0.769231       0.232372
0.77023       0.231369
0.771229       0.230366
0.772228       0.229363
0.773227        0.22836
0.774226       0.227357
0.775225       0.226354
0.776224        0.22535
0.777223       0.224347
0.778222       0.223344
0.779221        0.22234
0.78022       0.221337
0.781219       0.220333
0.782218        0.21933
0.783217       0.218326
0.784216       0.217323
0.785215       0.216319
0.786214       0.215315
0.787213       0.214312
0.788212       0.213308
0.789211       0.212304
0.79021         0.2113
0.791209       0.210296
0.792208       0.209292
0.793207       0.208288
0.794206       0.207284
0.795205        0.20628
0.796204       0.205276
0.797203       0.204272
0.798202       0.203268
0.799201       0.202264
0.8002        0.20126
0.801199       0.200255
0.802198       0.199251
0.803197       0.198247
0.804196       0.197242
0.805195       0.196238
0.806194       0.195233
0.807193       0.194229
0.808192       0.193224
0.809191        0.19222
0.81019       0.191215
0.811189       0.190211
0.812188       0.189206
0.813187       0.188202
0.814186       0.187197
0.815185       0.186192
0.816184       0.185187
0.817183       0.184183
0.818182       0.183178
0.819181       0.182173
0.82018       0.181168
0.821179       0.180163
0.822178       0.179158
0.823177       0.178153
0.824176       0.177148
0.825175       0.176143
0.826174       0.175138
0.827173       0.174133
0.828172       0.173128
0.829171       0.172123
0.83017       0.171118
0.831169       0.170113
0.832168       0.169107
0.833167       0.168102
0.834166       0.167097
0.835165       0.166092
0.836164       0.165086
0.837163       0.164081
0.838162       0.163076
0.839161        0.16207
0.84016       0.161065
0.841159       0.160059
0.842158       0.159054
0.843157       0.158048
0.844156       0.157043
0.845155       0.156037
0.846154       0.155032
0.847153       0.154026
0.848152       0.153021
0.849151       0.152015
0.85015       0.151009
0.851149       0.150004
0.852148       0.148998
0.853147       0.147992
0.854146       0.146987
0.855145       0.145981
0.856144       0.144975
0.857143       0.143969
0.858142       0.142964
0.859141       0.141958
0.86014       0.140952
0.861139       0.139946
0.862138        0.13894
0.863137       0.137934
0.864136       0.136928
0.865135       0.135922
0.866134       0.134916
0.867133        0.13391
0.868132       0.132904
0.869131       0.131898
0.87013       0.130892
0.871129       0.129886
0.872128        0.12888
0.873127       0.127874
0.874126       0.126868
0.875125       0.125862
0.876124       0.124856
0.877123        0.12385
0.878122       0.122843
0.879121       0.121837
0.88012       0.120831
0.881119       0.119825
0.882118       0.118819
0.883117       0.117812
0.884116       0.116806
0.885115         0.1158
0.886114       0.114793
0.887113       0.113787
0.888112       0.112781
0.889111       0.111774
0.89011       0.110768
0.891109       0.109762
0.892108       0.108755
0.893107       0.107749
0.894106       0.106742
0.895105       0.105736
0.896104        0.10473
0.897103       0.103723
0.898102       0.102717
0.899101        0.10171
0.9001       0.100704
0.901099       0.099697
0.902098      0.0986905
0.903097      0.0976839
0.904096      0.0966774
0.905095      0.0956708
0.906094      0.0946642
0.907093      0.0936576
0.908092       0.092651
0.909091      0.0916443
0.91009      0.0906377
0.911089       0.089631
0.912088      0.0886244
0.913087      0.0876177
0.914086       0.086611
0.915085      0.0856043
0.916084      0.0845976
0.917083      0.0835908
0.918082      0.0825841
0.919081      0.0815773
0.92008      0.0805706
0.921079      0.0795638
0.922078       0.078557
0.923077      0.0775502
0.924076      0.0765434
0.925075      0.0755366
0.926074      0.0745297
0.927073      0.0735229
0.928072       0.072516
0.929071      0.0715092
0.93007      0.0705023
0.931069      0.0694954
0.932068      0.0684885
0.933067      0.0674816
0.934066      0.0664747
0.935065      0.0654678
0.936064      0.0644609
0.937063      0.0634539
0.938062       0.062447
0.939061        0.06144
0.94006       0.060433
0.941059       0.059426
0.942058       0.058419
0.943057       0.057412
0.944056       0.056405
0.945055       0.055398
0.946054       0.054391
0.947053      0.0533839
0.948052      0.0523769
0.949051      0.0513698
0.95005      0.0503628
0.951049      0.0493557
0.952048      0.0483486
0.953047      0.0473415
0.954046      0.0463344
0.955045      0.0453273
0.956044      0.0443202
0.957043      0.0433131
0.958042       0.042306
0.959041      0.0412988
0.96004      0.0402917
0.961039      0.0392845
0.962038      0.0382774
0.963037      0.0372702
0.964036       0.036263
0.965035      0.0352558
0.966034      0.0342486
0.967033      0.0332414
0.968032      0.0322342
0.969031       0.031227
0.97003      0.0302198
0.971029      0.0292125
0.972028      0.0282053
0.973027      0.0271981
0.974026      0.0261908
0.975025      0.0251836
0.976024      0.0241763
0.977023       0.023169
0.978022      0.0221617
0.979021      0.0211545
0.98002      0.0201472
0.981019      0.0191399
0.982018      0.0181326
0.983017      0.0171252
0.984016      0.0161179
0.985015      0.0151106
0.986014      0.0141033
0.987013      0.0130959
0.988012      0.0120886
0.989011      0.0110812
0.99001      0.0100739
0.991009     0.00906652
0.992008     0.00805915
0.993007     0.00705178
0.994006      0.0060444
0.995005     0.00503701
0.996004     0.00402962
0.997003     0.00302222
0.998002     0.00201482
0.999001     0.00100741
