# First line is the value of n, number of points plotted, respectively 
100              0
0     0.09525386
0.01010101     0.18030468
0.02020202     0.25613273
0.03030303     0.32362409
0.04040404     0.38357973
0.050505051     0.43672364
0.060606061     0.48371027
0.070707071     0.52513118
0.080808081     0.56152112
0.090909091     0.59336343
0.1010101     0.62109503
0.11111111     0.64511087
0.12121212     0.66576794
0.13131313     0.68338894
0.14141414     0.69826556
0.15151515     0.71066147
0.16161616     0.72081501
0.17171717     0.72894161
0.18181818     0.73523602
0.19191919     0.73987427
0.2020202     0.74301547
0.21212121     0.74480346
0.22222222     0.74536824
0.23232323     0.74482734
0.24242424     0.74328698
0.25252525      0.7408432
0.26262626     0.73758278
0.27272727     0.73358419
0.28282828     0.72891835
0.29292929     0.72364936
0.3030303     0.71783518
0.31313131     0.71152817
0.32323232      0.7047757
0.33333333     0.69762056
0.34343434     0.69010144
0.35353535      0.6822533
0.36363636     0.67410776
0.37373737     0.66569339
0.38383838     0.65703601
0.39393939     0.64815899
0.4040404     0.63908341
0.41414141     0.62982836
0.42424242     0.62041107
0.43434343     0.61084714
0.44444444     0.60115065
0.45454545     0.59133435
0.46464646     0.58140973
0.47474747     0.57138721
0.48484848      0.5612762
0.49494949     0.55108519
0.50505051     0.54082187
0.51515152     0.53049319
0.52525253     0.52010542
0.53535354     0.50966426
0.54545455     0.49917481
0.55555556     0.48864173
0.56565657     0.47806921
0.57575758     0.46746103
0.58585859     0.45682063
0.5959596     0.44615109
0.60606061     0.43545521
0.61616162     0.42473554
0.62626263     0.41399434
0.63636364      0.4032337
0.64646465     0.39245548
0.65656566     0.38166136
0.66666667     0.37085288
0.67676768     0.36003142
0.68686869     0.34919822
0.6969697     0.33835441
0.70707071       0.327501
0.71717172     0.31663893
0.72727273     0.30576903
0.73737374     0.29489204
0.74747475     0.28400865
0.75757576     0.27311947
0.76767677     0.26222506
0.77777778     0.25132592
0.78787879      0.2404225
0.7979798     0.22951522
0.80808081     0.21860445
0.81818182     0.20769052
0.82828283     0.19677374
0.83838384     0.18585438
0.84848485     0.17493269
0.85858586     0.16400889
0.86868687     0.15308318
0.87878788     0.14215576
0.88888889     0.13122677
0.8989899     0.12029638
0.90909091     0.10936472
0.91919192    0.098431904
0.92929293    0.087498051
0.93939394    0.076563259
0.94949495    0.065627618
0.95959596     0.05469121
0.96969697    0.043754107
0.97979798    0.032816378
0.98989899    0.021878081
1    0.010939272
