# First line is the value of n, number of points plotted, respectively 
1000              1
0   0.0090511956
0.001001001    0.018002191
0.002002002    0.026853984
0.003003003    0.035607563
0.004004004    0.044263905
0.005005005    0.052823981
0.006006006    0.061288747
0.007007007    0.069659154
0.008008008    0.077936142
0.009009009     0.08612064
0.01001001    0.094213571
0.011011011     0.10221585
0.012012012     0.11012837
0.013013013     0.11795203
0.014014014     0.12568772
0.015015015     0.13333631
0.016016016     0.14089867
0.017017017     0.14837566
0.018018018     0.15576813
0.019019019     0.16307692
0.02002002     0.17030286
0.021021021     0.17744678
0.022022022      0.1845095
0.023023023     0.19149182
0.024024024     0.19839455
0.025025025     0.20521848
0.026026026     0.21196439
0.027027027     0.21863307
0.028028028     0.22522527
0.029029029     0.23174176
0.03003003      0.2381833
0.031031031     0.24455063
0.032032032     0.25084449
0.033033033     0.25706562
0.034034034     0.26321473
0.035035035     0.26929255
0.036036036     0.27529978
0.037037037     0.28123713
0.038038038     0.28710529
0.039039039     0.29290496
0.04004004     0.29863681
0.041041041     0.30430153
0.042042042     0.30989977
0.043043043      0.3154322
0.044044044     0.32089948
0.045045045     0.32630226
0.046046046     0.33164117
0.047047047     0.33691686
0.048048048     0.34212995
0.049049049     0.34728107
0.05005005     0.35237084
0.051051051     0.35739986
0.052052052     0.36236874
0.053053053     0.36727808
0.054054054     0.37212847
0.055055055     0.37692051
0.056056056     0.38165476
0.057057057     0.38633182
0.058058058     0.39095223
0.059059059     0.39551658
0.06006006     0.40002542
0.061061061      0.4044793
0.062062062     0.40887877
0.063063063     0.41322437
0.064064064     0.41751664
0.065065065     0.42175611
0.066066066      0.4259433
0.067067067     0.43007874
0.068068068     0.43416294
0.069069069     0.43819641
0.07007007     0.44217966
0.071071071     0.44611318
0.072072072     0.44999748
0.073073073     0.45383303
0.074074074     0.45762034
0.075075075     0.46135988
0.076076076     0.46505211
0.077077077     0.46869753
0.078078078     0.47229658
0.079079079     0.47584974
0.08008008     0.47935746
0.081081081      0.4828202
0.082082082     0.48623839
0.083083083     0.48961249
0.084084084     0.49294293
0.085085085     0.49623016
0.086086086     0.49947459
0.087087087     0.50267665
0.088088088     0.50583678
0.089089089     0.50895538
0.09009009     0.51203287
0.091091091     0.51506965
0.092092092     0.51806614
0.093093093     0.52102274
0.094094094     0.52393984
0.095095095     0.52681783
0.096096096     0.52965711
0.097097097     0.53245806
0.098098098     0.53522106
0.099099099     0.53794649
0.1001001     0.54063473
0.1011011     0.54328614
0.1021021      0.5459011
0.1031031     0.54847996
0.1041041     0.55102308
0.10510511     0.55353083
0.10610611     0.55600355
0.10710711     0.55844159
0.10810811      0.5608453
0.10910911     0.56321501
0.11011011     0.56555108
0.11111111     0.56785382
0.11211211     0.57012359
0.11311311     0.57236069
0.11411411     0.57456546
0.11511512     0.57673823
0.11611612      0.5788793
0.11711712       0.580989
0.11811812     0.58306764
0.11911912     0.58511552
0.12012012     0.58713296
0.12112112     0.58912025
0.12212212      0.5910777
0.12312312     0.59300561
0.12412412     0.59490426
0.12512513     0.59677395
0.12612613     0.59861497
0.12712713      0.6004276
0.12812813     0.60221213
0.12912913     0.60396884
0.13013013       0.605698
0.13113113     0.60739988
0.13213213     0.60907477
0.13313313     0.61072292
0.13413413     0.61234461
0.13513514      0.6139401
0.13613614     0.61550965
0.13713714     0.61705351
0.13813814     0.61857195
0.13913914     0.62006521
0.14014014     0.62153355
0.14114114     0.62297722
0.14214214     0.62439646
0.14314314     0.62579151
0.14414414     0.62716262
0.14514515     0.62851002
0.14614615     0.62983395
0.14714715     0.63113465
0.14814815     0.63241234
0.14914915     0.63366725
0.15015015     0.63489962
0.15115115     0.63610966
0.15215215     0.63729761
0.15315315     0.63846366
0.15415415     0.63960806
0.15515516     0.64073101
0.15615616     0.64183272
0.15715716     0.64291341
0.15815816     0.64397329
0.15915916     0.64501256
0.16016016     0.64603143
0.16116116      0.6470301
0.16216216     0.64800877
0.16316316     0.64896765
0.16416416     0.64990693
0.16516517      0.6508268
0.16616617     0.65172746
0.16716717     0.65260911
0.16816817     0.65347192
0.16916917     0.65431608
0.17017017     0.65514179
0.17117117     0.65594923
0.17217217     0.65673857
0.17317317        0.65751
0.17417417      0.6582637
0.17517518     0.65899984
0.17617618      0.6597186
0.17717718     0.66042015
0.17817818     0.66110467
0.17917918     0.66177231
0.18018018     0.66242326
0.18118118     0.66305768
0.18218218     0.66367572
0.18318318     0.66427756
0.18418418     0.66486336
0.18518519     0.66543327
0.18618619     0.66598746
0.18718719     0.66652607
0.18818819     0.66704927
0.18918919     0.66755722
0.19019019     0.66805005
0.19119119     0.66852792
0.19219219     0.66899099
0.19319319     0.66943939
0.19419419     0.66987328
0.1951952     0.67029279
0.1961962     0.67069808
0.1971972     0.67108928
0.1981982     0.67146654
0.1991992     0.67182998
0.2002002     0.67217976
0.2012012     0.67251601
0.2022022     0.67283885
0.2032032     0.67314843
0.2042042     0.67344488
0.20520521     0.67372833
0.20620621      0.6739989
0.20720721     0.67425673
0.20820821     0.67450194
0.20920921     0.67473465
0.21021021     0.67495501
0.21121121     0.67516311
0.21221221      0.6753591
0.21321321     0.67554308
0.21421421     0.67571518
0.21521522     0.67587551
0.21621622      0.6760242
0.21721722     0.67616136
0.21821822      0.6762871
0.21921922     0.67640154
0.22022022      0.6765048
0.22122122     0.67659697
0.22222222     0.67667817
0.22322322     0.67674852
0.22422422     0.67680812
0.22522523     0.67685707
0.22622623     0.67689549
0.22722723     0.67692347
0.22822823     0.67694113
0.22922923     0.67694856
0.23023023     0.67694586
0.23123123     0.67693314
0.23223223      0.6769105
0.23323323     0.67687804
0.23423423     0.67683585
0.23523524     0.67678403
0.23623624     0.67672268
0.23723724     0.67665188
0.23823824     0.67657175
0.23923924     0.67648236
0.24024024     0.67638381
0.24124124      0.6762762
0.24224224      0.6761596
0.24324324     0.67603412
0.24424424     0.67589984
0.24524525     0.67575684
0.24624625     0.67560523
0.24724725     0.67544507
0.24824825     0.67527645
0.24924925     0.67509947
0.25025025      0.6749142
0.25125125     0.67472072
0.25225225     0.67451912
0.25325325     0.67430948
0.25425425     0.67409188
0.25525526      0.6738664
0.25625626     0.67363311
0.25725726      0.6733921
0.25825826     0.67314344
0.25925926      0.6728872
0.26026026     0.67262347
0.26126126     0.67235231
0.26226226      0.6720738
0.26326326     0.67178802
0.26426426     0.67149504
0.26526527     0.67119492
0.26626627     0.67088775
0.26726727     0.67057358
0.26826827     0.67025249
0.26926927     0.66992455
0.27027027     0.66958983
0.27127127     0.66924839
0.27227227     0.66890031
0.27327327     0.66854564
0.27427427     0.66818445
0.27527528     0.66781681
0.27627628     0.66744278
0.27727728     0.66706243
0.27827828     0.66667582
0.27927928     0.66628301
0.28028028     0.66588406
0.28128128     0.66547903
0.28228228     0.66506799
0.28328328       0.664651
0.28428428      0.6642281
0.28528529     0.66379937
0.28628629     0.66336486
0.28728729     0.66292463
0.28828829     0.66247873
0.28928929     0.66202723
0.29029029     0.66157017
0.29129129     0.66110761
0.29229229     0.66063962
0.29329329     0.66016623
0.29429429     0.65968751
0.2952953     0.65920351
0.2962963     0.65871427
0.2972973     0.65821986
0.2982983     0.65772033
0.2992993     0.65721572
0.3003003     0.65670609
0.3013013     0.65619148
0.3023023     0.65567195
0.3033033     0.65514755
0.3043043     0.65461832
0.30530531     0.65408431
0.30630631     0.65354557
0.30730731     0.65300214
0.30830831     0.65245408
0.30930931     0.65190142
0.31031031     0.65134423
0.31131131     0.65078253
0.31231231     0.65021637
0.31331331     0.64964581
0.31431431     0.64907088
0.31531532     0.64849163
0.31631632     0.64790809
0.31731732     0.64732032
0.31831832     0.64672835
0.31931932     0.64613223
0.32032032       0.645532
0.32132132     0.64492769
0.32232232     0.64431935
0.32332332     0.64370703
0.32432432     0.64309075
0.32532533     0.64247056
0.32632633      0.6418465
0.32732733     0.64121861
0.32832833     0.64058691
0.32932933     0.63995147
0.33033033      0.6393123
0.33133133     0.63866944
0.33233233     0.63802294
0.33333333     0.63737283
0.33433433     0.63671915
0.33533534     0.63606192
0.33633634     0.63540119
0.33733734       0.634737
0.33833834     0.63406937
0.33933934     0.63339834
0.34034034     0.63272394
0.34134134     0.63204621
0.34234234     0.63136518
0.34334334     0.63068088
0.34434434     0.62999335
0.34534535     0.62930262
0.34634635     0.62860872
0.34734735     0.62791168
0.34834835     0.62721153
0.34934935     0.62650831
0.35035035     0.62580204
0.35135135     0.62509276
0.35235235     0.62438049
0.35335335     0.62366526
0.35435435     0.62294711
0.35535536     0.62222607
0.35635636     0.62150215
0.35735736      0.6207754
0.35835836     0.62004583
0.35935936     0.61931348
0.36036036     0.61857838
0.36136136     0.61784054
0.36236236     0.61710001
0.36336336      0.6163568
0.36436436     0.61561095
0.36536537     0.61486247
0.36636637      0.6141114
0.36736737     0.61335776
0.36836837     0.61260158
0.36936937     0.61184288
0.37037037     0.61108168
0.37137137     0.61031802
0.37237237     0.60955192
0.37337337     0.60878339
0.37437437     0.60801247
0.37537538     0.60723918
0.37637638     0.60646354
0.37737738     0.60568558
0.37837838     0.60490531
0.37937938     0.60412277
0.38038038     0.60333797
0.38138138     0.60255094
0.38238238      0.6017617
0.38338338     0.60097027
0.38438438     0.60017667
0.38538539     0.59938093
0.38638639     0.59858306
0.38738739     0.59778309
0.38838839     0.59698104
0.38938939     0.59617693
0.39039039     0.59537077
0.39139139      0.5945626
0.39239239     0.59375243
0.39339339     0.59294027
0.39439439     0.59212616
0.3953954      0.5913101
0.3963964     0.59049212
0.3973974     0.58967224
0.3983984     0.58885048
0.3993994     0.58802685
0.4004004     0.58720137
0.4014014     0.58637407
0.4024024     0.58554496
0.4034034     0.58471405
0.4044044     0.58388137
0.40540541     0.58304694
0.40640641     0.58221077
0.40740741     0.58137287
0.40840841     0.58053327
0.40940941     0.57969199
0.41041041     0.57884903
0.41141141     0.57800442
0.41241241     0.57715817
0.41341341      0.5763103
0.41441441     0.57546083
0.41541542     0.57460977
0.41641642     0.57375713
0.41741742     0.57290294
0.41841842     0.57204721
0.41941942     0.57118994
0.42042042     0.57033117
0.42142142      0.5694709
0.42242242     0.56860915
0.42342342     0.56774594
0.42442442     0.56688127
0.42542543     0.56601516
0.42642643     0.56514763
0.42742743     0.56427869
0.42842843     0.56340836
0.42942943     0.56253665
0.43043043     0.56166356
0.43143143     0.56078913
0.43243243     0.55991335
0.43343343     0.55903625
0.43443443     0.55815783
0.43543544     0.55727812
0.43643644     0.55639711
0.43743744     0.55551483
0.43843844     0.55463129
0.43943944      0.5537465
0.44044044     0.55286047
0.44144144     0.55197322
0.44244244     0.55108475
0.44344344     0.55019509
0.44444444     0.54930423
0.44544545      0.5484122
0.44644645       0.547519
0.44744745     0.54662465
0.44844845     0.54572916
0.44944945     0.54483254
0.45045045      0.5439348
0.45145145     0.54303595
0.45245245       0.542136
0.45345345     0.54123497
0.45445445     0.54033286
0.45545546     0.53942969
0.45645646     0.53852546
0.45745746     0.53762019
0.45845846     0.53671389
0.45945946     0.53580656
0.46046046     0.53489822
0.46146146     0.53398888
0.46246246     0.53307855
0.46346346     0.53216723
0.46446446     0.53125494
0.46546547     0.53034169
0.46646647     0.52942748
0.46746747     0.52851233
0.46846847     0.52759624
0.46946947     0.52667923
0.47047047     0.52576131
0.47147147     0.52484247
0.47247247     0.52392274
0.47347347     0.52300212
0.47447447     0.52208062
0.47547548     0.52115824
0.47647648     0.52023501
0.47747748     0.51931092
0.47847848     0.51838598
0.47947948     0.51746021
0.48048048     0.51653361
0.48148148     0.51560619
0.48248248     0.51467795
0.48348348     0.51374891
0.48448448     0.51281908
0.48548549     0.51188845
0.48648649     0.51095705
0.48748749     0.51002487
0.48848849     0.50909193
0.48948949     0.50815823
0.49049049     0.50722377
0.49149149     0.50628858
0.49249249     0.50535265
0.49349349       0.504416
0.49449449     0.50347862
0.4954955     0.50254053
0.4964965     0.50160174
0.4974975     0.50066224
0.4984985     0.49972205
0.4994995     0.49878118
0.5005005     0.49783963
0.5015015     0.49689741
0.5025025     0.49595452
0.5035035     0.49501097
0.5045045     0.49406677
0.50550551     0.49312193
0.50650651     0.49217645
0.50750751     0.49123033
0.50850851     0.49028359
0.50950951     0.48933623
0.51051051     0.48838825
0.51151151     0.48743967
0.51251251     0.48649048
0.51351351      0.4855407
0.51451451     0.48459033
0.51551552     0.48363938
0.51651652     0.48268784
0.51751752     0.48173574
0.51851852     0.48078307
0.51951952     0.47982983
0.52052052     0.47887605
0.52152152     0.47792171
0.52252252     0.47696683
0.52352352      0.4760114
0.52452452     0.47505545
0.52552553     0.47409897
0.52652653     0.47314196
0.52752753     0.47218443
0.52852853      0.4712264
0.52952953     0.47026785
0.53053053     0.46930881
0.53153153     0.46834926
0.53253253     0.46738922
0.53353353      0.4664287
0.53453453     0.46546769
0.53553554     0.46450621
0.53653654     0.46354425
0.53753754     0.46258182
0.53853854     0.46161893
0.53953954     0.46065558
0.54054054     0.45969177
0.54154154     0.45872752
0.54254254     0.45776282
0.54354354     0.45679767
0.54454454     0.45583209
0.54554555     0.45486608
0.54654655     0.45389964
0.54754755     0.45293278
0.54854855      0.4519655
0.54954955      0.4509978
0.55055055     0.45002969
0.55155155     0.44906117
0.55255255     0.44809225
0.55355355     0.44712293
0.55455455     0.44615322
0.55555556     0.44518311
0.55655656     0.44421262
0.55755756     0.44324174
0.55855856     0.44227048
0.55955956     0.44129885
0.56056056     0.44032685
0.56156156     0.43935447
0.56256256     0.43838174
0.56356356     0.43740864
0.56456456     0.43643518
0.56556557     0.43546137
0.56656657     0.43448721
0.56756757      0.4335127
0.56856857     0.43253785
0.56956957     0.43156266
0.57057057     0.43058713
0.57157157     0.42961127
0.57257257     0.42863508
0.57357357     0.42765856
0.57457457     0.42668172
0.57557558     0.42570455
0.57657658     0.42472707
0.57757758     0.42374928
0.57857858     0.42277118
0.57957958     0.42179277
0.58058058     0.42081405
0.58158158     0.41983503
0.58258258     0.41885571
0.58358358      0.4178761
0.58458458      0.4168962
0.58558559       0.415916
0.58658659     0.41493552
0.58758759     0.41395476
0.58858859     0.41297371
0.58958959     0.41199238
0.59059059     0.41101078
0.59159159     0.41002891
0.59259259     0.40904677
0.59359359     0.40806435
0.59459459     0.40708168
0.5955956     0.40609874
0.5965966     0.40511554
0.5975976     0.40413209
0.5985986     0.40314838
0.5995996     0.40216442
0.6006006     0.40118021
0.6016016     0.40019575
0.6026026     0.39921105
0.6036036      0.3982261
0.6046046     0.39724092
0.60560561      0.3962555
0.60660661     0.39526984
0.60760761     0.39428396
0.60860861     0.39329784
0.60960961     0.39231149
0.61061061     0.39132492
0.61161161     0.39033813
0.61261261     0.38935111
0.61361361     0.38836387
0.61461461     0.38737642
0.61561562     0.38638876
0.61661662     0.38540088
0.61761762     0.38441279
0.61861862     0.38342449
0.61961962     0.38243599
0.62062062     0.38144728
0.62162162     0.38045837
0.62262262     0.37946926
0.62362362     0.37847995
0.62462462     0.37749045
0.62562563     0.37650075
0.62662663     0.37551086
0.62762763     0.37452078
0.62862863     0.37353051
0.62962963     0.37254005
0.63063063     0.37154941
0.63163163     0.37055859
0.63263263     0.36956759
0.63363363      0.3685764
0.63463463     0.36758504
0.63563564      0.3665935
0.63663664     0.36560179
0.63763764     0.36460991
0.63863864     0.36361786
0.63963964     0.36262564
0.64064064     0.36163325
0.64164164     0.36064069
0.64264264     0.35964797
0.64364364     0.35865509
0.64464464     0.35766205
0.64564565     0.35666885
0.64664665      0.3556755
0.64764765     0.35468198
0.64864865     0.35368832
0.64964965      0.3526945
0.65065065     0.35170053
0.65165165      0.3507064
0.65265265     0.34971214
0.65365365     0.34871772
0.65465465     0.34772316
0.65565566     0.34672845
0.65665666     0.34573361
0.65765766     0.34473862
0.65865866     0.34374349
0.65965966     0.34274823
0.66066066     0.34175282
0.66166166     0.34075729
0.66266266     0.33976161
0.66366366     0.33876581
0.66466466     0.33776987
0.66566567     0.33677381
0.66666667     0.33577761
0.66766767     0.33478129
0.66866867     0.33378484
0.66966967     0.33278827
0.67067067     0.33179157
0.67167167     0.33079475
0.67267267     0.32979781
0.67367367     0.32880075
0.67467467     0.32780357
0.67567568     0.32680627
0.67667668     0.32580886
0.67767768     0.32481133
0.67867868     0.32381368
0.67967968     0.32281592
0.68068068     0.32181806
0.68168168     0.32082008
0.68268268     0.31982199
0.68368368     0.31882379
0.68468468     0.31782548
0.68568569     0.31682707
0.68668669     0.31582855
0.68768769     0.31482993
0.68868869      0.3138312
0.68968969     0.31283238
0.69069069     0.31183345
0.69169169     0.31083442
0.69269269     0.30983529
0.69369369     0.30883606
0.69469469     0.30783674
0.6956957     0.30683732
0.6966967      0.3058378
0.6976977     0.30483819
0.6986987     0.30383849
0.6996997     0.30283869
0.7007007      0.3018388
0.7017017     0.30083882
0.7027027     0.29983875
0.7037037      0.2988386
0.7047047     0.29783835
0.70570571     0.29683802
0.70670671      0.2958376
0.70770771     0.29483709
0.70870871      0.2938365
0.70970971     0.29283583
0.71071071     0.29183507
0.71171171     0.29083424
0.71271271     0.28983332
0.71371371     0.28883232
0.71471471     0.28783124
0.71571572     0.28683008
0.71671672     0.28582884
0.71771772     0.28482753
0.71871872     0.28382614
0.71971972     0.28282467
0.72072072     0.28182313
0.72172172     0.28082152
0.72272272     0.27981983
0.72372372     0.27881807
0.72472472     0.27781623
0.72572573     0.27681433
0.72672673     0.27581235
0.72772773     0.27481031
0.72872873     0.27380819
0.72972973     0.27280601
0.73073073     0.27180376
0.73173173     0.27080144
0.73273273     0.26979905
0.73373373      0.2687966
0.73473473     0.26779409
0.73573574     0.26679151
0.73673674     0.26578886
0.73773774     0.26478615
0.73873874     0.26378338
0.73973974     0.26278055
0.74074074     0.26177766
0.74174174      0.2607747
0.74274274     0.25977169
0.74374374     0.25876861
0.74474474     0.25776548
0.74574575     0.25676229
0.74674675     0.25575904
0.74774775     0.25475573
0.74874875     0.25375237
0.74974975     0.25274895
0.75075075     0.25174547
0.75175175     0.25074194
0.75275275     0.24973836
0.75375375     0.24873472
0.75475475     0.24773103
0.75575576     0.24672728
0.75675676     0.24572348
0.75775776     0.24471963
0.75875876     0.24371573
0.75975976     0.24271178
0.76076076     0.24170778
0.76176176     0.24070373
0.76276276     0.23969963
0.76376376     0.23869548
0.76476476     0.23769128
0.76576577     0.23668704
0.76676677     0.23568275
0.76776777     0.23467841
0.76876877     0.23367402
0.76976977     0.23266959
0.77077077     0.23166511
0.77177177     0.23066059
0.77277277     0.22965602
0.77377377     0.22865141
0.77477477     0.22764676
0.77577578     0.22664206
0.77677678     0.22563732
0.77777778     0.22463253
0.77877878     0.22362771
0.77977978     0.22262284
0.78078078     0.22161793
0.78178178     0.22061299
0.78278278       0.219608
0.78378378     0.21860297
0.78478478      0.2175979
0.78578579     0.21659279
0.78678679     0.21558764
0.78778779     0.21458246
0.78878879     0.21357724
0.78978979     0.21257198
0.79079079     0.21156668
0.79179179     0.21056135
0.79279279     0.20955597
0.79379379     0.20855057
0.79479479     0.20754512
0.7957958     0.20653965
0.7967968     0.20553413
0.7977978     0.20452859
0.7987988       0.203523
0.7997998     0.20251739
0.8008008     0.20151174
0.8018018     0.20050605
0.8028028     0.19950034
0.8038038     0.19849459
0.8048048     0.19748881
0.80580581     0.19648299
0.80680681     0.19547715
0.80780781     0.19447127
0.80880881     0.19346536
0.80980981     0.19245943
0.81081081     0.19145346
0.81181181     0.19044746
0.81281281     0.18944143
0.81381381     0.18843537
0.81481481     0.18742928
0.81581582     0.18642317
0.81681682     0.18541702
0.81781782     0.18441085
0.81881882     0.18340464
0.81981982     0.18239842
0.82082082     0.18139216
0.82182182     0.18038587
0.82282282     0.17937956
0.82382382     0.17837322
0.82482482     0.17736686
0.82582583     0.17636047
0.82682683     0.17535405
0.82782783     0.17434761
0.82882883     0.17334114
0.82982983     0.17233464
0.83083083     0.17132813
0.83183183     0.17032158
0.83283283     0.16931502
0.83383383     0.16830842
0.83483483     0.16730181
0.83583584     0.16629517
0.83683684     0.16528851
0.83783784     0.16428182
0.83883884     0.16327511
0.83983984     0.16226838
0.84084084     0.16126162
0.84184184     0.16025485
0.84284284     0.15924805
0.84384384     0.15824123
0.84484484     0.15723438
0.84584585     0.15622752
0.84684685     0.15522063
0.84784785     0.15421373
0.84884885      0.1532068
0.84984985     0.15219985
0.85085085     0.15119288
0.85185185      0.1501859
0.85285285     0.14917889
0.85385385     0.14817186
0.85485485     0.14716481
0.85585586     0.14615774
0.85685686     0.14515066
0.85785786     0.14414355
0.85885886     0.14313643
0.85985986     0.14212928
0.86086086     0.14112212
0.86186186     0.14011494
0.86286286     0.13910774
0.86386386     0.13810053
0.86486486      0.1370933
0.86586587     0.13608604
0.86686687     0.13507878
0.86786787     0.13407149
0.86886887     0.13306419
0.86986987     0.13205687
0.87087087     0.13104953
0.87187187     0.13004218
0.87287287     0.12903481
0.87387387     0.12802742
0.87487487     0.12702002
0.87587588      0.1260126
0.87687688     0.12500517
0.87787788     0.12399772
0.87887888     0.12299026
0.87987988     0.12198278
0.88088088     0.12097528
0.88188188     0.11996777
0.88288288     0.11896025
0.88388388     0.11795271
0.88488488     0.11694515
0.88588589     0.11593759
0.88688689        0.11493
0.88788789     0.11392241
0.88888889      0.1129148
0.88988989     0.11190717
0.89089089     0.11089953
0.89189189     0.10989188
0.89289289     0.10888422
0.89389389     0.10787654
0.89489489     0.10686885
0.8958959     0.10586114
0.8968969     0.10485343
0.8978979      0.1038457
0.8988989     0.10283795
0.8998999      0.1018302
0.9009009     0.10082243
0.9019019    0.099814653
0.9029029    0.098806861
0.9039039    0.097799057
0.9049049    0.096791241
0.90590591    0.095783414
0.90690691    0.094775574
0.90790791    0.093767724
0.90890891    0.092759861
0.90990991    0.091751988
0.91091091    0.090744103
0.91191191    0.089736208
0.91291291    0.088728301
0.91391391    0.087720383
0.91491491    0.086712455
0.91591592    0.085704516
0.91691692    0.084696566
0.91791792    0.083688606
0.91891892    0.082680636
0.91991992    0.081672655
0.92092092    0.080664665
0.92192192    0.079656664
0.92292292    0.078648653
0.92392392    0.077640633
0.92492492    0.076632602
0.92592593    0.075624563
0.92692693    0.074616513
0.92792793    0.073608454
0.92892893    0.072600386
0.92992993    0.071592309
0.93093093    0.070584222
0.93193193    0.069576126
0.93293293    0.068568021
0.93393393    0.067559908
0.93493493    0.066551785
0.93593594    0.065543654
0.93693694    0.064535515
0.93793794    0.063527366
0.93893894    0.062519209
0.93993994    0.061511044
0.94094094    0.060502871
0.94194194    0.059494689
0.94294294    0.058486499
0.94394394    0.057478302
0.94494494    0.056470096
0.94594595    0.055461882
0.94694695    0.054453661
0.94794795    0.053445431
0.94894895    0.052437194
0.94994995     0.05142895
0.95095095    0.050420698
0.95195195    0.049412439
0.95295295    0.048404172
0.95395395    0.047395898
0.95495495    0.046387617
0.95595596    0.045379328
0.95695696    0.044371033
0.95795796     0.04336273
0.95895896    0.042354421
0.95995996    0.041346105
0.96096096    0.040337782
0.96196196    0.039329452
0.96296296    0.038321116
0.96396396    0.037312773
0.96496496    0.036304423
0.96596597    0.035296067
0.96696697    0.034287705
0.96796797    0.033279336
0.96896897    0.032270961
0.96996997     0.03126258
0.97097097    0.030254193
0.97197197    0.029245799
0.97297297      0.0282374
0.97397397    0.027228994
0.97497497    0.026220583
0.97597598    0.025212166
0.97697698    0.024203743
0.97797798    0.023195315
0.97897898     0.02218688
0.97997998     0.02117844
0.98098098    0.020169995
0.98198198    0.019161544
0.98298298    0.018153088
0.98398398    0.017144626
0.98498498    0.016136159
0.98598599    0.015127686
0.98698699    0.014119209
0.98798799    0.013110726
0.98898899    0.012102238
0.98998999    0.011093745
0.99099099    0.010085247
0.99199199   0.0090767435
0.99299299   0.0080682355
0.99399399   0.0070597227
0.99499499    0.006051205
0.995996   0.0050426825
0.996997   0.0040341553
0.997998   0.0030256234
0.998999   0.0020170868
1   0.0010085457
