n = 1000
x              v
0      0.0368645
0.001001      0.0736288
0.002002       0.110293
0.003003       0.146857
0.004004       0.183321
0.00500501       0.219686
0.00600601       0.255951
0.00700701       0.292116
0.00800801       0.328182
0.00900901       0.364148
0.01001       0.400015
0.011011       0.435783
0.012012       0.471451
0.013013       0.507021
0.014014       0.542492
0.015015       0.577864
0.016016       0.613137
0.017017       0.648312
0.018018       0.683388
0.019019       0.718365
0.02002       0.753245
0.021021       0.788026
0.022022       0.822709
0.023023       0.857294
0.024024       0.891781
0.025025       0.926171
0.026026       0.960462
0.027027       0.994656
0.028028        1.02875
0.029029        1.06275
0.03003        1.09665
0.031031        1.13046
0.032032        1.16417
0.033033        1.19778
0.034034        1.23129
0.035035        1.26471
0.036036        1.29802
0.037037        1.33125
0.038038        1.36437
0.039039         1.3974
0.04004        1.43034
0.041041        1.46318
0.042042        1.49592
0.043043        1.52856
0.044044        1.56111
0.045045        1.59356
0.046046        1.62592
0.047047        1.65818
0.048048        1.69035
0.049049        1.72242
0.0500501         1.7544
0.0510511        1.78628
0.0520521        1.81806
0.0530531        1.84975
0.0540541        1.88135
0.0550551        1.91285
0.0560561        1.94425
0.0570571        1.97556
0.0580581        2.00678
0.0590591         2.0379
0.0600601        2.06892
0.0610611        2.09986
0.0620621        2.13069
0.0630631        2.16144
0.0640641        2.19209
0.0650651        2.22264
0.0660661         2.2531
0.0670671        2.28347
0.0680681        2.31375
0.0690691        2.34393
0.0700701        2.37401
0.0710711        2.40401
0.0720721        2.43391
0.0730731        2.46372
0.0740741        2.49343
0.0750751        2.52305
0.0760761        2.55258
0.0770771        2.58201
0.0780781        2.61136
0.0790791        2.64061
0.0800801        2.66976
0.0810811        2.69883
0.0820821         2.7278
0.0830831        2.75668
0.0840841        2.78547
0.0850851        2.81416
0.0860861        2.84277
0.0870871        2.87128
0.0880881         2.8997
0.0890891        2.92803
0.0900901        2.95626
0.0910911        2.98441
0.0920921        3.01246
0.0930931        3.04042
0.0940941        3.06829
0.0950951        3.09607
0.0960961        3.12376
0.0970971        3.15136
0.0980981        3.17887
0.0990991        3.20628
0.1001        3.23361
0.101101        3.26084
0.102102        3.28798
0.103103        3.31504
0.104104          3.342
0.105105        3.36887
0.106106        3.39566
0.107107        3.42235
0.108108        3.44895
0.109109        3.47546
0.11011        3.50188
0.111111        3.52822
0.112112        3.55446
0.113113        3.58061
0.114114        3.60668
0.115115        3.63265
0.116116        3.65854
0.117117        3.68433
0.118118        3.71004
0.119119        3.73566
0.12012        3.76119
0.121121        3.78663
0.122122        3.81198
0.123123        3.83724
0.124124        3.86241
0.125125         3.8875
0.126126         3.9125
0.127127        3.93741
0.128128        3.96223
0.129129        3.98696
0.13013         4.0116
0.131131        4.03616
0.132132        4.06063
0.133133        4.08501
0.134134         4.1093
0.135135        4.13351
0.136136        4.15762
0.137137        4.18165
0.138138         4.2056
0.139139        4.22945
0.14014        4.25322
0.141141         4.2769
0.142142         4.3005
0.143143          4.324
0.144144        4.34742
0.145145        4.37076
0.146146        4.39401
0.147147        4.41717
0.148148        4.44024
0.149149        4.46323
0.15015        4.48613
0.151151        4.50895
0.152152        4.53167
0.153153        4.55432
0.154154        4.57687
0.155155        4.59935
0.156156        4.62173
0.157157        4.64403
0.158158        4.66624
0.159159        4.68837
0.16016        4.71042
0.161161        4.73237
0.162162        4.75425
0.163163        4.77603
0.164164        4.79773
0.165165        4.81935
0.166166        4.84088
0.167167        4.86233
0.168168        4.88369
0.169169        4.90497
0.17017        4.92616
0.171171        4.94727
0.172172         4.9683
0.173173        4.98924
0.174174        5.01009
0.175175        5.03086
0.176176        5.05155
0.177177        5.07215
0.178178        5.09267
0.179179        5.11311
0.18018        5.13346
0.181181        5.15373
0.182182        5.17391
0.183183        5.19401
0.184184        5.21403
0.185185        5.23397
0.186186        5.25382
0.187187        5.27358
0.188188        5.29327
0.189189        5.31287
0.19019        5.33239
0.191191        5.35182
0.192192        5.37118
0.193193        5.39045
0.194194        5.40964
0.195195        5.42874
0.196196        5.44776
0.197197         5.4667
0.198198        5.48556
0.199199        5.50434
0.2002        5.52303
0.201201        5.54164
0.202202        5.56017
0.203203        5.57862
0.204204        5.59699
0.205205        5.61527
0.206206        5.63348
0.207207         5.6516
0.208208        5.66964
0.209209         5.6876
0.21021        5.70547
0.211211        5.72327
0.212212        5.74099
0.213213        5.75862
0.214214        5.77617
0.215215        5.79364
0.216216        5.81104
0.217217        5.82835
0.218218        5.84558
0.219219        5.86273
0.22022         5.8798
0.221221        5.89678
0.222222        5.91369
0.223223        5.93052
0.224224        5.94727
0.225225        5.96394
0.226226        5.98052
0.227227        5.99703
0.228228        6.01346
0.229229        6.02981
0.23023        6.04608
0.231231        6.06227
0.232232        6.07838
0.233233        6.09441
0.234234        6.11036
0.235235        6.12623
0.236236        6.14202
0.237237        6.15773
0.238238        6.17337
0.239239        6.18892
0.24024         6.2044
0.241241         6.2198
0.242242        6.23512
0.243243        6.25036
0.244244        6.26552
0.245245         6.2806
0.246246         6.2956
0.247247        6.31053
0.248248        6.32538
0.249249        6.34015
0.25025        6.35484
0.251251        6.36945
0.252252        6.38399
0.253253        6.39845
0.254254        6.41283
0.255255        6.42713
0.256256        6.44136
0.257257         6.4555
0.258258        6.46957
0.259259        6.48357
0.26026        6.49748
0.261261        6.51132
0.262262        6.52508
0.263263        6.53876
0.264264        6.55237
0.265265         6.5659
0.266266        6.57935
0.267267        6.59273
0.268268        6.60603
0.269269        6.61925
0.27027         6.6324
0.271271        6.64547
0.272272        6.65846
0.273273        6.67138
0.274274        6.68422
0.275275        6.69698
0.276276        6.70967
0.277277        6.72228
0.278278        6.73482
0.279279        6.74728
0.28028        6.75967
0.281281        6.77198
0.282282        6.78421
0.283283        6.79637
0.284284        6.80845
0.285285        6.82046
0.286286        6.83239
0.287287        6.84425
0.288288        6.85603
0.289289        6.86773
0.29029        6.87936
0.291291        6.89092
0.292292         6.9024
0.293293        6.91381
0.294294        6.92514
0.295295         6.9364
0.296296        6.94758
0.297297        6.95869
0.298298        6.96972
0.299299        6.98068
0.3003        6.99157
0.301301        7.00238
0.302302        7.01311
0.303303        7.02378
0.304304        7.03437
0.305305        7.04488
0.306306        7.05532
0.307307        7.06569
0.308308        7.07598
0.309309         7.0862
0.31031        7.09635
0.311311        7.10642
0.312312        7.11642
0.313313        7.12635
0.314314         7.1362
0.315315        7.14598
0.316316        7.15569
0.317317        7.16532
0.318318        7.17488
0.319319        7.18437
0.32032        7.19378
0.321321        7.20313
0.322322         7.2124
0.323323        7.22159
0.324324        7.23072
0.325325        7.23977
0.326326        7.24875
0.327327        7.25766
0.328328        7.26649
0.329329        7.27525
0.33033        7.28394
0.331331        7.29256
0.332332        7.30111
0.333333        7.30959
0.334334        7.31799
0.335335        7.32632
0.336336        7.33458
0.337337        7.34277
0.338338        7.35089
0.339339        7.35893
0.34034         7.3669
0.341341        7.37481
0.342342        7.38264
0.343343         7.3904
0.344344        7.39809
0.345345        7.40571
0.346346        7.41325
0.347347        7.42073
0.348348        7.42814
0.349349        7.43547
0.35035        7.44273
0.351351        7.44993
0.352352        7.45705
0.353353         7.4641
0.354354        7.47109
0.355355          7.478
0.356356        7.48484
0.357357        7.49161
0.358358        7.49831
0.359359        7.50494
0.36036        7.51151
0.361361          7.518
0.362362        7.52442
0.363363        7.53077
0.364364        7.53705
0.365365        7.54327
0.366366        7.54941
0.367367        7.55548
0.368368        7.56149
0.369369        7.56742
0.37037        7.57329
0.371371        7.57909
0.372372        7.58481
0.373373        7.59047
0.374374        7.59606
0.375375        7.60158
0.376376        7.60703
0.377377        7.61242
0.378378        7.61773
0.379379        7.62298
0.38038        7.62815
0.381381        7.63326
0.382382         7.6383
0.383383        7.64327
0.384384        7.64818
0.385385        7.65301
0.386386        7.65778
0.387387        7.66248
0.388388        7.66711
0.389389        7.67167
0.39039        7.67617
0.391391         7.6806
0.392392        7.68496
0.393393        7.68925
0.394394        7.69347
0.395395        7.69763
0.396396        7.70172
0.397397        7.70574
0.398398         7.7097
0.399399        7.71358
0.4004         7.7174
0.401401        7.72116
0.402402        7.72484
0.403403        7.72846
0.404404        7.73201
0.405405         7.7355
0.406406        7.73892
0.407407        7.74227
0.408408        7.74555
0.409409        7.74877
0.41041        7.75192
0.411411        7.75501
0.412412        7.75803
0.413413        7.76098
0.414414        7.76386
0.415415        7.76668
0.416416        7.76944
0.417417        7.77213
0.418418        7.77475
0.419419         7.7773
0.42042        7.77979
0.421421        7.78222
0.422422        7.78458
0.423423        7.78687
0.424424         7.7891
0.425425        7.79126
0.426426        7.79335
0.427427        7.79539
0.428428        7.79735
0.429429        7.79925
0.43043        7.80109
0.431431        7.80286
0.432432        7.80456
0.433433         7.8062
0.434434        7.80777
0.435435        7.80928
0.436436        7.81073
0.437437        7.81211
0.438438        7.81342
0.439439        7.81468
0.44044        7.81586
0.441441        7.81698
0.442442        7.81804
0.443443        7.81903
0.444444        7.81996
0.445445        7.82083
0.446446        7.82163
0.447447        7.82236
0.448448        7.82303
0.449449        7.82364
0.45045        7.82419
0.451451        7.82467
0.452452        7.82508
0.453453        7.82544
0.454454        7.82573
0.455455        7.82595
0.456456        7.82611
0.457457        7.82621
0.458458        7.82625
0.459459        7.82622
0.46046        7.82613
0.461461        7.82597
0.462462        7.82575
0.463463        7.82547
0.464464        7.82513
0.465465        7.82472
0.466466        7.82425
0.467467        7.82372
0.468468        7.82312
0.469469        7.82246
0.47047        7.82174
0.471471        7.82096
0.472472        7.82011
0.473473         7.8192
0.474474        7.81823
0.475475         7.8172
0.476476         7.8161
0.477477        7.81495
0.478478        7.81373
0.479479        7.81244
0.48048         7.8111
0.481481        7.80969
0.482482        7.80823
0.483483         7.8067
0.484484         7.8051
0.485485        7.80345
0.486486        7.80174
0.487487        7.79996
0.488488        7.79812
0.489489        7.79622
0.49049        7.79426
0.491491        7.79224
0.492492        7.79015
0.493493        7.78801
0.494494         7.7858
0.495495        7.78353
0.496496        7.78121
0.497497        7.77882
0.498498        7.77637
0.499499        7.77386
0.500501        7.77128
0.501502        7.76865
0.502503        7.76596
0.503504         7.7632
0.504505        7.76039
0.505506        7.75751
0.506507        7.75458
0.507508        7.75158
0.508509        7.74853
0.50951        7.74541
0.510511        7.74223
0.511512          7.739
0.512513         7.7357
0.513514        7.73234
0.514515        7.72893
0.515516        7.72545
0.516517        7.72191
0.517518        7.71832
0.518519        7.71466
0.51952        7.71094
0.520521        7.70717
0.521522        7.70333
0.522523        7.69944
0.523524        7.69549
0.524525        7.69147
0.525526         7.6874
0.526527        7.68327
0.527528        7.67908
0.528529        7.67483
0.52953        7.67052
0.530531        7.66615
0.531532        7.66172
0.532533        7.65724
0.533534        7.65269
0.534535        7.64809
0.535536        7.64343
0.536537        7.63871
0.537538        7.63393
0.538539        7.62909
0.53954        7.62419
0.540541        7.61924
0.541542        7.61422
0.542543        7.60915
0.543544        7.60402
0.544545        7.59883
0.545546        7.59359
0.546547        7.58828
0.547548        7.58292
0.548549         7.5775
0.54955        7.57202
0.550551        7.56649
0.551552        7.56089
0.552553        7.55524
0.553554        7.54953
0.554555        7.54377
0.555556        7.53794
0.556557        7.53206
0.557558        7.52612
0.558559        7.52013
0.55956        7.51407
0.560561        7.50796
0.561562        7.50179
0.562563        7.49557
0.563564        7.48928
0.564565        7.48295
0.565566        7.47655
0.566567         7.4701
0.567568        7.46359
0.568569        7.45702
0.56957        7.45039
0.570571        7.44371
0.571572        7.43698
0.572573        7.43018
0.573574        7.42333
0.574575        7.41643
0.575576        7.40946
0.576577        7.40244
0.577578        7.39537
0.578579        7.38824
0.57958        7.38105
0.580581         7.3738
0.581582         7.3665
0.582583        7.35915
0.583584        7.35173
0.584585        7.34427
0.585586        7.33674
0.586587        7.32916
0.587588        7.32153
0.588589        7.31383
0.58959        7.30609
0.590591        7.29828
0.591592        7.29043
0.592593        7.28251
0.593594        7.27454
0.594595        7.26652
0.595596        7.25844
0.596597        7.25031
0.597598        7.24212
0.598599        7.23387
0.5996        7.22557
0.600601        7.21722
0.601602        7.20881
0.602603        7.20034
0.603604        7.19182
0.604605        7.18325
0.605606        7.17462
0.606607        7.16593
0.607608        7.15719
0.608609         7.1484
0.60961        7.13955
0.610611        7.13065
0.611612        7.12169
0.612613        7.11268
0.613614        7.10362
0.614615         7.0945
0.615616        7.08532
0.616617         7.0761
0.617618        7.06681
0.618619        7.05748
0.61962        7.04809
0.620621        7.03864
0.621622        7.02915
0.622623         7.0196
0.623624        7.00999
0.624625        7.00033
0.625626        6.99062
0.626627        6.98085
0.627628        6.97103
0.628629        6.96116
0.62963        6.95123
0.630631        6.94125
0.631632        6.93122
0.632633        6.92113
0.633634        6.91099
0.634635         6.9008
0.635636        6.89055
0.636637        6.88025
0.637638         6.8699
0.638639         6.8595
0.63964        6.84904
0.640641        6.83853
0.641642        6.82796
0.642643        6.81735
0.643644        6.80668
0.644645        6.79595
0.645646        6.78518
0.646647        6.77435
0.647648        6.76347
0.648649        6.75254
0.64965        6.74156
0.650651        6.73052
0.651652        6.71943
0.652653        6.70829
0.653654         6.6971
0.654655        6.68585
0.655656        6.67455
0.656657         6.6632
0.657658         6.6518
0.658659        6.64035
0.65966        6.62884
0.660661        6.61729
0.661662        6.60568
0.662663        6.59402
0.663664         6.5823
0.664665        6.57054
0.665666        6.55872
0.666667        6.54686
0.667668        6.53494
0.668669        6.52297
0.66967        6.51095
0.670671        6.49888
0.671672        6.48675
0.672673        6.47458
0.673674        6.46235
0.674675        6.45008
0.675676        6.43775
0.676677        6.42537
0.677678        6.41294
0.678679        6.40046
0.67968        6.38793
0.680681        6.37534
0.681682        6.36271
0.682683        6.35003
0.683684        6.33729
0.684685        6.32451
0.685686        6.31167
0.686687        6.29878
0.687688        6.28585
0.688689        6.27286
0.68969        6.25982
0.690691        6.24674
0.691692         6.2336
0.692693        6.22041
0.693694        6.20717
0.694695        6.19389
0.695696        6.18055
0.696697        6.16716
0.697698        6.15372
0.698699        6.14023
0.6997         6.1267
0.700701        6.11311
0.701702        6.09947
0.702703        6.08578
0.703704        6.07205
0.704705        6.05826
0.705706        6.04443
0.706707        6.03054
0.707708        6.01661
0.708709        6.00262
0.70971        5.98859
0.710711        5.97451
0.711712        5.96038
0.712713        5.94619
0.713714        5.93196
0.714715        5.91769
0.715716        5.90336
0.716717        5.88898
0.717718        5.87455
0.718719        5.86008
0.71972        5.84556
0.720721        5.83098
0.721722        5.81636
0.722723        5.80169
0.723724        5.78697
0.724725        5.77221
0.725726        5.75739
0.726727        5.74253
0.727728        5.72761
0.728729        5.71265
0.72973        5.69764
0.730731        5.68259
0.731732        5.66748
0.732733        5.65233
0.733734        5.63712
0.734735        5.62187
0.735736        5.60657
0.736737        5.59123
0.737738        5.57583
0.738739        5.56039
0.73974         5.5449
0.740741        5.52936
0.741742        5.51378
0.742743        5.49814
0.743744        5.48246
0.744745        5.46673
0.745746        5.45096
0.746747        5.43513
0.747748        5.41926
0.748749        5.40334
0.74975        5.38738
0.750751        5.37136
0.751752         5.3553
0.752753        5.33919
0.753754        5.32304
0.754755        5.30684
0.755756        5.29059
0.756757        5.27429
0.757758        5.25795
0.758759        5.24156
0.75976        5.22512
0.760761        5.20863
0.761762         5.1921
0.762763        5.17552
0.763764         5.1589
0.764765        5.14223
0.765766        5.12551
0.766767        5.10875
0.767768        5.09193
0.768769        5.07508
0.76977        5.05817
0.770771        5.04122
0.771772        5.02422
0.772773        5.00718
0.773774        4.99009
0.774775        4.97296
0.775776        4.95577
0.776777        4.93855
0.777778        4.92127
0.778779        4.90395
0.77978        4.88659
0.780781        4.86917
0.781782        4.85172
0.782783        4.83421
0.783784        4.81666
0.784785        4.79907
0.785786        4.78143
0.786787        4.76374
0.787788        4.74601
0.788789        4.72823
0.78979         4.7104
0.790791        4.69254
0.791792        4.67462
0.792793        4.65666
0.793794        4.63866
0.794795        4.62061
0.795796        4.60251
0.796797        4.58437
0.797798        4.56618
0.798799        4.54795
0.7998        4.52968
0.800801        4.51135
0.801802        4.49299
0.802803        4.47458
0.803804        4.45612
0.804805        4.43762
0.805806        4.41907
0.806807        4.40048
0.807808        4.38185
0.808809        4.36317
0.80981        4.34444
0.810811        4.32567
0.811812        4.30686
0.812813          4.288
0.813814         4.2691
0.814815        4.25015
0.815816        4.23116
0.816817        4.21212
0.817818        4.19304
0.818819        4.17392
0.81982        4.15475
0.820821        4.13554
0.821822        4.11628
0.822823        4.09698
0.823824        4.07764
0.824825        4.05825
0.825826        4.03882
0.826827        4.01934
0.827828        3.99982
0.828829        3.98025
0.82983        3.96065
0.830831          3.941
0.831832         3.9213
0.832833        3.90156
0.833834        3.88178
0.834835        3.86195
0.835836        3.84208
0.836837        3.82217
0.837838        3.80221
0.838839        3.78222
0.83984        3.76217
0.840841        3.74209
0.841842        3.72196
0.842843        3.70178
0.843844        3.68157
0.844845        3.66131
0.845846        3.64101
0.846847        3.62066
0.847848        3.60028
0.848849        3.57984
0.84985        3.55937
0.850851        3.53885
0.851852         3.5183
0.852853        3.49769
0.853854        3.47705
0.854855        3.45636
0.855856        3.43563
0.856857        3.41486
0.857858        3.39404
0.858859        3.37319
0.85986        3.35229
0.860861        3.33134
0.861862        3.31036
0.862863        3.28933
0.863864        3.26826
0.864865        3.24715
0.865866          3.226
0.866867         3.2048
0.867868        3.18356
0.868869        3.16228
0.86987        3.14096
0.870871         3.1196
0.871872        3.09819
0.872873        3.07674
0.873874        3.05525
0.874875        3.03372
0.875876        3.01215
0.876877        2.99053
0.877878        2.96888
0.878879        2.94718
0.87988        2.92544
0.880881        2.90365
0.881882        2.88183
0.882883        2.85997
0.883884        2.83806
0.884885        2.81611
0.885886        2.79412
0.886887        2.77209
0.887888        2.75002
0.888889        2.72791
0.88989        2.70576
0.890891        2.68356
0.891892        2.66132
0.892893        2.63905
0.893894        2.61673
0.894895        2.59437
0.895896        2.57197
0.896897        2.54953
0.897898        2.52705
0.898899        2.50452
0.8999        2.48196
0.900901        2.45936
0.901902        2.43671
0.902903        2.41402
0.903904         2.3913
0.904905        2.36853
0.905906        2.34572
0.906907        2.32288
0.907908        2.29999
0.908909        2.27706
0.90991        2.25409
0.910911        2.23108
0.911912        2.20803
0.912913        2.18494
0.913914        2.16181
0.914915        2.13864
0.915916        2.11543
0.916917        2.09218
0.917918        2.06889
0.918919        2.04556
0.91992        2.02219
0.920921        1.99878
0.921922        1.97532
0.922923        1.95183
0.923924         1.9283
0.924925        1.90473
0.925926        1.88112
0.926927        1.85747
0.927928        1.83379
0.928929        1.81006
0.92993        1.78629
0.930931        1.76248
0.931932        1.73863
0.932933        1.71475
0.933934        1.69082
0.934935        1.66685
0.935936        1.64285
0.936937        1.61881
0.937938        1.59472
0.938939         1.5706
0.93994        1.54644
0.940941        1.52224
0.941942          1.498
0.942943        1.47372
0.943944         1.4494
0.944945        1.42504
0.945946        1.40065
0.946947        1.37621
0.947948        1.35174
0.948949        1.32722
0.94995        1.30267
0.950951        1.27808
0.951952        1.25345
0.952953        1.22878
0.953954        1.20408
0.954955        1.17933
0.955956        1.15455
0.956957        1.12973
0.957958        1.10487
0.958959        1.07997
0.95996        1.05503
0.960961        1.03005
0.961962        1.00504
0.962963       0.979989
0.963964       0.954898
0.964965       0.929769
0.965966       0.904602
0.966967       0.879397
0.967968       0.854154
0.968969       0.828872
0.96997       0.803553
0.970971       0.778196
0.971972         0.7528
0.972973       0.727367
0.973974       0.701896
0.974975       0.676387
0.975976       0.650841
0.976977       0.625256
0.977978       0.599634
0.978979       0.573974
0.97998       0.548277
0.980981       0.522542
0.981982       0.496769
0.982983       0.470959
0.983984       0.445111
0.984985       0.419226
0.985986       0.393303
0.986987       0.367343
0.987988       0.341346
0.988989       0.315312
0.98999        0.28924
0.990991       0.263131
0.991992       0.236984
0.992993       0.210801
0.993994        0.18458
0.994995       0.158323
0.995996       0.132028
0.996997       0.105696
0.997998      0.0793275
0.998999      0.0529219
1      0.0264794
