n = 1000
x              v
0              0
0.001001     0.00920812
0.002002      0.0182669
0.003003      0.0272027
0.004004      0.0360247
0.00500501      0.0447381
0.00600601      0.0533465
0.00700701      0.0618525
0.00800801      0.0702581
0.00900901      0.0785653
0.01001      0.0867757
0.011011      0.0948906
0.012012       0.102912
0.013013        0.11084
0.014014       0.118677
0.015015       0.126423
0.016016        0.13408
0.017017       0.141649
0.018018        0.14913
0.019019       0.156526
0.02002       0.163836
0.021021       0.171062
0.022022       0.178205
0.023023       0.185265
0.024024       0.192244
0.025025       0.199143
0.026026       0.205961
0.027027       0.212701
0.028028       0.219363
0.029029       0.225947
0.03003       0.232455
0.031031       0.238888
0.032032       0.245245
0.033033       0.251529
0.034034       0.257739
0.035035       0.263877
0.036036       0.269944
0.037037       0.275939
0.038038       0.281864
0.039039       0.287719
0.04004       0.293506
0.041041       0.299225
0.042042       0.304876
0.043043        0.31046
0.044044       0.315979
0.045045       0.321432
0.046046        0.32682
0.047047       0.332144
0.048048       0.337405
0.049049       0.342603
0.0500501       0.347739
0.0510511       0.352814
0.0520521       0.357827
0.0530531       0.362781
0.0540541       0.367675
0.0550551        0.37251
0.0560561       0.377286
0.0570571       0.382005
0.0580581       0.386666
0.0590591       0.391271
0.0600601       0.395819
0.0610611       0.400312
0.0620621       0.404751
0.0630631       0.409134
0.0640641       0.413464
0.0650651       0.417741
0.0660661       0.421964
0.0670671       0.426136
0.0680681       0.430256
0.0690691       0.434324
0.0700701       0.438342
0.0710711        0.44231
0.0720721       0.446228
0.0730731       0.450096
0.0740741       0.453917
0.0750751       0.457689
0.0760761       0.461413
0.0770771        0.46509
0.0780781        0.46872
0.0790791       0.472304
0.0800801       0.475842
0.0810811       0.479335
0.0820821       0.482783
0.0830831       0.486186
0.0840841       0.489545
0.0850851       0.492861
0.0860861       0.496134
0.0870871       0.499364
0.0880881       0.502552
0.0890891       0.505697
0.0900901       0.508802
0.0910911       0.511865
0.0920921       0.514888
0.0930931       0.517871
0.0940941       0.520814
0.0950951       0.523717
0.0960961       0.526581
0.0970971       0.529407
0.0980981       0.532195
0.0990991       0.534944
0.1001       0.537657
0.101101       0.540332
0.102102        0.54297
0.103103       0.545572
0.104104       0.548138
0.105105       0.550669
0.106106       0.553164
0.107107       0.555624
0.108108        0.55805
0.109109       0.560442
0.11011       0.562799
0.111111       0.565123
0.112112       0.567414
0.113113       0.569672
0.114114       0.571897
0.115115       0.574091
0.116116       0.576252
0.117117       0.578382
0.118118        0.58048
0.119119       0.582548
0.12012       0.584584
0.121121       0.586591
0.122122       0.588567
0.123123       0.590514
0.124124       0.592431
0.125125       0.594319
0.126126       0.596179
0.127127       0.598009
0.128128       0.599812
0.129129       0.601586
0.13013       0.603333
0.131131       0.605052
0.132132       0.606744
0.133133       0.608409
0.134134       0.610048
0.135135        0.61166
0.136136       0.613246
0.137137       0.614807
0.138138       0.616341
0.139139       0.617851
0.14014       0.619335
0.141141       0.620794
0.142142       0.622229
0.143143        0.62364
0.144144       0.625026
0.145145       0.626389
0.146146       0.627728
0.147147       0.629043
0.148148       0.630336
0.149149       0.631605
0.15015       0.632852
0.151151       0.634077
0.152152       0.635279
0.153153       0.636459
0.154154       0.637618
0.155155       0.638754
0.156156        0.63987
0.157157       0.640964
0.158158       0.642037
0.159159        0.64309
0.16016       0.644122
0.161161       0.645134
0.162162       0.646126
0.163163       0.647098
0.164164        0.64805
0.165165       0.648982
0.166166       0.649895
0.167167        0.65079
0.168168       0.651665
0.169169       0.652521
0.17017       0.653359
0.171171       0.654179
0.172172        0.65498
0.173173       0.655763
0.174174       0.656529
0.175175       0.657276
0.176176       0.658007
0.177177        0.65872
0.178178       0.659416
0.179179       0.660094
0.18018       0.660757
0.181181       0.661402
0.182182       0.662031
0.183183       0.662644
0.184184        0.66324
0.185185       0.663821
0.186186       0.664386
0.187187       0.664935
0.188188       0.665469
0.189189       0.665987
0.19019        0.66649
0.191191       0.666978
0.192192       0.667451
0.193193        0.66791
0.194194       0.668354
0.195195       0.668783
0.196196       0.669198
0.197197       0.669599
0.198198       0.669986
0.199199       0.670359
0.2002       0.670718
0.201201       0.671064
0.202202       0.671396
0.203203       0.671715
0.204204        0.67202
0.205205       0.672313
0.206206       0.672593
0.207207       0.672859
0.208208       0.673114
0.209209       0.673355
0.21021       0.673584
0.211211       0.673801
0.212212       0.674006
0.213213       0.674198
0.214214       0.674379
0.215215       0.674548
0.216216       0.674705
0.217217        0.67485
0.218218       0.674984
0.219219       0.675107
0.22022       0.675218
0.221221       0.675318
0.222222       0.675408
0.223223       0.675486
0.224224       0.675553
0.225225        0.67561
0.226226       0.675656
0.227227       0.675692
0.228228       0.675717
0.229229       0.675732
0.23023       0.675737
0.231231       0.675732
0.232232       0.675717
0.233233       0.675692
0.234234       0.675657
0.235235       0.675612
0.236236       0.675558
0.237237       0.675495
0.238238       0.675422
0.239239       0.675339
0.24024       0.675248
0.241241       0.675147
0.242242       0.675037
0.243243       0.674919
0.244244       0.674791
0.245245       0.674655
0.246246        0.67451
0.247247       0.674357
0.248248       0.674195
0.249249       0.674024
0.25025       0.673845
0.251251       0.673658
0.252252       0.673463
0.253253        0.67326
0.254254       0.673049
0.255255        0.67283
0.256256       0.672603
0.257257       0.672368
0.258258       0.672125
0.259259       0.671875
0.26026       0.671618
0.261261       0.671352
0.262262        0.67108
0.263263         0.6708
0.264264       0.670513
0.265265       0.670219
0.266266       0.669917
0.267267       0.669609
0.268268       0.669294
0.269269       0.668972
0.27027       0.668642
0.271271       0.668307
0.272272       0.667964
0.273273       0.667615
0.274274       0.667259
0.275275       0.666897
0.276276       0.666529
0.277277       0.666154
0.278278       0.665773
0.279279       0.665385
0.28028       0.664991
0.281281       0.664592
0.282282       0.664186
0.283283       0.663774
0.284284       0.663356
0.285285       0.662933
0.286286       0.662503
0.287287       0.662068
0.288288       0.661627
0.289289       0.661181
0.29029       0.660729
0.291291       0.660271
0.292292       0.659808
0.293293        0.65934
0.294294       0.658866
0.295295       0.658386
0.296296       0.657902
0.297297       0.657412
0.298298       0.656918
0.299299       0.656418
0.3003       0.655913
0.301301       0.655403
0.302302       0.654888
0.303303       0.654368
0.304304       0.653843
0.305305       0.653314
0.306306       0.652779
0.307307       0.652241
0.308308       0.651697
0.309309       0.651149
0.31031       0.650596
0.311311       0.650038
0.312312       0.649477
0.313313        0.64891
0.314314        0.64834
0.315315       0.647765
0.316316       0.647185
0.317317       0.646602
0.318318       0.646014
0.319319       0.645422
0.32032       0.644826
0.321321       0.644226
0.322322       0.643621
0.323323       0.643013
0.324324       0.642401
0.325325       0.641784
0.326326       0.641164
0.327327        0.64054
0.328328       0.639913
0.329329       0.639281
0.33033       0.638646
0.331331       0.638007
0.332332       0.637364
0.333333       0.636718
0.334334       0.636068
0.335335       0.635414
0.336336       0.634757
0.337337       0.634097
0.338338       0.633433
0.339339       0.632765
0.34034       0.632095
0.341341       0.631421
0.342342       0.630743
0.343343       0.630062
0.344344       0.629378
0.345345       0.628691
0.346346       0.628001
0.347347       0.627307
0.348348       0.626611
0.349349       0.625911
0.35035       0.625208
0.351351       0.624502
0.352352       0.623793
0.353353       0.623081
0.354354       0.622366
0.355355       0.621649
0.356356       0.620928
0.357357       0.620205
0.358358       0.619478
0.359359       0.618749
0.36036       0.618017
0.361361       0.617283
0.362362       0.616545
0.363363       0.615805
0.364364       0.615063
0.365365       0.614317
0.366366       0.613569
0.367367       0.612819
0.368368       0.612066
0.369369        0.61131
0.37037       0.610552
0.371371       0.609791
0.372372       0.609028
0.373373       0.608262
0.374374       0.607495
0.375375       0.606724
0.376376       0.605951
0.377377       0.605176
0.378378       0.604399
0.379379       0.603619
0.38038       0.602837
0.381381       0.602053
0.382382       0.601267
0.383383       0.600478
0.384384       0.599687
0.385385       0.598895
0.386386       0.598099
0.387387       0.597302
0.388388       0.596503
0.389389       0.595702
0.39039       0.594898
0.391391       0.594093
0.392392       0.593285
0.393393       0.592476
0.394394       0.591664
0.395395       0.590851
0.396396       0.590035
0.397397       0.589218
0.398398       0.588399
0.399399       0.587578
0.4004       0.586755
0.401401        0.58593
0.402402       0.585104
0.403403       0.584275
0.404404       0.583445
0.405405       0.582613
0.406406       0.581779
0.407407       0.580944
0.408408       0.580107
0.409409       0.579268
0.41041       0.578427
0.411411       0.577585
0.412412       0.576741
0.413413       0.575896
0.414414       0.575049
0.415415         0.5742
0.416416        0.57335
0.417417       0.572498
0.418418       0.571644
0.419419       0.570789
0.42042       0.569933
0.421421       0.569075
0.422422       0.568216
0.423423       0.567355
0.424424       0.566492
0.425425       0.565628
0.426426       0.564763
0.427427       0.563896
0.428428       0.563028
0.429429       0.562159
0.43043       0.561288
0.431431       0.560415
0.432432       0.559542
0.433433       0.558667
0.434434        0.55779
0.435435       0.556913
0.436436       0.556034
0.437437       0.555154
0.438438       0.554272
0.439439        0.55339
0.44044       0.552506
0.441441        0.55162
0.442442       0.550734
0.443443       0.549846
0.444444       0.548957
0.445445       0.548067
0.446446       0.547176
0.447447       0.546284
0.448448        0.54539
0.449449       0.544496
0.45045         0.5436
0.451451       0.542703
0.452452       0.541805
0.453453       0.540906
0.454454       0.540006
0.455455       0.539104
0.456456       0.538202
0.457457       0.537299
0.458458       0.536394
0.459459       0.535489
0.46046       0.534582
0.461461       0.533675
0.462462       0.532766
0.463463       0.531857
0.464464       0.530946
0.465465       0.530035
0.466466       0.529122
0.467467       0.528209
0.468468       0.527295
0.469469       0.526379
0.47047       0.525463
0.471471       0.524546
0.472472       0.523628
0.473473       0.522709
0.474474       0.521789
0.475475       0.520869
0.476476       0.519947
0.477477       0.519025
0.478478       0.518102
0.479479       0.517177
0.48048       0.516252
0.481481       0.515327
0.482482         0.5144
0.483483       0.513473
0.484484       0.512544
0.485485       0.511615
0.486486       0.510686
0.487487       0.509755
0.488488       0.508824
0.489489       0.507892
0.49049       0.506959
0.491491       0.506025
0.492492       0.505091
0.493493       0.504156
0.494494        0.50322
0.495495       0.502283
0.496496       0.501346
0.497497       0.500408
0.498498       0.499469
0.499499        0.49853
0.500501        0.49759
0.501502       0.496649
0.502503       0.495708
0.503504       0.494766
0.504505       0.493823
0.505506        0.49288
0.506507       0.491936
0.507508       0.490991
0.508509       0.490046
0.50951         0.4891
0.510511       0.488153
0.511512       0.487206
0.512513       0.486258
0.513514        0.48531
0.514515       0.484361
0.515516       0.483411
0.516517       0.482461
0.517518        0.48151
0.518519       0.480559
0.51952       0.479607
0.520521       0.478655
0.521522       0.477702
0.522523       0.476748
0.523524       0.475794
0.524525       0.474839
0.525526       0.473884
0.526527       0.472929
0.527528       0.471972
0.528529       0.471016
0.52953       0.470058
0.530531       0.469101
0.531532       0.468142
0.532533       0.467184
0.533534       0.466224
0.534535       0.465265
0.535536       0.464304
0.536537       0.463344
0.537538       0.462382
0.538539       0.461421
0.53954       0.460459
0.540541       0.459496
0.541542       0.458533
0.542543       0.457569
0.543544       0.456606
0.544545       0.455641
0.545546       0.454676
0.546547       0.453711
0.547548       0.452745
0.548549       0.451779
0.54955       0.450813
0.550551       0.449846
0.551552       0.448878
0.552553       0.447911
0.553554       0.446942
0.554555       0.445974
0.555556       0.445005
0.556557       0.444035
0.557558       0.443066
0.558559       0.442096
0.55956       0.441125
0.560561       0.440154
0.561562       0.439183
0.562563       0.438211
0.563564       0.437239
0.564565       0.436267
0.565566       0.435294
0.566567       0.434321
0.567568       0.433348
0.568569       0.432374
0.56957         0.4314
0.570571       0.430425
0.571572        0.42945
0.572573       0.428475
0.573574         0.4275
0.574575       0.426524
0.575576       0.425548
0.576577       0.424571
0.577578       0.423594
0.578579       0.422617
0.57958        0.42164
0.580581       0.420662
0.581582       0.419684
0.582583       0.418706
0.583584       0.417727
0.584585       0.416748
0.585586       0.415769
0.586587        0.41479
0.587588        0.41381
0.588589        0.41283
0.58959       0.411849
0.590591       0.410869
0.591592       0.409888
0.592593       0.408906
0.593594       0.407925
0.594595       0.406943
0.595596       0.405961
0.596597       0.404979
0.597598       0.403996
0.598599       0.403014
0.5996        0.40203
0.600601       0.401047
0.601602       0.400064
0.602603        0.39908
0.603604       0.398096
0.604605       0.397111
0.605606       0.396127
0.606607       0.395142
0.607608       0.394157
0.608609       0.393172
0.60961       0.392186
0.610611       0.391201
0.611612       0.390215
0.612613       0.389228
0.613614       0.388242
0.614615       0.387255
0.615616       0.386269
0.616617       0.385282
0.617618       0.384294
0.618619       0.383307
0.61962       0.382319
0.620621       0.381331
0.621622       0.380343
0.622623       0.379355
0.623624       0.378366
0.624625       0.377378
0.625626       0.376389
0.626627         0.3754
0.627628        0.37441
0.628629       0.373421
0.62963       0.372431
0.630631       0.371441
0.631632       0.370451
0.632633       0.369461
0.633634        0.36847
0.634635        0.36748
0.635636       0.366489
0.636637       0.365498
0.637638       0.364507
0.638639       0.363516
0.63964       0.362524
0.640641       0.361532
0.641642       0.360541
0.642643       0.359549
0.643644       0.358556
0.644645       0.357564
0.645646       0.356572
0.646647       0.355579
0.647648       0.354586
0.648649       0.353593
0.64965         0.3526
0.650651       0.351607
0.651652       0.350613
0.652653        0.34962
0.653654       0.348626
0.654655       0.347632
0.655656       0.346638
0.656657       0.345644
0.657658        0.34465
0.658659       0.343655
0.65966       0.342661
0.660661       0.341666
0.661662       0.340671
0.662663       0.339676
0.663664       0.338681
0.664665       0.337685
0.665666        0.33669
0.666667       0.335694
0.667668       0.334699
0.668669       0.333703
0.66967       0.332707
0.670671       0.331711
0.671672       0.330715
0.672673       0.329718
0.673674       0.328722
0.674675       0.327725
0.675676       0.326729
0.676677       0.325732
0.677678       0.324735
0.678679       0.323738
0.67968       0.322741
0.680681       0.321743
0.681682       0.320746
0.682683       0.319749
0.683684       0.318751
0.684685       0.317753
0.685686       0.316755
0.686687       0.315757
0.687688       0.314759
0.688689       0.313761
0.68969       0.312763
0.690691       0.311765
0.691692       0.310766
0.692693       0.309768
0.693694       0.308769
0.694695        0.30777
0.695696       0.306771
0.696697       0.305772
0.697698       0.304773
0.698699       0.303774
0.6997       0.302775
0.700701       0.301775
0.701702       0.300776
0.702703       0.299776
0.703704       0.298777
0.704705       0.297777
0.705706       0.296777
0.706707       0.295777
0.707708       0.294777
0.708709       0.293777
0.70971       0.292777
0.710711       0.291777
0.711712       0.290776
0.712713       0.289776
0.713714       0.288775
0.714715       0.287775
0.715716       0.286774
0.716717       0.285773
0.717718       0.284773
0.718719       0.283772
0.71972       0.282771
0.720721        0.28177
0.721722       0.280768
0.722723       0.279767
0.723724       0.278766
0.724725       0.277765
0.725726       0.276763
0.726727       0.275762
0.727728        0.27476
0.728729       0.273758
0.72973       0.272757
0.730731       0.271755
0.731732       0.270753
0.732733       0.269751
0.733734       0.268749
0.734735       0.267747
0.735736       0.266745
0.736737       0.265743
0.737738        0.26474
0.738739       0.263738
0.73974       0.262735
0.740741       0.261733
0.741742        0.26073
0.742743       0.259728
0.743744       0.258725
0.744745       0.257722
0.745746        0.25672
0.746747       0.255717
0.747748       0.254714
0.748749       0.253711
0.74975       0.252708
0.750751       0.251705
0.751752       0.250702
0.752753       0.249699
0.753754       0.248695
0.754755       0.247692
0.755756       0.246689
0.756757       0.245685
0.757758       0.244682
0.758759       0.243678
0.75976       0.242675
0.760761       0.241671
0.761762       0.240667
0.762763       0.239664
0.763764        0.23866
0.764765       0.237656
0.765766       0.236652
0.766767       0.235648
0.767768       0.234644
0.768769        0.23364
0.76977       0.232636
0.770771       0.231632
0.771772       0.230628
0.772773       0.229624
0.773774       0.228619
0.774775       0.227615
0.775776       0.226611
0.776777       0.225606
0.777778       0.224602
0.778779       0.223597
0.77978       0.222593
0.780781       0.221588
0.781782       0.220584
0.782783       0.219579
0.783784       0.218574
0.784785       0.217569
0.785786       0.216565
0.786787        0.21556
0.787788       0.214555
0.788789        0.21355
0.78979       0.212545
0.790791        0.21154
0.791792       0.210535
0.792793        0.20953
0.793794       0.208525
0.794795        0.20752
0.795796       0.206515
0.796797       0.205509
0.797798       0.204504
0.798799       0.203499
0.7998       0.202493
0.800801       0.201488
0.801802       0.200483
0.802803       0.199477
0.803804       0.198472
0.804805       0.197466
0.805806       0.196461
0.806807       0.195455
0.807808        0.19445
0.808809       0.193444
0.80981       0.192438
0.810811       0.191433
0.811812       0.190427
0.812813       0.189421
0.813814       0.188415
0.814815       0.187409
0.815816       0.186404
0.816817       0.185398
0.817818       0.184392
0.818819       0.183386
0.81982        0.18238
0.820821       0.181374
0.821822       0.180368
0.822823       0.179362
0.823824       0.178356
0.824825       0.177349
0.825826       0.176343
0.826827       0.175337
0.827828       0.174331
0.828829       0.173325
0.82983       0.172318
0.830831       0.171312
0.831832       0.170306
0.832833         0.1693
0.833834       0.168293
0.834835       0.167287
0.835836        0.16628
0.836837       0.165274
0.837838       0.164267
0.838839       0.163261
0.83984       0.162254
0.840841       0.161248
0.841842       0.160241
0.842843       0.159235
0.843844       0.158228
0.844845       0.157221
0.845846       0.156215
0.846847       0.155208
0.847848       0.154201
0.848849       0.153195
0.84985       0.152188
0.850851       0.151181
0.851852       0.150174
0.852853       0.149168
0.853854       0.148161
0.854855       0.147154
0.855856       0.146147
0.856857        0.14514
0.857858       0.144133
0.858859       0.143126
0.85986       0.142119
0.860861       0.141112
0.861862       0.140105
0.862863       0.139098
0.863864       0.138091
0.864865       0.137084
0.865866       0.136077
0.866867        0.13507
0.867868       0.134063
0.868869       0.133056
0.86987       0.132049
0.870871       0.131041
0.871872       0.130034
0.872873       0.129027
0.873874        0.12802
0.874875       0.127013
0.875876       0.126005
0.876877       0.124998
0.877878       0.123991
0.878879       0.122983
0.87988       0.121976
0.880881       0.120969
0.881882       0.119961
0.882883       0.118954
0.883884       0.117947
0.884885       0.116939
0.885886       0.115932
0.886887       0.114924
0.887888       0.113917
0.888889       0.112909
0.88989       0.111902
0.890891       0.110894
0.891892       0.109887
0.892893       0.108879
0.893894       0.107872
0.894895       0.106864
0.895896       0.105857
0.896897       0.104849
0.897898       0.103841
0.898899       0.102834
0.8999       0.101826
0.900901       0.100819
0.901902      0.0998109
0.902903      0.0988033
0.903904      0.0977956
0.904905      0.0967879
0.905906      0.0957802
0.906907      0.0947724
0.907908      0.0937647
0.908909       0.092757
0.90991      0.0917492
0.910911      0.0907414
0.911912      0.0897336
0.912913      0.0887258
0.913914       0.087718
0.914915      0.0867102
0.915916      0.0857023
0.916917      0.0846945
0.917918      0.0836866
0.918919      0.0826788
0.91992      0.0816709
0.920921       0.080663
0.921922      0.0796551
0.922923      0.0786472
0.923924      0.0776392
0.924925      0.0766313
0.925926      0.0756233
0.926927      0.0746154
0.927928      0.0736074
0.928929      0.0725994
0.92993      0.0715914
0.930931      0.0705834
0.931932      0.0695754
0.932933      0.0685674
0.933934      0.0675593
0.934935      0.0665513
0.935936      0.0655432
0.936937      0.0645352
0.937938      0.0635271
0.938939       0.062519
0.93994      0.0615109
0.940941      0.0605028
0.941942      0.0594947
0.942943      0.0584866
0.943944      0.0574784
0.944945      0.0564703
0.945946      0.0554622
0.946947       0.054454
0.947948      0.0534458
0.948949      0.0524376
0.94995      0.0514295
0.950951      0.0504213
0.951952      0.0494131
0.952953      0.0484049
0.953954      0.0473966
0.954955      0.0463884
0.955956      0.0453802
0.956957      0.0443719
0.957958      0.0433637
0.958959      0.0423554
0.95996      0.0413471
0.960961      0.0403389
0.961962      0.0393306
0.962963      0.0383223
0.963964       0.037314
0.964965      0.0363057
0.965966      0.0352974
0.966967       0.034289
0.967968      0.0332807
0.968969      0.0322724
0.96997       0.031264
0.970971      0.0302557
0.971972      0.0292473
0.972973      0.0282389
0.973974      0.0272306
0.974975      0.0262222
0.975976      0.0252138
0.976977      0.0242054
0.977978       0.023197
0.978979      0.0221886
0.97998      0.0211802
0.980981      0.0201718
0.981982      0.0191633
0.982983      0.0181549
0.983984      0.0171465
0.984985       0.016138
0.985986      0.0151296
0.986987      0.0141211
0.987988      0.0131126
0.988989      0.0121042
0.98999      0.0110957
0.990991      0.0100872
0.991992      0.0090787
0.992993      0.0080702
0.993994      0.0070617
0.994995     0.00605319
0.995996     0.00504468
0.996997     0.00403616
0.997998     0.00302763
0.998999      0.0020191
1     0.00101056
