# First line is the value of n 
10000
9.999e-005              0
0.00109989     0.00896672
0.00209979      0.0178279
0.00309969      0.0265886
0.00409959      0.0352507
0.00509949      0.0438156
0.00609939      0.0522846
0.00709929      0.0606586
0.00809919      0.0689389
0.00909909      0.0771263
0.010099       0.085222
0.0110989      0.0932268
0.0120988       0.101142
0.0130987       0.108968
0.0140986       0.116705
0.0150985       0.124356
0.0160984       0.131921
0.0170983         0.1394
0.0180982       0.146794
0.0190981       0.154105
0.020098       0.161333
0.0210979       0.168479
0.0220978       0.175544
0.0230977       0.182528
0.0240976       0.189433
0.0250975       0.196259
0.0260974       0.203008
0.0270973       0.209679
0.0280972       0.216273
0.0290971       0.222792
0.030097       0.229236
0.0310969       0.235606
0.0320968       0.241903
0.0330967       0.248127
0.0340966       0.254279
0.0350965        0.26036
0.0360964        0.26637
0.0370963       0.272311
0.0380962       0.278182
0.0390961       0.283985
0.040096        0.28972
0.0410959       0.295388
0.0420958        0.30099
0.0430957       0.306526
0.0440956       0.311997
0.0450955       0.317404
0.0460954       0.322747
0.0470953       0.328027
0.0480952       0.333244
0.0490951       0.338399
0.050095       0.343493
0.0510949       0.348527
0.0520948         0.3535
0.0530947       0.358414
0.0540946       0.363269
0.0550945       0.368066
0.0560944       0.372805
0.0570943       0.377487
0.0580942       0.382112
0.0590941       0.386682
0.060094       0.391196
0.0610939       0.395655
0.0620938        0.40006
0.0630937       0.404411
0.0640936       0.408708
0.0650935       0.412953
0.0660934       0.417146
0.0670933       0.421287
0.0680932       0.425377
0.0690931       0.429417
0.070093       0.433406
0.0710929       0.437346
0.0720928       0.441236
0.0730927       0.445078
0.0740926       0.448871
0.0750925       0.452617
0.0760924       0.456316
0.0770923       0.459968
0.0780922       0.463573
0.0790921       0.467133
0.080092       0.470647
0.0810919       0.474117
0.0820918       0.477542
0.0830917       0.480923
0.0840916        0.48426
0.0850915       0.487554
0.0860914       0.490806
0.0870913       0.494015
0.0880912       0.497182
0.0890911       0.500308
0.090091       0.503393
0.0910909       0.506437
0.0920908       0.509441
0.0930907       0.512405
0.0940906        0.51533
0.0950905       0.518215
0.0960904       0.521062
0.0970903       0.523871
0.0980902       0.526641
0.0990901       0.529375
0.10009       0.532071
0.10109        0.53473
0.10209       0.537353
0.10309        0.53994
0.10409       0.542491
0.105089       0.545007
0.106089       0.547488
0.107089       0.549934
0.108089       0.552346
0.109089       0.554724
0.110089       0.557068
0.111089       0.559379
0.112089       0.561657
0.113089       0.563903
0.114089       0.566116
0.115088       0.568298
0.116088       0.570447
0.117088       0.572565
0.118088       0.574653
0.119088       0.576709
0.120088       0.578735
0.121088       0.580731
0.122088       0.582698
0.123088       0.584634
0.124088       0.586542
0.125087       0.588421
0.126087       0.590271
0.127087       0.592092
0.128087       0.593886
0.129087       0.595651
0.130087        0.59739
0.131087       0.599101
0.132087       0.600785
0.133087       0.602442
0.134087       0.604073
0.135086       0.605677
0.136086       0.607256
0.137086       0.608809
0.138086       0.610337
0.139086        0.61184
0.140086       0.613317
0.141086        0.61477
0.142086       0.616199
0.143086       0.617603
0.144086       0.618984
0.145085       0.620341
0.146085       0.621674
0.147085       0.622985
0.148085       0.624272
0.149085       0.625536
0.150085       0.626778
0.151085       0.627998
0.152085       0.629195
0.153085       0.630371
0.154085       0.631525
0.155084       0.632658
0.156084       0.633769
0.157084        0.63486
0.158084       0.635929
0.159084       0.636978
0.160084       0.638007
0.161084       0.639015
0.162084       0.640004
0.163084       0.640973
0.164084       0.641922
0.165083       0.642851
0.166083       0.643762
0.167083       0.644654
0.168083       0.645526
0.169083        0.64638
0.170083       0.647216
0.171083       0.648033
0.172083       0.648833
0.173083       0.649614
0.174083       0.650378
0.175082       0.651124
0.176082       0.651853
0.177082       0.652564
0.178082       0.653259
0.179082       0.653936
0.180082       0.654597
0.181082       0.655242
0.182082        0.65587
0.183082       0.656482
0.184082       0.657078
0.185081       0.657658
0.186081       0.658222
0.187081       0.658771
0.188081       0.659304
0.189081       0.659822
0.190081       0.660325
0.191081       0.660813
0.192081       0.661287
0.193081       0.661745
0.194081       0.662189
0.19508       0.662619
0.19608       0.663035
0.19708       0.663436
0.19808       0.663823
0.19908       0.664197
0.20008       0.664557
0.20108       0.664904
0.20208       0.665237
0.20308       0.665556
0.20408       0.665863
0.205079       0.666157
0.206079       0.666438
0.207079       0.666706
0.208079       0.666961
0.209079       0.667204
0.210079       0.667435
0.211079       0.667653
0.212079        0.66786
0.213079       0.668054
0.214079       0.668236
0.215078       0.668407
0.216078       0.668566
0.217078       0.668713
0.218078       0.668849
0.219078       0.668974
0.220078       0.669088
0.221078        0.66919
0.222078       0.669282
0.223078       0.669362
0.224078       0.669432
0.225077       0.669491
0.226077        0.66954
0.227077       0.669579
0.228077       0.669606
0.229077       0.669624
0.230077       0.669632
0.231077       0.669629
0.232077       0.669617
0.233077       0.669595
0.234077       0.669563
0.235076       0.669522
0.236076       0.669471
0.237076        0.66941
0.238076        0.66934
0.239076       0.669261
0.240076       0.669173
0.241076       0.669076
0.242076        0.66897
0.243076       0.668854
0.244076       0.668731
0.245075       0.668598
0.246075       0.668457
0.247075       0.668307
0.248075       0.668148
0.249075       0.667982
0.250075       0.667807
0.251075       0.667624
0.252075       0.667432
0.253075       0.667233
0.254075       0.667026
0.255074       0.666811
0.256074       0.666588
0.257074       0.666357
0.258074       0.666119
0.259074       0.665873
0.260074       0.665619
0.261074       0.665359
0.262074        0.66509
0.263074       0.664815
0.264074       0.664532
0.265073       0.664242
0.266073       0.663946
0.267073       0.663642
0.268073       0.663331
0.269073       0.663013
0.270073       0.662689
0.271073       0.662358
0.272073        0.66202
0.273073       0.661675
0.274073       0.661325
0.275072       0.660967
0.276072       0.660603
0.277072       0.660233
0.278072       0.659857
0.279072       0.659475
0.280072       0.659086
0.281072       0.658691
0.282072        0.65829
0.283072       0.657884
0.284072       0.657471
0.285071       0.657052
0.286071       0.656628
0.287071       0.656198
0.288071       0.655763
0.289071       0.655321
0.290071       0.654875
0.291071       0.654422
0.292071       0.653964
0.293071       0.653501
0.294071       0.653033
0.29507       0.652559
0.29607        0.65208
0.29707       0.651596
0.29807       0.651106
0.29907       0.650612
0.30007       0.650113
0.30107       0.649608
0.30207       0.649099
0.30307       0.648585
0.30407       0.648066
0.305069       0.647542
0.306069       0.647013
0.307069        0.64648
0.308069       0.645942
0.309069         0.6454
0.310069       0.644853
0.311069       0.644301
0.312069       0.643745
0.313069       0.643185
0.314069        0.64262
0.315068       0.642051
0.316068       0.641477
0.317068         0.6409
0.318068       0.640318
0.319068       0.639732
0.320068       0.639142
0.321068       0.638548
0.322068        0.63795
0.323068       0.637347
0.324068       0.636741
0.325067       0.636131
0.326067       0.635517
0.327067       0.634899
0.328067       0.634278
0.329067       0.633652
0.330067       0.633023
0.331067       0.632391
0.332067       0.631754
0.333067       0.631114
0.334067       0.630471
0.335066       0.629823
0.336066       0.629173
0.337066       0.628519
0.338066       0.627861
0.339066         0.6272
0.340066       0.626536
0.341066       0.625868
0.342066       0.625197
0.343066       0.624523
0.344066       0.623845
0.345065       0.623165
0.346065       0.622481
0.347065       0.621794
0.348065       0.621104
0.349065        0.62041
0.350065       0.619714
0.351065       0.619015
0.352065       0.618313
0.353065       0.617607
0.354065       0.616899
0.355064       0.616188
0.356064       0.615474
0.357064       0.614757
0.358064       0.614038
0.359064       0.613316
0.360064        0.61259
0.361064       0.611863
0.362064       0.611132
0.363064       0.610399
0.364064       0.609663
0.365063       0.608924
0.366063       0.608183
0.367063       0.607439
0.368063       0.606693
0.369063       0.605944
0.370063       0.605193
0.371063       0.604439
0.372063       0.603683
0.373063       0.602925
0.374063       0.602164
0.375062         0.6014
0.376062       0.600635
0.377062       0.599867
0.378062       0.599096
0.379062       0.598324
0.380062       0.597549
0.381062       0.596772
0.382062       0.595992
0.383062       0.595211
0.384062       0.594427
0.385061       0.593641
0.386061       0.592853
0.387061       0.592063
0.388061       0.591271
0.389061       0.590476
0.390061        0.58968
0.391061       0.588882
0.392061       0.588082
0.393061       0.587279
0.394061       0.586475
0.39506       0.585669
0.39606       0.584861
0.39706       0.584051
0.39806       0.583239
0.39906       0.582425
0.40006       0.581609
0.40106       0.580792
0.40206       0.579972
0.40306       0.579151
0.40406       0.578328
0.405059       0.577504
0.406059       0.576677
0.407059       0.575849
0.408059       0.575019
0.409059       0.574188
0.410059       0.573355
0.411059        0.57252
0.412059       0.571684
0.413059       0.570845
0.414059       0.570006
0.415058       0.569164
0.416058       0.568322
0.417058       0.567477
0.418058       0.566631
0.419058       0.565784
0.420058       0.564935
0.421058       0.564084
0.422058       0.563232
0.423058       0.562379
0.424058       0.561524
0.425057       0.560667
0.426057        0.55981
0.427057        0.55895
0.428057        0.55809
0.429057       0.557228
0.430057       0.556364
0.431057         0.5555
0.432057       0.554634
0.433057       0.553766
0.434057       0.552897
0.435056       0.552027
0.436056       0.551156
0.437056       0.550284
0.438056        0.54941
0.439056       0.548535
0.440056       0.547658
0.441056       0.546781
0.442056       0.545902
0.443056       0.545022
0.444056       0.544141
0.445055       0.543258
0.446055       0.542375
0.447055        0.54149
0.448055       0.540604
0.449055       0.539717
0.450055       0.538829
0.451055        0.53794
0.452055        0.53705
0.453055       0.536158
0.454055       0.535266
0.455054       0.534372
0.456054       0.533478
0.457054       0.532582
0.458054       0.531685
0.459054       0.530788
0.460054       0.529889
0.461054       0.528989
0.462054       0.528089
0.463054       0.527187
0.464054       0.526284
0.465053       0.525381
0.466053       0.524476
0.467053        0.52357
0.468053       0.522664
0.469053       0.521757
0.470053       0.520848
0.471053       0.519939
0.472053       0.519029
0.473053       0.518118
0.474053       0.517206
0.475052       0.516293
0.476052       0.515379
0.477052       0.514465
0.478052        0.51355
0.479052       0.512633
0.480052       0.511716
0.481052       0.510798
0.482052        0.50988
0.483052        0.50896
0.484052        0.50804
0.485051       0.507119
0.486051       0.506197
0.487051       0.505275
0.488051       0.504351
0.489051       0.503427
0.490051       0.502502
0.491051       0.501576
0.492051        0.50065
0.493051       0.499723
0.494051       0.498795
0.49505       0.497867
0.49605       0.496937
0.49705       0.496007
0.49805       0.495077
0.49905       0.494145
0.50005       0.493213
0.50105       0.492281
0.50205       0.491347
0.50305       0.490413
0.50405       0.489478
0.505049       0.488543
0.506049       0.487607
0.507049       0.486671
0.508049       0.485733
0.509049       0.484795
0.510049       0.483857
0.511049       0.482918
0.512049       0.481978
0.513049       0.481038
0.514049       0.480097
0.515048       0.479156
0.516048       0.478214
0.517048       0.477271
0.518048       0.476328
0.519048       0.475384
0.520048        0.47444
0.521048       0.473495
0.522048       0.472549
0.523048       0.471603
0.524048       0.470657
0.525047        0.46971
0.526047       0.468762
0.527047       0.467814
0.528047       0.466866
0.529047       0.465917
0.530047       0.464967
0.531047       0.464017
0.532047       0.463066
0.533047       0.462115
0.534047       0.461164
0.535046       0.460212
0.536046       0.459259
0.537046       0.458306
0.538046       0.457353
0.539046       0.456399
0.540046       0.455444
0.541046        0.45449
0.542046       0.453534
0.543046       0.452579
0.544046       0.451623
0.545045       0.450666
0.546045       0.449709
0.547045       0.448752
0.548045       0.447794
0.549045       0.446835
0.550045       0.445877
0.551045       0.444918
0.552045       0.443958
0.553045       0.442998
0.554045       0.442038
0.555044       0.441077
0.556044       0.440116
0.557044       0.439155
0.558044       0.438193
0.559044       0.437231
0.560044       0.436268
0.561044       0.435305
0.562044       0.434342
0.563044       0.433378
0.564044       0.432414
0.565043       0.431449
0.566043       0.430485
0.567043        0.42952
0.568043       0.428554
0.569043       0.427588
0.570043       0.426622
0.571043       0.425656
0.572043       0.424689
0.573043       0.423722
0.574043       0.422754
0.575042       0.421787
0.576042       0.420818
0.577042        0.41985
0.578042       0.418881
0.579042       0.417912
0.580042       0.416943
0.581042       0.415973
0.582042       0.415003
0.583042       0.414033
0.584042       0.413062
0.585041       0.412092
0.586041       0.411121
0.587041       0.410149
0.588041       0.409177
0.589041       0.408205
0.590041       0.407233
0.591041       0.406261
0.592041       0.405288
0.593041       0.404315
0.594041       0.403342
0.59504       0.402368
0.59604       0.401394
0.59704        0.40042
0.59804       0.399446
0.59904       0.398471
0.60004       0.397496
0.60104       0.396521
0.60204       0.395546
0.60304        0.39457
0.60404       0.393594
0.605039       0.392618
0.606039       0.391642
0.607039       0.390665
0.608039       0.389688
0.609039       0.388711
0.610039       0.387734
0.611039       0.386757
0.612039       0.385779
0.613039       0.384801
0.614039       0.383823
0.615038       0.382845
0.616038       0.381866
0.617038       0.380887
0.618038       0.379908
0.619038       0.378929
0.620038        0.37795
0.621038        0.37697
0.622038        0.37599
0.623038        0.37501
0.624038        0.37403
0.625037        0.37305
0.626037       0.372069
0.627037       0.371089
0.628037       0.370108
0.629037       0.369126
0.630037       0.368145
0.631037       0.367164
0.632037       0.366182
0.633037         0.3652
0.634037       0.364218
0.635036       0.363236
0.636036       0.362253
0.637036       0.361271
0.638036       0.360288
0.639036       0.359305
0.640036       0.358322
0.641036       0.357339
0.642036       0.356355
0.643036       0.355372
0.644036       0.354388
0.645035       0.353404
0.646035        0.35242
0.647035       0.351436
0.648035       0.350451
0.649035       0.349467
0.650035       0.348482
0.651035       0.347497
0.652035       0.346512
0.653035       0.345527
0.654035       0.344542
0.655034       0.343557
0.656034       0.342571
0.657034       0.341585
0.658034       0.340599
0.659034       0.339613
0.660034       0.338627
0.661034       0.337641
0.662034       0.336655
0.663034       0.335668
0.664034       0.334681
0.665033       0.333695
0.666033       0.332708
0.667033       0.331721
0.668033       0.330734
0.669033       0.329746
0.670033       0.328759
0.671033       0.327771
0.672033       0.326784
0.673033       0.325796
0.674033       0.324808
0.675032        0.32382
0.676032       0.322832
0.677032       0.321843
0.678032       0.320855
0.679032       0.319867
0.680032       0.318878
0.681032       0.317889
0.682032         0.3169
0.683032       0.315911
0.684032       0.314922
0.685031       0.313933
0.686031       0.312944
0.687031       0.311955
0.688031       0.310965
0.689031       0.309976
0.690031       0.308986
0.691031       0.307996
0.692031       0.307006
0.693031       0.306016
0.694031       0.305026
0.69503       0.304036
0.69603       0.303046
0.69703       0.302055
0.69803       0.301065
0.69903       0.300074
0.70003       0.299084
0.70103       0.298093
0.70203       0.297102
0.70303       0.296111
0.70403        0.29512
0.705029       0.294129
0.706029       0.293138
0.707029       0.292147
0.708029       0.291155
0.709029       0.290164
0.710029       0.289172
0.711029       0.288181
0.712029       0.287189
0.713029       0.286197
0.714029       0.285206
0.715028       0.284214
0.716028       0.283222
0.717028        0.28223
0.718028       0.281237
0.719028       0.280245
0.720028       0.279253
0.721028        0.27826
0.722028       0.277268
0.723028       0.276275
0.724028       0.275283
0.725027        0.27429
0.726027       0.273297
0.727027       0.272305
0.728027       0.271312
0.729027       0.270319
0.730027       0.269326
0.731027       0.268333
0.732027        0.26734
0.733027       0.266346
0.734027       0.265353
0.735026        0.26436
0.736026       0.263366
0.737026       0.262373
0.738026       0.261379
0.739026       0.260386
0.740026       0.259392
0.741026       0.258398
0.742026       0.257404
0.743026       0.256411
0.744026       0.255417
0.745025       0.254423
0.746025       0.253429
0.747025       0.252435
0.748025        0.25144
0.749025       0.250446
0.750025       0.249452
0.751025       0.248458
0.752025       0.247463
0.753025       0.246469
0.754025       0.245474
0.755024        0.24448
0.756024       0.243485
0.757024       0.242491
0.758024       0.241496
0.759024       0.240501
0.760024       0.239506
0.761024       0.238512
0.762024       0.237517
0.763024       0.236522
0.764024       0.235527
0.765023       0.234532
0.766023       0.233537
0.767023       0.232541
0.768023       0.231546
0.769023       0.230551
0.770023       0.229556
0.771023        0.22856
0.772023       0.227565
0.773023        0.22657
0.774023       0.225574
0.775022       0.224579
0.776022       0.223583
0.777022       0.222588
0.778022       0.221592
0.779022       0.220596
0.780022       0.219601
0.781022       0.218605
0.782022       0.217609
0.783022       0.216613
0.784022       0.215617
0.785021       0.214622
0.786021       0.213626
0.787021        0.21263
0.788021       0.211634
0.789021       0.210637
0.790021       0.209641
0.791021       0.208645
0.792021       0.207649
0.793021       0.206653
0.794021       0.205657
0.79502        0.20466
0.79602       0.203664
0.79702       0.202668
0.79802       0.201671
0.79902       0.200675
0.80002       0.199678
0.80102       0.198682
0.80202       0.197685
0.80302       0.196689
0.80402       0.195692
0.805019       0.194696
0.806019       0.193699
0.807019       0.192702
0.808019       0.191706
0.809019       0.190709
0.810019       0.189712
0.811019       0.188715
0.812019       0.187718
0.813019       0.186722
0.814019       0.185725
0.815018       0.184728
0.816018       0.183731
0.817018       0.182734
0.818018       0.181737
0.819018        0.18074
0.820018       0.179743
0.821018       0.178746
0.822018       0.177748
0.823018       0.176751
0.824018       0.175754
0.825017       0.174757
0.826017        0.17376
0.827017       0.172762
0.828017       0.171765
0.829017       0.170768
0.830017        0.16977
0.831017       0.168773
0.832017       0.167776
0.833017       0.166778
0.834017       0.165781
0.835016       0.164783
0.836016       0.163786
0.837016       0.162788
0.838016       0.161791
0.839016       0.160793
0.840016       0.159796
0.841016       0.158798
0.842016       0.157801
0.843016       0.156803
0.844016       0.155805
0.845015       0.154808
0.846015        0.15381
0.847015       0.152812
0.848015       0.151814
0.849015       0.150817
0.850015       0.149819
0.851015       0.148821
0.852015       0.147823
0.853015       0.146825
0.854015       0.145827
0.855014        0.14483
0.856014       0.143832
0.857014       0.142834
0.858014       0.141836
0.859014       0.140838
0.860014        0.13984
0.861014       0.138842
0.862014       0.137844
0.863014       0.136846
0.864014       0.135848
0.865013        0.13485
0.866013       0.133852
0.867013       0.132853
0.868013       0.131855
0.869013       0.130857
0.870013       0.129859
0.871013       0.128861
0.872013       0.127863
0.873013       0.126864
0.874013       0.125866
0.875012       0.124868
0.876012        0.12387
0.877012       0.122871
0.878012       0.121873
0.879012       0.120875
0.880012       0.119876
0.881012       0.118878
0.882012        0.11788
0.883012       0.116881
0.884012       0.115883
0.885011       0.114885
0.886011       0.113886
0.887011       0.112888
0.888011       0.111889
0.889011       0.110891
0.890011       0.109892
0.891011       0.108894
0.892011       0.107895
0.893011       0.106897
0.894011       0.105898
0.89501         0.1049
0.89601       0.103901
0.89701       0.102903
0.89801       0.101904
0.89901       0.100906
0.90001      0.0999069
0.90101      0.0989083
0.90201      0.0979097
0.90301       0.096911
0.90401      0.0959124
0.905009      0.0949137
0.906009       0.093915
0.907009      0.0929163
0.908009      0.0919176
0.909009      0.0909189
0.910009      0.0899202
0.911009      0.0889215
0.912009      0.0879227
0.913009       0.086924
0.914009      0.0859252
0.915008      0.0849264
0.916008      0.0839276
0.917008      0.0829288
0.918008        0.08193
0.919008      0.0809312
0.920008      0.0799324
0.921008      0.0789335
0.922008      0.0779347
0.923008      0.0769358
0.924008       0.075937
0.925007      0.0749381
0.926007      0.0739392
0.927007      0.0729403
0.928007      0.0719414
0.929007      0.0709425
0.930007      0.0699435
0.931007      0.0689446
0.932007      0.0679457
0.933007      0.0669467
0.934007      0.0659477
0.935006      0.0649488
0.936006      0.0639498
0.937006      0.0629508
0.938006      0.0619518
0.939006      0.0609528
0.940006      0.0599538
0.941006      0.0589547
0.942006      0.0579557
0.943006      0.0569567
0.944006      0.0559576
0.945005      0.0549586
0.946005      0.0539595
0.947005      0.0529604
0.948005      0.0519613
0.949005      0.0509622
0.950005      0.0499631
0.951005       0.048964
0.952005      0.0479649
0.953005      0.0469658
0.954005      0.0459667
0.955004      0.0449675
0.956004      0.0439684
0.957004      0.0429693
0.958004      0.0419701
0.959004      0.0409709
0.960004      0.0399718
0.961004      0.0389726
0.962004      0.0379734
0.963004      0.0369742
0.964004       0.035975
0.965003      0.0349758
0.966003      0.0339766
0.967003      0.0329774
0.968003      0.0319782
0.969003      0.0309789
0.970003      0.0299797
0.971003      0.0289805
0.972003      0.0279812
0.973003       0.026982
0.974003      0.0259827
0.975002      0.0249834
0.976002      0.0239842
0.977002      0.0229849
0.978002      0.0219856
0.979002      0.0209863
0.980002       0.019987
0.981002      0.0189877
0.982002      0.0179884
0.983002      0.0169891
0.984002      0.0159898
0.985001      0.0149905
0.986001      0.0139911
0.987001      0.0129918
0.988001      0.0119925
0.989001      0.0109931
0.990001     0.00999377
0.991001     0.00899441
0.992001     0.00799505
0.993001     0.00699569
0.994001     0.00599632
0.995     0.00499694
0.996     0.00399756
0.997     0.00299818
0.998     0.00199879
0.999    0.000999398
