# First line is the value of n. First column is the values of x, second is values of v. 
100000
9.9999e-006   9.00357e-005
0.00100999      0.0090418
0.00200998      0.0178939
0.00300997      0.0266478
0.00400996      0.0353044
0.00500995      0.0438649
0.00600994      0.0523301
0.00700993      0.0607011
0.00800992      0.0689788
0.00900991      0.0771641
0.0100099       0.085258
0.0110099      0.0932614
0.0120099       0.101175
0.0130099          0.109
0.0140099       0.116737
0.0150098       0.124388
0.0160098       0.131952
0.0170098       0.139431
0.0180098       0.146825
0.0190098       0.154136
0.0200098       0.161365
0.0210098       0.168511
0.0220098       0.175576
0.0230098       0.182561
0.0240098       0.189467
0.0250097       0.196294
0.0260097       0.203043
0.0270097       0.209715
0.0280097       0.216311
0.0290097       0.222831
0.0300097       0.229276
0.0310097       0.235647
0.0320097       0.241945
0.0330097        0.24817
0.0340097       0.254323
0.0350096       0.260405
0.0360096       0.266417
0.0370096       0.272358
0.0380096       0.278231
0.0390096       0.284035
0.0400096       0.289772
0.0410096       0.295442
0.0420096       0.301045
0.0430096       0.306582
0.0440096       0.312055
0.0450095       0.317463
0.0460095       0.322807
0.0470095       0.328088
0.0480095       0.333307
0.0490095       0.338464
0.0500095       0.343559
0.0510095       0.348594
0.0520095       0.353569
0.0530095       0.358484
0.0540095       0.363341
0.0550094       0.368139
0.0560094        0.37288
0.0570094       0.377563
0.0580094        0.38219
0.0590094       0.386761
0.0600094       0.391276
0.0610094       0.395737
0.0620094       0.400143
0.0630094       0.404495
0.0640094       0.408795
0.0650093       0.413041
0.0660093       0.417235
0.0670093       0.421378
0.0680093       0.425469
0.0690093        0.42951
0.0700093         0.4335
0.0710093       0.437441
0.0720093       0.441333
0.0730093       0.445176
0.0740093       0.448971
0.0750092       0.452718
0.0760092       0.456418
0.0770092       0.460071
0.0780092       0.463678
0.0790092       0.467239
0.0800092       0.470755
0.0810092       0.474225
0.0820092       0.477652
0.0830092       0.481034
0.0840092       0.484372
0.0850091       0.487668
0.0860091        0.49092
0.0870091       0.494131
0.0880091       0.497299
0.0890091       0.500426
0.0900091       0.503512
0.0910091       0.506557
0.0920091       0.509562
0.0930091       0.512528
0.0940091       0.515453
0.095009        0.51834
0.096009       0.521188
0.097009       0.523998
0.098009       0.526769
0.099009       0.529504
0.100009       0.532201
0.101009       0.534861
0.102009       0.537485
0.103009       0.540073
0.104009       0.542625
0.105009       0.545142
0.106009       0.547623
0.107009        0.55007
0.108009       0.552483
0.109009       0.554862
0.110009       0.557207
0.111009       0.559519
0.112009       0.561798
0.113009       0.564045
0.114009       0.566259
0.115009       0.568441
0.116009       0.570591
0.117009       0.572711
0.118009       0.574799
0.119009       0.576856
0.120009       0.578883
0.121009        0.58088
0.122009       0.582847
0.123009       0.584784
0.124009       0.586692
0.125009       0.588572
0.126009       0.590422
0.127009       0.592245
0.128009       0.594039
0.129009       0.595805
0.130009       0.597544
0.131009       0.599256
0.132009        0.60094
0.133009       0.602598
0.134009        0.60423
0.135009       0.605835
0.136009       0.607414
0.137009       0.608968
0.138009       0.610496
0.139009       0.611999
0.140009       0.613478
0.141009       0.614931
0.142009        0.61636
0.143009       0.617765
0.144009       0.619146
0.145009       0.620504
0.146009       0.621838
0.147009       0.623148
0.148009       0.624436
0.149009       0.625701
0.150008       0.626943
0.151008       0.628163
0.152008       0.629361
0.153008       0.630537
0.154008       0.631692
0.155008       0.632825
0.156008       0.633937
0.157008       0.635028
0.158008       0.636098
0.159008       0.637147
0.160008       0.638176
0.161008       0.639185
0.162008       0.640174
0.163008       0.641143
0.164008       0.642092
0.165008       0.643022
0.166008       0.643933
0.167008       0.644825
0.168008       0.645698
0.169008       0.646552
0.170008       0.647388
0.171008       0.648206
0.172008       0.649005
0.173008       0.649787
0.174008       0.650551
0.175008       0.651297
0.176008       0.652026
0.177008       0.652738
0.178008       0.653433
0.179008       0.654111
0.180008       0.654772
0.181008       0.655417
0.182008       0.656045
0.183008       0.656657
0.184008       0.657253
0.185008       0.657833
0.186008       0.658398
0.187008       0.658947
0.188008        0.65948
0.189008       0.659998
0.190008       0.660501
0.191008        0.66099
0.192008       0.661463
0.193008       0.661922
0.194008       0.662366
0.195008       0.662796
0.196008       0.663211
0.197008       0.663613
0.198008          0.664
0.199008       0.664374
0.200008       0.664734
0.201008       0.665081
0.202008       0.665414
0.203008       0.665734
0.204008        0.66604
0.205008       0.666334
0.206008       0.666615
0.207008       0.666883
0.208008       0.667139
0.209008       0.667382
0.210008       0.667612
0.211008       0.667831
0.212008       0.668037
0.213008       0.668231
0.214008       0.668414
0.215008       0.668584
0.216008       0.668743
0.217008       0.668891
0.218008       0.669027
0.219008       0.669152
0.220008       0.669265
0.221008       0.669368
0.222008       0.669459
0.223008        0.66954
0.224008        0.66961
0.225008       0.669669
0.226008       0.669717
0.227008       0.669756
0.228008       0.669784
0.229008       0.669801
0.230008       0.669809
0.231008       0.669806
0.232008       0.669794
0.233008       0.669772
0.234008        0.66974
0.235008       0.669698
0.236008       0.669647
0.237008       0.669587
0.238008       0.669517
0.239008       0.669438
0.240008       0.669349
0.241008       0.669252
0.242008       0.669146
0.243008        0.66903
0.244008       0.668906
0.245008       0.668774
0.246008       0.668632
0.247008       0.668482
0.248008       0.668324
0.249008       0.668157
0.250007       0.667982
0.251007       0.667799
0.252007       0.667607
0.253007       0.667408
0.254007         0.6672
0.255007       0.666985
0.256007       0.666762
0.257007       0.666531
0.258007       0.666293
0.259007       0.666047
0.260007       0.665793
0.261007       0.665532
0.262007       0.665264
0.263007       0.664988
0.264007       0.664705
0.265007       0.664415
0.266007       0.664118
0.267007       0.663814
0.268007       0.663503
0.269007       0.663185
0.270007       0.662861
0.271007       0.662529
0.272007       0.662191
0.273007       0.661847
0.274007       0.661496
0.275007       0.661138
0.276007       0.660774
0.277007       0.660404
0.278007       0.660027
0.279007       0.659645
0.280007       0.659256
0.281007       0.658861
0.282007        0.65846
0.283007       0.658053
0.284007        0.65764
0.285007       0.657221
0.286007       0.656797
0.287007       0.656367
0.288007       0.655931
0.289007       0.655489
0.290007       0.655042
0.291007        0.65459
0.292007       0.654132
0.293007       0.653668
0.294007         0.6532
0.295007       0.652726
0.296007       0.652246
0.297007       0.651762
0.298007       0.651272
0.299007       0.650778
0.300007       0.650278
0.301007       0.649774
0.302007       0.649264
0.303007        0.64875
0.304007        0.64823
0.305007       0.647706
0.306007       0.647177
0.307007       0.646644
0.308007       0.646106
0.309007       0.645563
0.310007       0.645016
0.311007       0.644464
0.312007       0.643908
0.313007       0.643347
0.314007       0.642782
0.315007       0.642213
0.316007       0.641639
0.317007       0.641061
0.318007       0.640479
0.319007       0.639893
0.320007       0.639302
0.321007       0.638708
0.322007        0.63811
0.323007       0.637507
0.324007       0.636901
0.325007        0.63629
0.326007       0.635676
0.327007       0.635058
0.328007       0.634436
0.329007       0.633811
0.330007       0.633181
0.331007       0.632548
0.332007       0.631912
0.333007       0.631271
0.334007       0.630627
0.335007        0.62998
0.336007       0.629329
0.337007       0.628675
0.338007       0.628017
0.339007       0.627356
0.340007       0.626691
0.341007       0.626023
0.342007       0.625352
0.343007       0.624677
0.344007       0.623999
0.345007       0.623318
0.346007       0.622634
0.347007       0.621947
0.348007       0.621257
0.349006       0.620563
0.350006       0.619867
0.351006       0.619167
0.352006       0.618464
0.353006       0.617759
0.354006       0.617051
0.355006       0.616339
0.356006       0.615625
0.357006       0.614908
0.358006       0.614188
0.359006       0.613465
0.360006        0.61274
0.361006       0.612012
0.362006       0.611281
0.363006       0.610547
0.364006       0.609811
0.365006       0.609072
0.366006       0.608331
0.367006       0.607587
0.368006       0.606841
0.369006       0.606092
0.370006        0.60534
0.371006       0.604586
0.372006       0.603829
0.373006       0.603071
0.374006       0.602309
0.375006       0.601546
0.376006        0.60078
0.377006       0.600011
0.378006       0.599241
0.379006       0.598468
0.380006       0.597692
0.381006       0.596915
0.382006       0.596135
0.383006       0.595354
0.384006        0.59457
0.385006       0.593783
0.386006       0.592995
0.387006       0.592205
0.388006       0.591412
0.389006       0.590618
0.390006       0.589821
0.391006       0.589023
0.392006       0.588222
0.393006       0.587419
0.394006       0.586615
0.395006       0.585808
0.396006          0.585
0.397006       0.584189
0.398006       0.583377
0.399006       0.582563
0.400006       0.581747
0.401006       0.580929
0.402006        0.58011
0.403006       0.579288
0.404006       0.578465
0.405006        0.57764
0.406006       0.576814
0.407006       0.575985
0.408006       0.575155
0.409006       0.574323
0.410006        0.57349
0.411006       0.572655
0.412006       0.571818
0.413006        0.57098
0.414006        0.57014
0.415006       0.569298
0.416006       0.568455
0.417006        0.56761
0.418006       0.566764
0.419006       0.565916
0.420006       0.565067
0.421006       0.564216
0.422006       0.563364
0.423006        0.56251
0.424006       0.561655
0.425006       0.560798
0.426006        0.55994
0.427006        0.55908
0.428006        0.55822
0.429006       0.557357
0.430006       0.556494
0.431006       0.555629
0.432006       0.554762
0.433006       0.553895
0.434006       0.553026
0.435006       0.552155
0.436006       0.551284
0.437006       0.550411
0.438006       0.549537
0.439006       0.548661
0.440006       0.547785
0.441006       0.546907
0.442006       0.546028
0.443006       0.545147
0.444006       0.544266
0.445006       0.543383
0.446006       0.542499
0.447006       0.541614
0.448006       0.540728
0.449005       0.539841
0.450005       0.538953
0.451005       0.538063
0.452005       0.537173
0.453005       0.536281
0.454005       0.535388
0.455005       0.534494
0.456005         0.5336
0.457005       0.532704
0.458005       0.531807
0.459005       0.530909
0.460005        0.53001
0.461005        0.52911
0.462005       0.528209
0.463005       0.527307
0.464005       0.526404
0.465005         0.5255
0.466005       0.524595
0.467005       0.523689
0.468005       0.522782
0.469005       0.521875
0.470005       0.520966
0.471005       0.520056
0.472005       0.519146
0.473005       0.518235
0.474005       0.517323
0.475005       0.516409
0.476005       0.515496
0.477005       0.514581
0.478005       0.513665
0.479005       0.512749
0.480005       0.511831
0.481005       0.510913
0.482005       0.509994
0.483005       0.509074
0.484005       0.508154
0.485005       0.507233
0.486005        0.50631
0.487005       0.505387
0.488005       0.504464
0.489005       0.503539
0.490005       0.502614
0.491005       0.501688
0.492005       0.500762
0.493005       0.499834
0.494005       0.498906
0.495005       0.497977
0.496005       0.497048
0.497005       0.496117
0.498005       0.495187
0.499005       0.494255
0.500005       0.493323
0.501005        0.49239
0.502005       0.491456
0.503005       0.490522
0.504005       0.489587
0.505005       0.488651
0.506005       0.487715
0.507005       0.486778
0.508005        0.48584
0.509005       0.484902
0.510005       0.483964
0.511005       0.483024
0.512005       0.482084
0.513005       0.481144
0.514005       0.480203
0.515005       0.479261
0.516005       0.478318
0.517005       0.477376
0.518005       0.476432
0.519005       0.475488
0.520005       0.474544
0.521005       0.473598
0.522005       0.472653
0.523005       0.471706
0.524005        0.47076
0.525005       0.469812
0.526005       0.468865
0.527005       0.467916
0.528005       0.466967
0.529005       0.466018
0.530005       0.465068
0.531005       0.464118
0.532005       0.463167
0.533005       0.462216
0.534005       0.461264
0.535005       0.460312
0.536005       0.459359
0.537005       0.458406
0.538005       0.457452
0.539005       0.456498
0.540005       0.455543
0.541005       0.454588
0.542005       0.453632
0.543005       0.452676
0.544005        0.45172
0.545005       0.450763
0.546005       0.449806
0.547005       0.448848
0.548005        0.44789
0.549004       0.446931
0.550004       0.445973
0.551004       0.445013
0.552004       0.444053
0.553004       0.443093
0.554004       0.442133
0.555004       0.441172
0.556004        0.44021
0.557004       0.439249
0.558004       0.438287
0.559004       0.437324
0.560004       0.436361
0.561004       0.435398
0.562004       0.434434
0.563004        0.43347
0.564004       0.432506
0.565004       0.431541
0.566004       0.430576
0.567004       0.429611
0.568004       0.428645
0.569004       0.427679
0.570004       0.426713
0.571004       0.425746
0.572004       0.424779
0.573004       0.423812
0.574004       0.422844
0.575004       0.421876
0.576004       0.420908
0.577004       0.419939
0.578004        0.41897
0.579004       0.418001
0.580004       0.417031
0.581004       0.416061
0.582004       0.415091
0.583004        0.41412
0.584004        0.41315
0.585004       0.412179
0.586004       0.411207
0.587004       0.410235
0.588004       0.409264
0.589004       0.408291
0.590004       0.407319
0.591004       0.406346
0.592004       0.405373
0.593004         0.4044
0.594004       0.403426
0.595004       0.402452
0.596004       0.401478
0.597004       0.400504
0.598004       0.399529
0.599004       0.398554
0.600004       0.397579
0.601004       0.396604
0.602004       0.395628
0.603004       0.394652
0.604004       0.393676
0.605004         0.3927
0.606004       0.391723
0.607004       0.390747
0.608004        0.38977
0.609004       0.388792
0.610004       0.387815
0.611004       0.386837
0.612004       0.385859
0.613004       0.384881
0.614004       0.383903
0.615004       0.382924
0.616004       0.381945
0.617004       0.380966
0.618004       0.379987
0.619004       0.379008
0.620004       0.378028
0.621004       0.377048
0.622004       0.376068
0.623004       0.375088
0.624004       0.374107
0.625004       0.373127
0.626004       0.372146
0.627004       0.371165
0.628004       0.370184
0.629004       0.369202
0.630004       0.368221
0.631004       0.367239
0.632004       0.366257
0.633004       0.365275
0.634004       0.364293
0.635004        0.36331
0.636004       0.362328
0.637004       0.361345
0.638004       0.360362
0.639004       0.359379
0.640004       0.358395
0.641004       0.357412
0.642004       0.356428
0.643004       0.355444
0.644004        0.35446
0.645004       0.353476
0.646004       0.352492
0.647004       0.351507
0.648004       0.350523
0.649003       0.349538
0.650003       0.348553
0.651003       0.347568
0.652003       0.346583
0.653003       0.345598
0.654003       0.344612
0.655003       0.343626
0.656003       0.342641
0.657003       0.341655
0.658003       0.340669
0.659003       0.339682
0.660003       0.338696
0.661003       0.337709
0.662003       0.336723
0.663003       0.335736
0.664003       0.334749
0.665003       0.333762
0.666003       0.332775
0.667003       0.331788
0.668003         0.3308
0.669003       0.329813
0.670003       0.328825
0.671003       0.327837
0.672003       0.326849
0.673003       0.325861
0.674003       0.324873
0.675003       0.323885
0.676003       0.322897
0.677003       0.321908
0.678003        0.32092
0.679003       0.319931
0.680003       0.318942
0.681003       0.317953
0.682003       0.316964
0.683003       0.315975
0.684003       0.314986
0.685003       0.313996
0.686003       0.313007
0.687003       0.312017
0.688003       0.311027
0.689003       0.310038
0.690003       0.309048
0.691003       0.308058
0.692003       0.307068
0.693003       0.306077
0.694003       0.305087
0.695003       0.304097
0.696003       0.303106
0.697003       0.302116
0.698003       0.301125
0.699003       0.300134
0.700003       0.299143
0.701003       0.298152
0.702003       0.297161
0.703003        0.29617
0.704003       0.295179
0.705003       0.294188
0.706003       0.293196
0.707003       0.292205
0.708003       0.291213
0.709003       0.290221
0.710003        0.28923
0.711003       0.288238
0.712003       0.287246
0.713003       0.286254
0.714003       0.285262
0.715003        0.28427
0.716003       0.283278
0.717003       0.282285
0.718003       0.281293
0.719003       0.280301
0.720003       0.279308
0.721003       0.278315
0.722003       0.277323
0.723003        0.27633
0.724003       0.275337
0.725003       0.274344
0.726003       0.273351
0.727003       0.272358
0.728003       0.271365
0.729003       0.270372
0.730003       0.269379
0.731003       0.268385
0.732003       0.267392
0.733003       0.266399
0.734003       0.265405
0.735003       0.264412
0.736003       0.263418
0.737003       0.262424
0.738003        0.26143
0.739003       0.260437
0.740003       0.259443
0.741003       0.258449
0.742003       0.257455
0.743003       0.256461
0.744003       0.255467
0.745003       0.254472
0.746003       0.253478
0.747003       0.252484
0.748002       0.251489
0.749002       0.250495
0.750002       0.249501
0.751002       0.248506
0.752002       0.247511
0.753002       0.246517
0.754002       0.245522
0.755002       0.244527
0.756002       0.243533
0.757002       0.242538
0.758002       0.241543
0.759002       0.240548
0.760002       0.239553
0.761002       0.238558
0.762002       0.237563
0.763002       0.236568
0.764002       0.235572
0.765002       0.234577
0.766002       0.233582
0.767002       0.232586
0.768002       0.231591
0.769002       0.230596
0.770002         0.2296
0.771002       0.228605
0.772002       0.227609
0.773002       0.226613
0.774002       0.225618
0.775002       0.224622
0.776002       0.223626
0.777002       0.222631
0.778002       0.221635
0.779002       0.220639
0.780002       0.219643
0.781002       0.218647
0.782002       0.217651
0.783002       0.216655
0.784002       0.215659
0.785002       0.214663
0.786002       0.213667
0.787002        0.21267
0.788002       0.211674
0.789002       0.210678
0.790002       0.209682
0.791002       0.208685
0.792002       0.207689
0.793002       0.206693
0.794002       0.205696
0.795002         0.2047
0.796002       0.203703
0.797002       0.202706
0.798002        0.20171
0.799002       0.200713
0.800002       0.199717
0.801002        0.19872
0.802002       0.197723
0.803002       0.196726
0.804002        0.19573
0.805002       0.194733
0.806002       0.193736
0.807002       0.192739
0.808002       0.191742
0.809002       0.190745
0.810002       0.189748
0.811002       0.188751
0.812002       0.187754
0.813002       0.186757
0.814002        0.18576
0.815002       0.184763
0.816002       0.183766
0.817002       0.182769
0.818002       0.181771
0.819002       0.180774
0.820002       0.179777
0.821002       0.178779
0.822002       0.177782
0.823002       0.176785
0.824002       0.175787
0.825002        0.17479
0.826002       0.173793
0.827002       0.172795
0.828002       0.171798
0.829002         0.1708
0.830002       0.169803
0.831002       0.168805
0.832002       0.167807
0.833002        0.16681
0.834002       0.165812
0.835002       0.164815
0.836002       0.163817
0.837002       0.162819
0.838002       0.161821
0.839002       0.160824
0.840002       0.159826
0.841002       0.158828
0.842002        0.15783
0.843002       0.156832
0.844002       0.155835
0.845002       0.154837
0.846002       0.153839
0.847002       0.152841
0.848001       0.151843
0.849001       0.150845
0.850001       0.149847
0.851001       0.148849
0.852001       0.147851
0.853001       0.146853
0.854001       0.145855
0.855001       0.144857
0.856001       0.143859
0.857001       0.142861
0.858001       0.141862
0.859001       0.140864
0.860001       0.139866
0.861001       0.138868
0.862001        0.13787
0.863001       0.136871
0.864001       0.135873
0.865001       0.134875
0.866001       0.133877
0.867001       0.132878
0.868001        0.13188
0.869001       0.130882
0.870001       0.129883
0.871001       0.128885
0.872001       0.127886
0.873001       0.126888
0.874001        0.12589
0.875001       0.124891
0.876001       0.123893
0.877001       0.122894
0.878001       0.121896
0.879001       0.120897
0.880001       0.119899
0.881001         0.1189
0.882001       0.117902
0.883001       0.116903
0.884001       0.115905
0.885001       0.114906
0.886001       0.113907
0.887001       0.112909
0.888001        0.11191
0.889001       0.110911
0.890001       0.109913
0.891001       0.108914
0.892001       0.107915
0.893001       0.106917
0.894001       0.105918
0.895001       0.104919
0.896001        0.10392
0.897001       0.102922
0.898001       0.101923
0.899001       0.100924
0.900001      0.0999254
0.901001      0.0989266
0.902001      0.0979278
0.903001      0.0969289
0.904001      0.0959301
0.905001      0.0949312
0.906001      0.0939324
0.907001      0.0929335
0.908001      0.0919346
0.909001      0.0909357
0.910001      0.0899368
0.911001      0.0889379
0.912001      0.0879389
0.913001        0.08694
0.914001       0.085941
0.915001      0.0849421
0.916001      0.0839431
0.917001      0.0829441
0.918001      0.0819451
0.919001      0.0809461
0.920001      0.0799471
0.921001      0.0789481
0.922001       0.077949
0.923001        0.07695
0.924001      0.0759509
0.925001      0.0749519
0.926001      0.0739528
0.927001      0.0729537
0.928001      0.0719546
0.929001      0.0709555
0.930001      0.0699564
0.931001      0.0689572
0.932001      0.0679581
0.933001       0.066959
0.934001      0.0659598
0.935001      0.0649607
0.936001      0.0639615
0.937001      0.0629623
0.938001      0.0619631
0.939001      0.0609639
0.940001      0.0599647
0.941001      0.0589655
0.942001      0.0579663
0.943001      0.0569671
0.944001      0.0559678
0.945001      0.0549686
0.946001      0.0539693
0.947001      0.0529701
0.948      0.0519708
0.949      0.0509715
0.95      0.0499723
0.951       0.048973
0.952      0.0479737
0.953      0.0469744
0.954      0.0459751
0.955      0.0449757
0.956      0.0439764
0.957      0.0429771
0.958      0.0419777
0.959      0.0409784
0.96       0.039979
0.961      0.0389797
0.962      0.0379803
0.963      0.0369809
0.964      0.0359816
0.965      0.0349822
0.966      0.0339828
0.967      0.0329834
0.968       0.031984
0.969      0.0309846
0.97      0.0299851
0.971      0.0289857
0.972      0.0279863
0.973      0.0269869
0.974      0.0259874
0.975       0.024988
0.976      0.0239885
0.977      0.0229891
0.978      0.0219896
0.979      0.0209901
0.98      0.0199906
0.981      0.0189912
0.982      0.0179917
0.983      0.0169922
0.984      0.0159927
0.985      0.0149932
0.986      0.0139937
0.987      0.0129941
0.988      0.0119946
0.989      0.0109951
0.99     0.00999557
0.991     0.00899604
0.992      0.0079965
0.993     0.00699695
0.994      0.0059974
0.995     0.00499785
0.996     0.00399829
0.997     0.00299872
0.998     0.00199915
0.999    0.000999578
