# First line is the value of n. First column is the values of x, second is values of v. 
1000000
9.99999e-007   8.99999e-006
0.001001      0.0089591
0.002001      0.0178102
0.003001      0.0265633
0.004001      0.0352193
0.00500099      0.0437793
0.00600099      0.0522441
0.00700099      0.0606148
0.00800099      0.0688922
0.00900099      0.0770773
0.010001       0.085171
0.011001      0.0931742
0.012001       0.101088
0.013001       0.108913
0.014001        0.11665
0.015001         0.1243
0.016001       0.131864
0.017001       0.139343
0.018001       0.146738
0.019001       0.154049
0.020001       0.161277
0.021001       0.168424
0.022001       0.175489
0.023001       0.182474
0.024001        0.18938
0.025001       0.196207
0.026001       0.202956
0.027001       0.209628
0.028001       0.216224
0.029001       0.222744
0.030001       0.229189
0.031001       0.235561
0.032001       0.241858
0.033001       0.248084
0.034001       0.254237
0.035001       0.260319
0.036001       0.266331
0.037001       0.272273
0.038001       0.278146
0.039001        0.28395
0.040001       0.289687
0.041001       0.295357
0.042001        0.30096
0.043001       0.306498
0.044001       0.311971
0.045001       0.317379
0.046001       0.322724
0.047001       0.328005
0.048001       0.333224
0.0490009       0.338381
0.0500009       0.343476
0.0510009       0.348511
0.0520009       0.353486
0.0530009       0.358402
0.0540009       0.363259
0.0550009       0.368057
0.0560009       0.372798
0.0570009       0.377482
0.0580009       0.382109
0.0590009        0.38668
0.0600009       0.391195
0.0610009       0.395656
0.0620009       0.400062
0.0630009       0.404415
0.0640009       0.408714
0.0650009       0.412961
0.0660009       0.417156
0.0670009       0.421298
0.0680009        0.42539
0.0690009       0.429431
0.0700009       0.433422
0.0710009       0.437363
0.0720009       0.441255
0.0730009       0.445098
0.0740009       0.448893
0.0750009        0.45264
0.0760009        0.45634
0.0770009       0.459994
0.0780009       0.463601
0.0790009       0.467162
0.0800009       0.470678
0.0810009       0.474149
0.0820009       0.477575
0.0830009       0.480958
0.0840009       0.484296
0.0850009       0.487592
0.0860009       0.490845
0.0870009       0.494055
0.0880009       0.497224
0.0890009       0.500351
0.0900009       0.503437
0.0910009       0.506483
0.0920009       0.509488
0.0930009       0.512453
0.0940009       0.515379
0.0950009       0.518266
0.0960009       0.521114
0.0970009       0.523924
0.0980009       0.526696
0.0990009        0.52943
0.100001       0.532128
0.101001       0.534788
0.102001       0.537412
0.103001           0.54
0.104001       0.542552
0.105001       0.545069
0.106001       0.547551
0.107001       0.549999
0.108001       0.552412
0.109001       0.554791
0.110001       0.557136
0.111001       0.559448
0.112001       0.561727
0.113001       0.563974
0.114001       0.566188
0.115001        0.56837
0.116001       0.570521
0.117001        0.57264
0.118001       0.574728
0.119001       0.576786
0.120001       0.578813
0.121001        0.58081
0.122001       0.582777
0.123001       0.584715
0.124001       0.586623
0.125001       0.588503
0.126001       0.590353
0.127001       0.592176
0.128001        0.59397
0.129001       0.595737
0.130001       0.597476
0.131001       0.599187
0.132001       0.600872
0.133001        0.60253
0.134001       0.604162
0.135001       0.605767
0.136001       0.607347
0.137001       0.608901
0.138001       0.610429
0.139001       0.611932
0.140001       0.613411
0.141001       0.614864
0.142001       0.616294
0.143001       0.617699
0.144001        0.61908
0.145001       0.620437
0.146001       0.621771
0.147001       0.623082
0.148001        0.62437
0.149001       0.625635
0.150001       0.626878
0.151001       0.628098
0.152001       0.629296
0.153001       0.630472
0.154001       0.631627
0.155001        0.63276
0.156001       0.633872
0.157001       0.634963
0.158001       0.636033
0.159001       0.637082
0.160001       0.638112
0.161001       0.639121
0.162001       0.640109
0.163001       0.641079
0.164001       0.642028
0.165001       0.642958
0.166001       0.643869
0.167001       0.644761
0.168001       0.645634
0.169001       0.646489
0.170001       0.647325
0.171001       0.648143
0.172001       0.648942
0.173001       0.649724
0.174001       0.650488
0.175001       0.651235
0.176001       0.651964
0.177001       0.652676
0.178001        0.65337
0.179001       0.654048
0.180001        0.65471
0.181001       0.655355
0.182001       0.655983
0.183001       0.656595
0.184001       0.657191
0.185001       0.657772
0.186001       0.658336
0.187001       0.658885
0.188001       0.659419
0.189001       0.659937
0.190001        0.66044
0.191001       0.660929
0.192001       0.661402
0.193001       0.661861
0.194001       0.662305
0.195001       0.662735
0.196001       0.663151
0.197001       0.663552
0.198001        0.66394
0.199001       0.664314
0.200001       0.664674
0.201001       0.665021
0.202001       0.665354
0.203001       0.665674
0.204001       0.665981
0.205001       0.666275
0.206001       0.666556
0.207001       0.666824
0.208001       0.667079
0.209001       0.667323
0.210001       0.667553
0.211001       0.667772
0.212001       0.667978
0.213001       0.668173
0.214001       0.668355
0.215001       0.668526
0.216001       0.668685
0.217001       0.668832
0.218001       0.668968
0.219001       0.669093
0.220001       0.669207
0.221001       0.669309
0.222001       0.669401
0.223001       0.669482
0.224001       0.669552
0.225001       0.669611
0.226001        0.66966
0.227001       0.669698
0.228001       0.669726
0.229001       0.669744
0.230001       0.669752
0.231001       0.669749
0.232001       0.669737
0.233001       0.669715
0.234001       0.669683
0.235001       0.669641
0.236001        0.66959
0.237001        0.66953
0.238001        0.66946
0.239001       0.669381
0.240001       0.669293
0.241001       0.669196
0.242001       0.669089
0.243001       0.668974
0.244001        0.66885
0.245001       0.668717
0.246001       0.668576
0.247001       0.668426
0.248001       0.668268
0.249001       0.668101
0.250001       0.667926
0.251001       0.667743
0.252001       0.667552
0.253001       0.667352
0.254001       0.667145
0.255001        0.66693
0.256001       0.666707
0.257001       0.666476
0.258001       0.666238
0.259001       0.665992
0.260001       0.665738
0.261001       0.665477
0.262001       0.665209
0.263001       0.664933
0.264001       0.664651
0.265001       0.664361
0.266001       0.664064
0.267001        0.66376
0.268001       0.663449
0.269001       0.663131
0.270001       0.662807
0.271001       0.662475
0.272001       0.662137
0.273001       0.661793
0.274001       0.661442
0.275001       0.661084
0.276001        0.66072
0.277001        0.66035
0.278001       0.659974
0.279001       0.659591
0.280001       0.659202
0.281001       0.658807
0.282001       0.658407
0.283001          0.658
0.284001       0.657587
0.285001       0.657168
0.286001       0.656744
0.287001       0.656314
0.288001       0.655878
0.289001       0.655437
0.290001        0.65499
0.291001       0.654537
0.292001       0.654079
0.293001       0.653616
0.294001       0.653147
0.295001       0.652673
0.296001       0.652194
0.297001        0.65171
0.298001        0.65122
0.299001       0.650726
0.300001       0.650226
0.301001       0.649722
0.302001       0.649212
0.303001       0.648698
0.304001       0.648179
0.305001       0.647655
0.306001       0.647126
0.307001       0.646592
0.308001       0.646054
0.309001       0.645512
0.310001       0.644964
0.311001       0.644413
0.312001       0.643857
0.313001       0.643296
0.314001       0.642731
0.315001       0.642162
0.316001       0.641588
0.317001        0.64101
0.318001       0.640428
0.319001       0.639842
0.320001       0.639252
0.321001       0.638658
0.322001       0.638059
0.323001       0.637457
0.324001        0.63685
0.325001        0.63624
0.326001       0.635626
0.327001       0.635008
0.328001       0.634386
0.329001       0.633761
0.330001       0.633131
0.331001       0.632498
0.332001       0.631862
0.333001       0.631222
0.334001       0.630578
0.335001        0.62993
0.336001        0.62928
0.337001       0.628625
0.338001       0.627967
0.339001       0.627306
0.340001       0.626642
0.341001       0.625974
0.342001       0.625303
0.343001       0.624628
0.344001        0.62395
0.345001        0.62327
0.346001       0.622585
0.347001       0.621898
0.348001       0.621208
0.349001       0.620515
0.350001       0.619818
0.351001       0.619119
0.352001       0.618416
0.353001       0.617711
0.354001       0.617002
0.355001       0.616291
0.356001       0.615577
0.357001        0.61486
0.358001        0.61414
0.359001       0.613418
0.360001       0.612692
0.361001       0.611964
0.362001       0.611233
0.363001         0.6105
0.364001       0.609764
0.365001       0.609025
0.366001       0.608284
0.367001        0.60754
0.368001       0.606793
0.369001       0.606044
0.370001       0.605293
0.371001       0.604539
0.372001       0.603782
0.373001       0.603024
0.374001       0.602262
0.375001       0.601499
0.376001       0.600733
0.377001       0.599965
0.378001       0.599194
0.379001       0.598421
0.380001       0.597646
0.381001       0.596869
0.382001       0.596089
0.383001       0.595307
0.384001       0.594523
0.385001       0.593737
0.386001       0.592949
0.387001       0.592159
0.388001       0.591366
0.389001       0.590572
0.390001       0.589775
0.391001       0.588977
0.392001       0.588176
0.393001       0.587374
0.394001       0.586569
0.395001       0.585763
0.396001       0.584954
0.397001       0.584144
0.398001       0.583332
0.399001       0.582518
0.400001       0.581702
0.401001       0.580884
0.402001       0.580065
0.403001       0.579243
0.404001        0.57842
0.405001       0.577596
0.406001       0.576769
0.407001       0.575941
0.408001       0.575111
0.409001       0.574279
0.410001       0.573445
0.411001        0.57261
0.412001       0.571774
0.413001       0.570935
0.414001       0.570095
0.415001       0.569254
0.416001       0.568411
0.417001       0.567566
0.418001        0.56672
0.419001       0.565872
0.420001       0.565023
0.421001       0.564172
0.422001        0.56332
0.423001       0.562466
0.424001       0.561611
0.425001       0.560755
0.426001       0.559897
0.427001       0.559037
0.428001       0.558176
0.429001       0.557314
0.430001        0.55645
0.431001       0.555586
0.432001       0.554719
0.433001       0.553852
0.434001       0.552983
0.435001       0.552112
0.436001       0.551241
0.437001       0.550368
0.438001       0.549494
0.439001       0.548619
0.440001       0.547742
0.441001       0.546864
0.442001       0.545985
0.443001       0.545105
0.444001       0.544224
0.445001       0.543341
0.446001       0.542457
0.447001       0.541572
0.448001       0.540686
0.449001       0.539799
0.450001       0.538911
0.451001       0.538022
0.452001       0.537131
0.453001       0.536239
0.454001       0.535347
0.455001       0.534453
0.456001       0.533558
0.457001       0.532662
0.458001       0.531765
0.459001       0.530867
0.460001       0.529969
0.461001       0.529069
0.462001       0.528168
0.463001       0.527266
0.464001       0.526363
0.465001       0.525459
0.466001       0.524554
0.467001       0.523648
0.468001       0.522742
0.469001       0.521834
0.470001       0.520926
0.471001       0.520016
0.472001       0.519106
0.473001       0.518195
0.474001       0.517282
0.475001       0.516369
0.476001       0.515456
0.477001       0.514541
0.478001       0.513625
0.479001       0.512709
0.480001       0.511792
0.481001       0.510873
0.482001       0.509955
0.483001       0.509035
0.484001       0.508114
0.485001       0.507193
0.486001       0.506271
0.487001       0.505348
0.488       0.504425
0.489         0.5035
0.49       0.502575
0.491       0.501649
0.492       0.500723
0.493       0.499795
0.494       0.498867
0.495       0.497939
0.496       0.497009
0.497       0.496079
0.498       0.495148
0.499       0.494217
0.5       0.493284
0.501       0.492351
0.502       0.491418
0.503       0.490484
0.504       0.489549
0.505       0.488613
0.506       0.487677
0.507        0.48674
0.508       0.485803
0.509       0.484865
0.51       0.483926
0.511       0.482987
0.512       0.482047
0.513       0.481106
0.514       0.480165
0.515       0.479224
0.516       0.478281
0.517       0.477338
0.518       0.476395
0.519       0.475451
0.52       0.474507
0.521       0.473562
0.522       0.472616
0.523        0.47167
0.524       0.470723
0.525       0.469776
0.526       0.468828
0.527        0.46788
0.528       0.466931
0.529       0.465982
0.53       0.465032
0.531       0.464082
0.532       0.463131
0.533        0.46218
0.534       0.461228
0.535       0.460276
0.536       0.459323
0.537        0.45837
0.538       0.457416
0.539       0.456462
0.54       0.455507
0.541       0.454552
0.542       0.453597
0.543       0.452641
0.544       0.451685
0.545       0.450728
0.546       0.449771
0.547       0.448813
0.548       0.447855
0.549       0.446897
0.55       0.445938
0.551       0.444978
0.552       0.444019
0.553       0.443059
0.554       0.442098
0.555       0.441137
0.556       0.440176
0.557       0.439214
0.558       0.438252
0.559        0.43729
0.56       0.436327
0.561       0.435364
0.562         0.4344
0.563       0.433437
0.564       0.432472
0.565       0.431508
0.566       0.430543
0.567       0.429577
0.568       0.428612
0.569       0.427646
0.57       0.426679
0.571       0.425713
0.572       0.424746
0.573       0.423779
0.574       0.422811
0.575       0.421843
0.576       0.420875
0.577       0.419906
0.578       0.418937
0.579       0.417968
0.58       0.416998
0.581       0.416029
0.582       0.415058
0.583       0.414088
0.584       0.413117
0.585       0.412146
0.586       0.411175
0.587       0.410203
0.588       0.409232
0.589       0.408259
0.59       0.407287
0.591       0.406314
0.592       0.405341
0.593       0.404368
0.594       0.403395
0.595       0.402421
0.596       0.401447
0.597       0.400472
0.598       0.399498
0.599       0.398523
0.6       0.397548
0.601       0.396573
0.602       0.395597
0.603       0.394621
0.604       0.393645
0.605       0.392669
0.606       0.391693
0.607       0.390716
0.608       0.389739
0.609       0.388762
0.61       0.387784
0.611       0.386807
0.612       0.385829
0.613       0.384851
0.614       0.383873
0.615       0.382894
0.616       0.381915
0.617       0.380936
0.618       0.379957
0.619       0.378978
0.62       0.377998
0.621       0.377019
0.622       0.376039
0.623       0.375058
0.624       0.374078
0.625       0.373098
0.626       0.372117
0.627       0.371136
0.628       0.370155
0.629       0.369173
0.63       0.368192
0.631        0.36721
0.632       0.366228
0.633       0.365246
0.634       0.364264
0.635       0.363282
0.636       0.362299
0.637       0.361316
0.638       0.360333
0.639        0.35935
0.64       0.358367
0.641       0.357384
0.642         0.3564
0.643       0.355416
0.644       0.354432
0.645       0.353448
0.646       0.352464
0.647        0.35148
0.648       0.350495
0.649       0.349511
0.65       0.348526
0.651       0.347541
0.652       0.346556
0.653        0.34557
0.654       0.344585
0.655       0.343599
0.656       0.342614
0.657       0.341628
0.658       0.340642
0.659       0.339656
0.66       0.338669
0.661       0.337683
0.662       0.336696
0.663        0.33571
0.664       0.334723
0.665       0.333736
0.666       0.332749
0.667       0.331762
0.668       0.330774
0.669       0.329787
0.67       0.328799
0.671       0.327811
0.672       0.326824
0.673       0.325836
0.674       0.324848
0.675       0.323859
0.676       0.322871
0.677       0.321883
0.678       0.320894
0.679       0.319906
0.68       0.318917
0.681       0.317928
0.682       0.316939
0.683        0.31595
0.684       0.314961
0.685       0.313971
0.686       0.312982
0.687       0.311992
0.688       0.311003
0.689       0.310013
0.69       0.309023
0.691       0.308033
0.692       0.307043
0.693       0.306053
0.694       0.305063
0.695       0.304073
0.696       0.303082
0.697       0.302092
0.698       0.301101
0.699        0.30011
0.7        0.29912
0.701       0.298129
0.702       0.297138
0.703       0.296147
0.704       0.295156
0.705       0.294164
0.706       0.293173
0.707       0.292182
0.708        0.29119
0.709       0.290199
0.71       0.289207
0.711       0.288215
0.712       0.287223
0.713       0.286231
0.714       0.285239
0.715       0.284247
0.716       0.283255
0.717       0.282263
0.718       0.281271
0.719       0.280278
0.72       0.279286
0.721       0.278293
0.722       0.277301
0.723       0.276308
0.724       0.275315
0.725       0.274322
0.726        0.27333
0.727       0.272337
0.728       0.271344
0.729        0.27035
0.73       0.269357
0.731       0.268364
0.732       0.267371
0.733       0.266377
0.734       0.265384
0.735       0.264391
0.736       0.263397
0.737       0.262403
0.738        0.26141
0.739       0.260416
0.74       0.259422
0.741       0.258428
0.742       0.257434
0.743        0.25644
0.744       0.255446
0.745       0.254452
0.746       0.253458
0.747       0.252464
0.748       0.251469
0.749       0.250475
0.75       0.249481
0.751       0.248486
0.752       0.247492
0.753       0.246497
0.754       0.245503
0.755       0.244508
0.756       0.243513
0.757       0.242518
0.758       0.241524
0.759       0.240529
0.76       0.239534
0.761       0.238539
0.762       0.237544
0.763       0.236549
0.764       0.235554
0.765       0.234558
0.766       0.233563
0.767       0.232568
0.768       0.231573
0.769       0.230577
0.77       0.229582
0.771       0.228586
0.772       0.227591
0.773       0.226595
0.774         0.2256
0.775       0.224604
0.776       0.223609
0.777       0.222613
0.778       0.221617
0.779       0.220621
0.78       0.219625
0.781        0.21863
0.782       0.217634
0.783       0.216638
0.784       0.215642
0.785       0.214646
0.786        0.21365
0.787       0.212653
0.788       0.211657
0.789       0.210661
0.79       0.209665
0.791       0.208669
0.792       0.207672
0.793       0.206676
0.794        0.20568
0.795       0.204683
0.796       0.203687
0.797        0.20269
0.798       0.201694
0.799       0.200697
0.8       0.199701
0.801       0.198704
0.802       0.197707
0.803       0.196711
0.804       0.195714
0.805       0.194717
0.806        0.19372
0.807       0.192724
0.808       0.191727
0.809        0.19073
0.81       0.189733
0.811       0.188736
0.812       0.187739
0.813       0.186742
0.814       0.185745
0.815       0.184748
0.816       0.183751
0.817       0.182754
0.818       0.181757
0.819        0.18076
0.82       0.179762
0.821       0.178765
0.822       0.177768
0.823       0.176771
0.824       0.175773
0.825       0.174776
0.826       0.173779
0.827       0.172781
0.828       0.171784
0.829       0.170786
0.83       0.169789
0.831       0.168792
0.832       0.167794
0.833       0.166796
0.834       0.165799
0.835       0.164801
0.836       0.163804
0.837       0.162806
0.838       0.161808
0.839       0.160811
0.84       0.159813
0.841       0.158815
0.842       0.157818
0.843        0.15682
0.844       0.155822
0.845       0.154824
0.846       0.153826
0.847       0.152829
0.848       0.151831
0.849       0.150833
0.85       0.149835
0.851       0.148837
0.852       0.147839
0.853       0.146841
0.854       0.145843
0.855       0.144845
0.856       0.143847
0.857       0.142849
0.858       0.141851
0.859       0.140853
0.86       0.139855
0.861       0.138857
0.862       0.137859
0.863        0.13686
0.864       0.135862
0.865       0.134864
0.866       0.133866
0.867       0.132868
0.868       0.131869
0.869       0.130871
0.87       0.129873
0.871       0.128874
0.872       0.127876
0.873       0.126878
0.874       0.125879
0.875       0.124881
0.876       0.123883
0.877       0.122884
0.878       0.121886
0.879       0.120888
0.88       0.119889
0.881       0.118891
0.882       0.117892
0.883       0.116894
0.884       0.115895
0.885       0.114897
0.886       0.113898
0.887         0.1129
0.888       0.111901
0.889       0.110902
0.89       0.109904
0.891       0.108905
0.892       0.107907
0.893       0.106908
0.894       0.105909
0.895       0.104911
0.896       0.103912
0.897       0.102913
0.898       0.101915
0.899       0.100916
0.9      0.0999174
0.901      0.0989186
0.902      0.0979199
0.903      0.0969211
0.904      0.0959224
0.905      0.0949236
0.906      0.0939248
0.907       0.092926
0.908      0.0919272
0.909      0.0909284
0.91      0.0899296
0.911      0.0889307
0.912      0.0879319
0.913       0.086933
0.914      0.0859341
0.915      0.0849352
0.916      0.0839363
0.917      0.0829374
0.918      0.0819385
0.919      0.0809396
0.92      0.0799406
0.921      0.0789417
0.922      0.0779427
0.923      0.0769438
0.924      0.0759448
0.925      0.0749458
0.926      0.0739468
0.927      0.0729478
0.928      0.0719488
0.929      0.0709498
0.93      0.0699507
0.931      0.0689517
0.932      0.0679526
0.933      0.0669536
0.934      0.0659545
0.935      0.0649554
0.936      0.0639563
0.937      0.0629572
0.938      0.0619581
0.939       0.060959
0.94      0.0599599
0.941      0.0589608
0.942      0.0579616
0.943      0.0569625
0.944      0.0559633
0.945      0.0549642
0.946       0.053965
0.947      0.0529658
0.948      0.0519666
0.949      0.0509674
0.95      0.0499682
0.951       0.048969
0.952      0.0479698
0.953      0.0469706
0.954      0.0459713
0.955      0.0449721
0.956      0.0439729
0.957      0.0429736
0.958      0.0419744
0.959      0.0409751
0.96      0.0399758
0.961      0.0389765
0.962      0.0379772
0.963       0.036978
0.964      0.0359787
0.965      0.0349794
0.966        0.03398
0.967      0.0329807
0.968      0.0319814
0.969      0.0309821
0.97      0.0299827
0.971      0.0289834
0.972       0.027984
0.973      0.0269847
0.974      0.0259853
0.975      0.0249859
0.976      0.0239866
0.977      0.0229872
0.978      0.0219878
0.979      0.0209884
0.98       0.019989
0.981      0.0189896
0.982      0.0179902
0.983      0.0169908
0.984      0.0159914
0.985       0.014992
0.986      0.0139925
0.987      0.0129931
0.988      0.0119937
0.989      0.0109942
0.99     0.00999476
0.991     0.00899531
0.992     0.00799585
0.993     0.00699638
0.994     0.00599691
0.995     0.00499744
0.996     0.00399796
0.997     0.00299848
0.998     0.00199899
0.999    0.000999497
