# First line is the value of n 
1000
0.000999001              0
0.001998     0.00909608
0.002997      0.0180449
0.003996      0.0268724
0.004995      0.0355877
0.00599401       0.044196
0.00699301      0.0527006
0.00799201      0.0611043
0.00899101       0.069409
0.00999001      0.0776166
0.010989      0.0857287
0.011988      0.0937467
0.012987       0.101672
0.013986       0.109506
0.014985       0.117249
0.015984       0.124904
0.016983        0.13247
0.017982       0.139949
0.018981       0.147343
0.01998       0.154651
0.020979       0.161875
0.021978       0.169016
0.022977       0.176075
0.023976       0.183053
0.024975       0.189951
0.025974       0.196768
0.026973       0.203508
0.027972       0.210169
0.028971       0.216753
0.02997       0.223262
0.030969       0.229694
0.031968       0.236053
0.032967       0.242337
0.033966       0.248549
0.034965       0.254688
0.035964       0.260755
0.036963       0.266752
0.037962       0.272679
0.038961       0.278536
0.03996       0.284325
0.040959       0.290046
0.041958         0.2957
0.042957       0.301287
0.043956       0.306808
0.044955       0.312265
0.045954       0.317656
0.046953       0.322984
0.047952       0.328249
0.048951       0.333451
0.04995       0.338591
0.050949        0.34367
0.0519481       0.348688
0.0529471       0.353646
0.0539461       0.358544
0.0549451       0.363384
0.0559441       0.368166
0.0569431       0.372889
0.0579421       0.377556
0.0589411       0.382166
0.0599401       0.386721
0.0609391        0.39122
0.0619381       0.395664
0.0629371       0.400053
0.0639361        0.40439
0.0649351       0.408672
0.0659341       0.412903
0.0669331       0.417081
0.0679321       0.421207
0.0689311       0.425283
0.0699301       0.429308
0.0709291       0.433283
0.0719281       0.437208
0.0729271       0.441084
0.0739261       0.444912
0.0749251       0.448691
0.0759241       0.452423
0.0769231       0.456108
0.0779221       0.459746
0.0789211       0.463338
0.0799201       0.466885
0.0809191       0.470386
0.0819181       0.473842
0.0829171       0.477254
0.0839161       0.480622
0.0849151       0.483947
0.0859141       0.487228
0.0869131       0.490467
0.0879121       0.493664
0.0889111       0.496819
0.0899101       0.499932
0.0909091       0.503005
0.0919081       0.506037
0.0929071       0.509029
0.0939061       0.511982
0.0949051       0.514895
0.0959041       0.517769
0.0969031       0.520604
0.0979021       0.523402
0.0989011       0.526161
0.0999001       0.528883
0.100899       0.531569
0.101898       0.534217
0.102897        0.53683
0.103896       0.539406
0.104895       0.541947
0.105894       0.544452
0.106893       0.546923
0.107892       0.549359
0.108891       0.551761
0.10989        0.55413
0.110889       0.556464
0.111888       0.558766
0.112887       0.561035
0.113886       0.563271
0.114885       0.565475
0.115884       0.567648
0.116883       0.569788
0.117882       0.571898
0.118881       0.573977
0.11988       0.576025
0.120879       0.578042
0.121878        0.58003
0.122877       0.581988
0.123876       0.583917
0.124875       0.585816
0.125874       0.587687
0.126873       0.589529
0.127872       0.591343
0.128871       0.593129
0.12987       0.594888
0.130869       0.596619
0.131868       0.598322
0.132867       0.599999
0.133866        0.60165
0.134865       0.603274
0.135864       0.604872
0.136863       0.606444
0.137862        0.60799
0.138861       0.609512
0.13986       0.611008
0.140859       0.612479
0.141858       0.613926
0.142857       0.615349
0.143856       0.616747
0.144855       0.618122
0.145854       0.619473
0.146853       0.620801
0.147852       0.622106
0.148851       0.623387
0.14985       0.624647
0.150849       0.625883
0.151848       0.627098
0.152847        0.62829
0.153846       0.629461
0.154845        0.63061
0.155844       0.631738
0.156843       0.632845
0.157842        0.63393
0.158841       0.634995
0.15984        0.63604
0.160839       0.637064
0.161838       0.638068
0.162837       0.639053
0.163836       0.640017
0.164835       0.640962
0.165834       0.641888
0.166833       0.642795
0.167832       0.643682
0.168831       0.644551
0.16983       0.645402
0.170829       0.646234
0.171828       0.647048
0.172827       0.647844
0.173826       0.648622
0.174825       0.649382
0.175824       0.650125
0.176823       0.650851
0.177822       0.651559
0.178821       0.652251
0.17982       0.652926
0.180819       0.653584
0.181818       0.654225
0.182817       0.654851
0.183816        0.65546
0.184815       0.656053
0.185814       0.656631
0.186813       0.657193
0.187812       0.657739
0.188811        0.65827
0.18981       0.658786
0.190809       0.659287
0.191808       0.659773
0.192807       0.660244
0.193806         0.6607
0.194805       0.661142
0.195804        0.66157
0.196803       0.661984
0.197802       0.662384
0.198801       0.662769
0.1998       0.663141
0.200799         0.6635
0.201798       0.663845
0.202797       0.664176
0.203796       0.664495
0.204795         0.6648
0.205794       0.665092
0.206793       0.665372
0.207792       0.665639
0.208791       0.665893
0.20979       0.666135
0.210789       0.666364
0.211788       0.666581
0.212787       0.666787
0.213786        0.66698
0.214785       0.667162
0.215784       0.667331
0.216783       0.667489
0.217782       0.667636
0.218781       0.667771
0.21978       0.667896
0.220779       0.668008
0.221778        0.66811
0.222777       0.668201
0.223776       0.668281
0.224775       0.668351
0.225774        0.66841
0.226773       0.668458
0.227772       0.668496
0.228771       0.668524
0.22977       0.668541
0.230769       0.668549
0.231768       0.668546
0.232767       0.668534
0.233766       0.668511
0.234765       0.668479
0.235764       0.668438
0.236763       0.668387
0.237762       0.668326
0.238761       0.668257
0.23976       0.668178
0.240759       0.668089
0.241758       0.667992
0.242757       0.667886
0.243756       0.667771
0.244755       0.667648
0.245754       0.667515
0.246753       0.667374
0.247752       0.667225
0.248751       0.667067
0.24975       0.666901
0.250749       0.666726
0.251748       0.666543
0.252747       0.666353
0.253746       0.666154
0.254745       0.665947
0.255744       0.665733
0.256743        0.66551
0.257742        0.66528
0.258741       0.665042
0.25974       0.664797
0.260739       0.664544
0.261738       0.664284
0.262737       0.664017
0.263736       0.663742
0.264735        0.66346
0.265734       0.663171
0.266733       0.662875
0.267732       0.662572
0.268731       0.662262
0.26973       0.661946
0.270729       0.661622
0.271728       0.661292
0.272727       0.660955
0.273726       0.660612
0.274725       0.660262
0.275724       0.659906
0.276723       0.659543
0.277722       0.659174
0.278721       0.658799
0.27972       0.658417
0.280719        0.65803
0.281718       0.657636
0.282717       0.657237
0.283716       0.656831
0.284715        0.65642
0.285714       0.656002
0.286713       0.655579
0.287712       0.655151
0.288711       0.654716
0.28971       0.654276
0.290709       0.653831
0.291708        0.65338
0.292707       0.652923
0.293706       0.652462
0.294705       0.651994
0.295704       0.651522
0.296703       0.651044
0.297702       0.650562
0.298701       0.650074
0.2997       0.649581
0.300699       0.649083
0.301698        0.64858
0.302697       0.648072
0.303696       0.647559
0.304695       0.647042
0.305694        0.64652
0.306693       0.645993
0.307692       0.645461
0.308691       0.644925
0.30969       0.644384
0.310689       0.643838
0.311688       0.643288
0.312687       0.642734
0.313686       0.642175
0.314685       0.641612
0.315684       0.641045
0.316683       0.640473
0.317682       0.639897
0.318681       0.639317
0.31968       0.638732
0.320679       0.638144
0.321678       0.637552
0.322677       0.636955
0.323676       0.636355
0.324675        0.63575
0.325674       0.635142
0.326673        0.63453
0.327672       0.633914
0.328671       0.633294
0.32967        0.63267
0.330669       0.632043
0.331668       0.631412
0.332667       0.630777
0.333666       0.630139
0.334665       0.629497
0.335664       0.628852
0.336663       0.628203
0.337662       0.627551
0.338661       0.626895
0.33966       0.626236
0.340659       0.625573
0.341658       0.624908
0.342657       0.624238
0.343656       0.623566
0.344655        0.62289
0.345654       0.622212
0.346653        0.62153
0.347652       0.620845
0.348651       0.620156
0.34965       0.619465
0.350649       0.618771
0.351648       0.618073
0.352647       0.617373
0.353646        0.61667
0.354645       0.615963
0.355644       0.615254
0.356643       0.614542
0.357642       0.613827
0.358641        0.61311
0.35964       0.612389
0.360639       0.611666
0.361638        0.61094
0.362637       0.610212
0.363636        0.60948
0.364635       0.608746
0.365634        0.60801
0.366633       0.607271
0.367632       0.606529
0.368631       0.605785
0.36963       0.605038
0.370629       0.604289
0.371628       0.603537
0.372627       0.602783
0.373626       0.602026
0.374625       0.601267
0.375624       0.600506
0.376623       0.599742
0.377622       0.598976
0.378621       0.598208
0.37962       0.597437
0.380619       0.596664
0.381618       0.595889
0.382617       0.595112
0.383616       0.594332
0.384615        0.59355
0.385614       0.592767
0.386613       0.591981
0.387612       0.591192
0.388611       0.590402
0.38961        0.58961
0.390609       0.588816
0.391608       0.588019
0.392607       0.587221
0.393606       0.586421
0.394605       0.585619
0.395604       0.584814
0.396603       0.584008
0.397602         0.5832
0.398601        0.58239
0.3996       0.581579
0.400599       0.580765
0.401598        0.57995
0.402597       0.579132
0.403596       0.578313
0.404595       0.577492
0.405594        0.57667
0.406593       0.575845
0.407592       0.575019
0.408591       0.574192
0.40959       0.573362
0.410589       0.572531
0.411588       0.571698
0.412587       0.570864
0.413586       0.570028
0.414585        0.56919
0.415584       0.568351
0.416583        0.56751
0.417582       0.566667
0.418581       0.565824
0.41958       0.564978
0.420579       0.564131
0.421578       0.563283
0.422577       0.562433
0.423576       0.561581
0.424575       0.560728
0.425574       0.559874
0.426573       0.559018
0.427572       0.558161
0.428571       0.557302
0.42957       0.556442
0.430569       0.555581
0.431568       0.554718
0.432567       0.553854
0.433566       0.552989
0.434565       0.552122
0.435564       0.551254
0.436563       0.550385
0.437562       0.549514
0.438561       0.548642
0.43956       0.547769
0.440559       0.546895
0.441558       0.546019
0.442557       0.545143
0.443556       0.544265
0.444555       0.543385
0.445554       0.542505
0.446553       0.541624
0.447552       0.540741
0.448551       0.539857
0.44955       0.538972
0.450549       0.538086
0.451548       0.537199
0.452547        0.53631
0.453546       0.535421
0.454545        0.53453
0.455544       0.533639
0.456543       0.532746
0.457542       0.531853
0.458541       0.530958
0.45954       0.530062
0.460539       0.529165
0.461538       0.528268
0.462537       0.527369
0.463536       0.526469
0.464535       0.525569
0.465534       0.524667
0.466533       0.523764
0.467532       0.522861
0.468531       0.521956
0.46953       0.521051
0.470529       0.520144
0.471528       0.519237
0.472527       0.518329
0.473526        0.51742
0.474525        0.51651
0.475524       0.515599
0.476523       0.514687
0.477522       0.513775
0.478521       0.512861
0.47952       0.511947
0.480519       0.511032
0.481518       0.510116
0.482517       0.509199
0.483516       0.508281
0.484515       0.507363
0.485514       0.506444
0.486513       0.505524
0.487512       0.504603
0.488511       0.503682
0.48951        0.50276
0.490509       0.501837
0.491508       0.500913
0.492507       0.499988
0.493506       0.499063
0.494505       0.498137
0.495504        0.49721
0.496503       0.496283
0.497502       0.495355
0.498501       0.494426
0.4995       0.493497
0.500499       0.492567
0.501498       0.491636
0.502497       0.490704
0.503496       0.489772
0.504495       0.488839
0.505494       0.487906
0.506493       0.486972
0.507492       0.486037
0.508491       0.485102
0.50949       0.484165
0.510489       0.483229
0.511488       0.482292
0.512487       0.481354
0.513486       0.480415
0.514486       0.479476
0.515485       0.478537
0.516484       0.477596
0.517483       0.476656
0.518482       0.475714
0.519481       0.474772
0.52048        0.47383
0.521479       0.472887
0.522478       0.471943
0.523477       0.470999
0.524476       0.470054
0.525475       0.469109
0.526474       0.468163
0.527473       0.467217
0.528472        0.46627
0.529471       0.465323
0.53047       0.464375
0.531469       0.463427
0.532468       0.462478
0.533467       0.461529
0.534466       0.460579
0.535465       0.459629
0.536464       0.458678
0.537463       0.457727
0.538462       0.456775
0.539461       0.455823
0.54046        0.45487
0.541459       0.453917
0.542458       0.452964
0.543457        0.45201
0.544456       0.451056
0.545455       0.450101
0.546454       0.449145
0.547453        0.44819
0.548452       0.447234
0.549451       0.446277
0.55045        0.44532
0.551449       0.444363
0.552448       0.443405
0.553447       0.442447
0.554446       0.441488
0.555445       0.440529
0.556444        0.43957
0.557443        0.43861
0.558442        0.43765
0.559441       0.436689
0.56044       0.435729
0.561439       0.434767
0.562438       0.433806
0.563437       0.432844
0.564436       0.431881
0.565435       0.430919
0.566434       0.429955
0.567433       0.428992
0.568432       0.428028
0.569431       0.427064
0.57043         0.4261
0.571429       0.425135
0.572428        0.42417
0.573427       0.423204
0.574426       0.422238
0.575425       0.421272
0.576424       0.420306
0.577423       0.419339
0.578422       0.418372
0.579421       0.417405
0.58042       0.416437
0.581419       0.415469
0.582418       0.414501
0.583417       0.413532
0.584416       0.412563
0.585415       0.411594
0.586414       0.410624
0.587413       0.409655
0.588412       0.408685
0.589411       0.407714
0.59041       0.406744
0.591409       0.405773
0.592408       0.404802
0.593407        0.40383
0.594406       0.402858
0.595405       0.401886
0.596404       0.400914
0.597403       0.399942
0.598402       0.398969
0.599401       0.397996
0.6004       0.397023
0.601399       0.396049
0.602398       0.395075
0.603397       0.394101
0.604396       0.393127
0.605395       0.392152
0.606394       0.391178
0.607393       0.390203
0.608392       0.389228
0.609391       0.388252
0.61039       0.387276
0.611389       0.386301
0.612388       0.385324
0.613387       0.384348
0.614386       0.383371
0.615385       0.382395
0.616384       0.381418
0.617383        0.38044
0.618382       0.379463
0.619381       0.378485
0.62038       0.377508
0.621379       0.376529
0.622378       0.375551
0.623377       0.374573
0.624376       0.373594
0.625375       0.372615
0.626374       0.371636
0.627373       0.370657
0.628372       0.369677
0.629371       0.368698
0.63037       0.367718
0.631369       0.366738
0.632368       0.365758
0.633367       0.364777
0.634366       0.363797
0.635365       0.362816
0.636364       0.361835
0.637363       0.360854
0.638362       0.359873
0.639361       0.358891
0.64036        0.35791
0.641359       0.356928
0.642358       0.355946
0.643357       0.354964
0.644356       0.353982
0.645355       0.352999
0.646354       0.352017
0.647353       0.351034
0.648352       0.350051
0.649351       0.349068
0.65035       0.348085
0.651349       0.347101
0.652348       0.346118
0.653347       0.345134
0.654346        0.34415
0.655345       0.343166
0.656344       0.342182
0.657343       0.341198
0.658342       0.340214
0.659341       0.339229
0.66034       0.338244
0.661339       0.337259
0.662338       0.336275
0.663337       0.335289
0.664336       0.334304
0.665335       0.333319
0.666334       0.332333
0.667333       0.331348
0.668332       0.330362
0.669331       0.329376
0.67033        0.32839
0.671329       0.327404
0.672328       0.326418
0.673327       0.325431
0.674326       0.324445
0.675325       0.323458
0.676324       0.322471
0.677323       0.321484
0.678322       0.320497
0.679321        0.31951
0.68032       0.318523
0.681319       0.317536
0.682318       0.316548
0.683317       0.315561
0.684316       0.314573
0.685315       0.313585
0.686314       0.312597
0.687313       0.311609
0.688312       0.310621
0.689311       0.309633
0.69031       0.308645
0.691309       0.307656
0.692308       0.306668
0.693307       0.305679
0.694306       0.304691
0.695305       0.303702
0.696304       0.302713
0.697303       0.301724
0.698302       0.300735
0.699301       0.299746
0.7003       0.298756
0.701299       0.297767
0.702298       0.296777
0.703297       0.295788
0.704296       0.294798
0.705295       0.293808
0.706294       0.292818
0.707293       0.291829
0.708292       0.290839
0.709291       0.289848
0.71029       0.288858
0.711289       0.287868
0.712288       0.286878
0.713287       0.285887
0.714286       0.284897
0.715285       0.283906
0.716284       0.282915
0.717283       0.281925
0.718282       0.280934
0.719281       0.279943
0.72028       0.278952
0.721279       0.277961
0.722278       0.276969
0.723277       0.275978
0.724276       0.274987
0.725275       0.273996
0.726274       0.273004
0.727273       0.272013
0.728272       0.271021
0.729271       0.270029
0.73027       0.269038
0.731269       0.268046
0.732268       0.267054
0.733267       0.266062
0.734266        0.26507
0.735265       0.264078
0.736264       0.263086
0.737263       0.262093
0.738262       0.261101
0.739261       0.260109
0.74026       0.259116
0.741259       0.258124
0.742258       0.257131
0.743257       0.256139
0.744256       0.255146
0.745255       0.254153
0.746254       0.253161
0.747253       0.252168
0.748252       0.251175
0.749251       0.250182
0.75025       0.249189
0.751249       0.248196
0.752248       0.247203
0.753247       0.246209
0.754246       0.245216
0.755245       0.244223
0.756244        0.24323
0.757243       0.242236
0.758242       0.241243
0.759241       0.240249
0.76024       0.239256
0.761239       0.238262
0.762238       0.237268
0.763237       0.236275
0.764236       0.235281
0.765235       0.234287
0.766234       0.233293
0.767233       0.232299
0.768232       0.231305
0.769231       0.230311
0.77023       0.229317
0.771229       0.228323
0.772228       0.227329
0.773227       0.226335
0.774226        0.22534
0.775225       0.224346
0.776224       0.223352
0.777223       0.222357
0.778222       0.221363
0.779221       0.220368
0.78022       0.219374
0.781219       0.218379
0.782218       0.217385
0.783217        0.21639
0.784216       0.215395
0.785215       0.214401
0.786214       0.213406
0.787213       0.212411
0.788212       0.211416
0.789211       0.210421
0.79021       0.209426
0.791209       0.208431
0.792208       0.207436
0.793207       0.206441
0.794206       0.205446
0.795205       0.204451
0.796204       0.203456
0.797203       0.202461
0.798202       0.201466
0.799201        0.20047
0.8002       0.199475
0.801199        0.19848
0.802198       0.197484
0.803197       0.196489
0.804196       0.195493
0.805195       0.194498
0.806194       0.193502
0.807193       0.192507
0.808192       0.191511
0.809191       0.190516
0.81019        0.18952
0.811189       0.188524
0.812188       0.187529
0.813187       0.186533
0.814186       0.185537
0.815185       0.184541
0.816184       0.183546
0.817183        0.18255
0.818182       0.181554
0.819181       0.180558
0.82018       0.179562
0.821179       0.178566
0.822178        0.17757
0.823177       0.176574
0.824176       0.175578
0.825175       0.174582
0.826174       0.173586
0.827173        0.17259
0.828172       0.171593
0.829171       0.170597
0.83017       0.169601
0.831169       0.168605
0.832168       0.167608
0.833167       0.166612
0.834166       0.165616
0.835165       0.164619
0.836164       0.163623
0.837163       0.162627
0.838162        0.16163
0.839161       0.160634
0.84016       0.159637
0.841159       0.158641
0.842158       0.157644
0.843157       0.156648
0.844156       0.155651
0.845155       0.154654
0.846154       0.153658
0.847153       0.152661
0.848152       0.151664
0.849151       0.150668
0.85015       0.149671
0.851149       0.148674
0.852148       0.147678
0.853147       0.146681
0.854146       0.145684
0.855145       0.144687
0.856144        0.14369
0.857143       0.142693
0.858142       0.141697
0.859141         0.1407
0.86014       0.139703
0.861139       0.138706
0.862138       0.137709
0.863137       0.136712
0.864136       0.135715
0.865135       0.134718
0.866134       0.133721
0.867133       0.132724
0.868132       0.131727
0.869131        0.13073
0.87013       0.129732
0.871129       0.128735
0.872128       0.127738
0.873127       0.126741
0.874126       0.125744
0.875125       0.124747
0.876124       0.123749
0.877123       0.122752
0.878122       0.121755
0.879121       0.120758
0.88012        0.11976
0.881119       0.118763
0.882118       0.117766
0.883117       0.116768
0.884116       0.115771
0.885115       0.114774
0.886114       0.113776
0.887113       0.112779
0.888112       0.111781
0.889111       0.110784
0.89011       0.109787
0.891109       0.108789
0.892108       0.107792
0.893107       0.106794
0.894106       0.105797
0.895105       0.104799
0.896104       0.103802
0.897103       0.102804
0.898102       0.101806
0.899101       0.100809
0.9001      0.0998113
0.901099      0.0988136
0.902098       0.097816
0.903097      0.0968184
0.904096      0.0958208
0.905095      0.0948231
0.906094      0.0938254
0.907093      0.0928277
0.908092        0.09183
0.909091      0.0908323
0.91009      0.0898346
0.911089      0.0888369
0.912088      0.0878391
0.913087      0.0868414
0.914086      0.0858436
0.915085      0.0848458
0.916084       0.083848
0.917083      0.0828502
0.918082      0.0818524
0.919081      0.0808546
0.92008      0.0798567
0.921079      0.0788589
0.922078       0.077861
0.923077      0.0768631
0.924076      0.0758652
0.925075      0.0748673
0.926074      0.0738694
0.927073      0.0728715
0.928072      0.0718736
0.929071      0.0708756
0.93007      0.0698777
0.931069      0.0688797
0.932068      0.0678818
0.933067      0.0668838
0.934066      0.0658858
0.935065      0.0648878
0.936064      0.0638898
0.937063      0.0628917
0.938062      0.0618937
0.939061      0.0608957
0.94006      0.0598976
0.941059      0.0588996
0.942058      0.0579015
0.943057      0.0569034
0.944056      0.0559053
0.945055      0.0549072
0.946054      0.0539091
0.947053       0.052911
0.948052      0.0519129
0.949051      0.0509148
0.95005      0.0499166
0.951049      0.0489185
0.952048      0.0479203
0.953047      0.0469221
0.954046       0.045924
0.955045      0.0449258
0.956044      0.0439276
0.957043      0.0429294
0.958042      0.0419312
0.959041       0.040933
0.96004      0.0399347
0.961039      0.0389365
0.962038      0.0379383
0.963037        0.03694
0.964036      0.0359418
0.965035      0.0349435
0.966034      0.0339452
0.967033       0.032947
0.968032      0.0319487
0.969031      0.0309504
0.97003      0.0299521
0.971029      0.0289538
0.972028      0.0279555
0.973027      0.0269571
0.974026      0.0259588
0.975025      0.0249605
0.976024      0.0239621
0.977023      0.0229638
0.978022      0.0219654
0.979021      0.0209671
0.98002      0.0199687
0.981019      0.0189703
0.982018      0.0179719
0.983017      0.0169735
0.984016      0.0159752
0.985015      0.0149767
0.986014      0.0139783
0.987013      0.0129799
0.988012      0.0119815
0.989011      0.0109831
0.99001     0.00998465
0.991009     0.00898621
0.992008     0.00798777
0.993007     0.00698931
0.994006     0.00599086
0.995005      0.0049924
0.996004     0.00399393
0.997003     0.00299545
0.998002     0.00199698
0.999001    0.000998491
