5.72275e-008 3.39593e-009 -1.42636e-009 0.975179 0.238122 -0.000177144 -5.43179 -0.408076 0.123172 
2.28948e-007 1.35249e-008 -5.70607e-009 0.957518 0.298507 -0.000179726 -5.42997 -0.434236 0.12324 
5.15262e-007 3.02729e-008 -1.28404e-008 0.936111 0.357723 -0.000181607 -5.42803 -0.460385 0.123305 
9.16311e-007 5.35341e-008 -2.28304e-008 0.911032 0.415537 -0.000182777 -5.42595 -0.486523 0.123367 
1.43228e-006 8.32146e-008 -3.56774e-008 0.882371 0.471716 -0.000183231 -5.42373 -0.51265 0.123427 
2.0634e-006 1.19235e-007 -5.13823e-008 0.850232 0.526037 -0.000182964 -5.42139 -0.538763 0.123483 
2.80994e-006 1.61533e-007 -6.99463e-008 0.814735 0.578279 -0.000181977 -5.41891 -0.564864 0.123536 
3.6722e-006 2.10068e-007 -9.13702e-008 0.776012 0.628232 -0.000180271 -5.41631 -0.590951 0.123586 
4.65054e-006 2.64823e-007 -1.15655e-007 0.734212 0.675694 -0.000177853 -5.41357 -0.617023 0.123633 
5.74535e-006 3.25805e-007 -1.42802e-007 0.689494 0.72047 -0.00017473 -5.41069 -0.64308 0.123677 
6.95705e-006 3.93055e-007 -1.72811e-007 0.642032 0.762378 -0.000170914 -5.40769 -0.669122 0.123718 
8.2861e-006 4.66641e-007 -2.05684e-007 0.592009 0.801247 -0.00016642 -5.40455 -0.695147 0.123757 
9.73298e-006 5.46669e-007 -2.4142e-007 0.539623 0.836916 -0.000161263 -5.40128 -0.721156 0.123792 
1.12982e-005 6.3328e-007 -2.80022e-007 0.48508 0.869239 -0.000155465 -5.39788 -0.747147 0.123824 
1.29824e-005 7.26656e-007 -3.21489e-007 0.428595 0.898083 -0.000149048 -5.39435 -0.773119 0.123853 
1.4786e-005 8.27019e-007 -3.65822e-007 0.370393 0.923329 -0.000142038 -5.39069 -0.799073 0.123879 
1.67097e-005 9.34635e-007 -4.13021e-007 0.310707 0.944873 -0.000134461 -5.3869 -0.825007 0.123902 
1.8754e-005 1.04981e-006 -4.63088e-007 0.249774 0.962627 -0.00012635 -5.38297 -0.850921 0.123922 
2.09197e-005 1.17291e-006 -5.16022e-007 0.187838 0.976516 -0.000117735 -5.37891 -0.876815 0.123939 
2.32073e-005 1.30433e-006 -5.71823e-007 0.125149 0.986485 -0.000108652 -5.37473 -0.902687 0.123953 
2.56175e-005 1.44453e-006 -6.30493e-007 0.0619573 0.992493 -9.91372e-005 -5.37041 -0.928537 0.123964 
2.81509e-005 1.59401e-006 -6.92031e-007 -0.00148279 0.994517 -8.92298e-005 -5.36596 -0.954364 0.123972 
3.08083e-005 1.75332e-006 -7.56438e-007 -0.0649167 0.99255 -7.89696e-005 -5.36138 -0.980168 0.123976 
3.35902e-005 1.92305e-006 -8.23713e-007 -0.12809 0.9866 -6.83985e-005 -5.35667 -1.00595 0.123978 
3.64973e-005 2.10387e-006 -8.93857e-007 -0.19075 0.976696 -5.75592e-005 -5.35182 -1.0317 0.123977 
3.95303e-005 2.29646e-006 -9.6687e-007 -0.252645 0.962879 -4.64958e-005 -5.34685 -1.05744 0.123973 
4.26897e-005 2.50159e-006 -1.04275e-006 -0.313528 0.945208 -3.52532e-005 -5.34175 -1.08314 0.123966 
4.59762e-005 2.72003e-006 -1.1215e-006 -0.373159 0.92376 -2.38769e-005 -5.33652 -1.10882 0.123956 
4.93904e-005 2.95265e-006 -1.20312e-006 -0.431299 0.898624 -1.2413e-005 -5.33116 -1.13447 0.123942 
5.29329e-005 3.20031e-006 -1.28761e-006 -0.48772 0.869906 -9.07606e-007 -5.32566 -1.16009 0.123926 
5.66041e-005 3.46397e-006 -1.37496e-006 -0.542199 0.837726 1.05928e-005 -5.32004 -1.18569 0.123907 
6.04047e-005 3.74458e-006 -1.46519e-006 -0.594524 0.802218 2.20422e-005 -5.31429 -1.21126 0.123884 
6.43351e-005 4.04316e-006 -1.55828e-006 -0.644491 0.763529 3.33948e-005 -5.30841 -1.23679 0.123859 
6.83958e-005 4.36077e-006 -1.65424e-006 -0.691908 0.721819 4.46053e-005 -5.3024 -1.2623 0.123831 
7.25872e-005 4.69848e-006 -1.75306e-006 -0.736592 0.677258 5.56292e-005 -5.29626 -1.28778 0.123799 
7.69097e-005 5.05743e-006 -1.85475e-006 -0.778373 0.63003 6.64231e-005 -5.28999 -1.31322 0.123765 
8.13636e-005 5.43876e-006 -1.95931e-006 -0.817095 0.580325 7.69445e-005 -5.28359 -1.33863 0.123728 
8.59493e-005 5.84364e-006 -2.06673e-006 -0.852612 0.528344 8.71522e-005 -5.27707 -1.36402 0.123687 
9.0667e-005 6.27328e-006 -2.17701e-006 -0.884794 0.474298 9.70067e-005 -5.27041 -1.38936 0.123644 
9.55169e-005 6.72891e-006 -2.29016e-006 -0.913524 0.418401 0.00010647 -5.26363 -1.41468 0.123598 
0.000100499 7.21177e-006 -2.40617e-006 -0.938698 0.360876 0.000115505 -5.25672 -1.43995 0.123548 
0.000105614 7.72312e-006 -2.52504e-006 -0.96023 0.301951 0.000124078 -5.24968 -1.4652 0.123496 
0.000110862 8.26424e-006 -2.64677e-006 -0.978046 0.241858 0.000132156 -5.24251 -1.49041 0.12344 
0.000116242 8.83641e-006 -2.77136e-006 -0.992087 0.180831 0.000139709 -5.23522 -1.51558 0.123382 
0.000121755 9.44093e-006 -2.89881e-006 -1.00231 0.119109 0.000146708 -5.22779 -1.54071 0.12332 
0.0001274 1.00791e-005 -3.02912e-006 -1.00868 0.0569299 0.000153129 -5.22024 -1.56581 0.123256 
0.000133178 1.07522e-005 -3.16228e-006 -1.0112 -0.00546708 0.000158946 -5.21257 -1.59087 0.123188 
0.000139088 1.14615e-005 -3.29829e-006 -1.00985 -0.0678431 0.000164139 -5.20476 -1.61589 0.123118 
0.00014513 1.22084e-005 -3.43716e-006 -1.00466 -0.129961 0.00016869 -5.19683 -1.64087 0.123044 
0.000151305 1.29941e-005 -3.57888e-006 -0.995659 -0.191585 0.000172582 -5.18877 -1.66581 0.122968 
0.000157611 1.38199e-005 -3.72346e-006 -0.982885 -0.252484 0.000175801 -5.18059 -1.69071 0.122889 
0.000164048 1.46871e-005 -3.87087e-006 -0.966398 -0.31243 0.000178337 -5.17228 -1.71557 0.122806 
0.000170616 1.5597e-005 -4.02114e-006 -0.946272 -0.371198 0.000180181 -5.16384 -1.74039 0.122721 
0.000177314 1.65507e-005 -4.17425e-006 -0.922589 -0.428572 0.000181328 -5.15528 -1.76516 0.122632 
0.000184143 1.75495e-005 -4.33021e-006 -0.895447 -0.484339 0.000181774 -5.14659 -1.78989 0.122541 
0.000191101 1.85945e-005 -4.489e-006 -0.864956 -0.538295 0.000181518 -5.13778 -1.81458 0.122446 
0.000198188 1.96871e-005 -4.65064e-006 -0.831236 -0.590242 0.000180563 -5.12884 -1.83923 0.122349 
0.000205403 2.08283e-005 -4.81511e-006 -0.794419 -0.639991 0.000178912 -5.11978 -1.86383 0.122249 
0.000212747 2.20193e-005 -4.98242e-006 -0.754649 -0.687362 0.000176573 -5.11059 -1.88838 0.122145 
0.000220217 2.32611e-005 -5.15256e-006 -0.712079 -0.732182 0.000173556 -5.10128 -1.91289 0.122039 
0.000227814 2.45548e-005 -5.32553e-006 -0.66687 -0.77429 0.000169871 -5.09184 -1.93735 0.121929 
0.000235537 2.59016e-005 -5.50133e-006 -0.619194 -0.813535 0.000165534 -5.08228 -1.96176 0.121817 
0.000243384 2.73023e-005 -5.67996e-006 -0.569231 -0.849776 0.00016056 -5.07259 -1.98613 0.121702 
0.000251356 2.87579e-005 -5.86141e-006 -0.517168 -0.882882 0.000154968 -5.06278 -2.01045 0.121584 
0.000259451 3.02695e-005 -6.04568e-006 -0.463198 -0.912737 0.000148779 -5.05285 -2.03471 0.121462 
0.00026767 3.18379e-005 -6.23278e-006 -0.407523 -0.939232 0.000142015 -5.04279 -2.05893 0.121338 
0.000276009 3.34639e-005 -6.42269e-006 -0.350348 -0.962274 0.000134702 -5.03261 -2.0831 0.121211 
0.00028447 3.51485e-005 -6.61541e-006 -0.291884 -0.981779 0.000126866 -5.02231 -2.10722 0.121081 
0.000293052 3.68923e-005 -6.81094e-006 -0.232347 -0.997679 0.000118535 -5.01188 -2.13128 0.120948 
0.000301752 3.86963e-005 -7.00929e-006 -0.171956 -1.00992 0.00010974 -5.00133 -2.1553 0.120812 
0.000310571 4.0561e-005 -7.21043e-006 -0.110933 -1.01844 0.000100512 -4.99066 -2.17926 0.120673 
0.000319507 4.24871e-005 -7.41438e-006 -0.0495004 -1.02323 9.08852e-005 -4.97987 -2.20317 0.120531 
0.00032856 4.44753e-005 -7.62113e-006 0.0121149 -1.02427 8.08933e-005 -4.96896 -2.22702 0.120386 
0.000337728 4.65263e-005 -7.83068e-006 0.073687 -1.02154 7.05726e-005 -4.95793 -2.25082 0.120238 
0.000347011 4.86404e-005 -8.04302e-006 0.13499 -1.01506 5.99602e-005 -4.94677 -2.27457 0.120088 
0.000356408 5.08183e-005 -8.25815e-006 0.195798 -1.00484 4.90942e-005 -4.93549 -2.29826 0.119934 
0.000365918 5.30605e-005 -8.47607e-006 0.255886 -0.990928 3.80138e-005 -4.9241 -2.32189 0.119777 
0.00037554 5.53673e-005 -8.69677e-006 0.315034 -0.973366 2.67588e-005 -4.91258 -2.34547 0.119618 
0.000385273 5.77392e-005 -8.92026e-006 0.373022 -0.952214 1.53698e-005 -4.90094 -2.36899 0.119455 
0.000395116 6.01765e-005 -9.14652e-006 0.429634 -0.927546 3.88793e-006 -4.88918 -2.39245 0.11929 
0.000405068 6.26795e-005 -9.37555e-006 0.484659 -0.899448 -7.64518e-006 -4.8773 -2.41585 0.119122 
0.000415129 6.52485e-005 -9.60736e-006 0.537891 -0.86802 -1.91877e-005 -4.86531 -2.43919 0.118951 
0.000425298 6.78837e-005 -9.84193e-006 0.58913 -0.833371 -3.06977e-005 -4.85319 -2.46248 0.118777 
0.000435573 7.05855e-005 -1.00793e-005 0.638181 -0.795626 -4.2133e-005 -4.84096 -2.4857 0.118599 
0.000445954 7.33538e-005 -1.03194e-005 0.684858 -0.754918 -5.34517e-005 -4.82861 -2.50886 0.11842 
0.00045644 7.61888e-005 -1.05622e-005 0.728982 -0.711394 -6.46123e-005 -4.81613 -2.53197 0.118237 
0.00046703 7.90907e-005 -1.08078e-005 0.770382 -0.665209 -7.55735e-005 -4.80354 -2.555 0.118051 
0.000477724 8.20595e-005 -1.10561e-005 0.808897 -0.616531 -8.62947e-005 -4.79084 -2.57798 0.117862 
0.00048852 8.50952e-005 -1.13072e-005 0.844376 -0.565537 -9.67358e-005 -4.77801 -2.6009 0.117671 
0.000499418 8.81979e-005 -1.15611e-005 0.876677 -0.512414 -0.000106858 -4.76507 -2.62375 0.117477 
0.000510418 9.13674e-005 -1.18176e-005 0.905672 -0.457356 -0.000116623 -4.75202 -2.64653 0.117279 
0.000521519 9.46038e-005 -1.20769e-005 0.93124 -0.400566 -0.000125993 -4.73884 -2.66925 0.117079 
0.000532719 9.7907e-005 -1.2339e-005 0.953277 -0.342256 -0.000134934 -4.72555 -2.69191 0.116876 
0.000544019 0.000101277 -1.26037e-005 0.97169 -0.282644 -0.000143411 -4.71214 -2.7145 0.11667 
0.000555418 0.000104713 -1.28712e-005 0.986397 -0.221953 -0.000151391 -4.69862 -2.73702 0.116462 
0.000566916 0.000108216 -1.31414e-005 0.997333 -0.160412 -0.000158843 -4.68498 -2.75948 0.11625 
0.000578511 0.000111785 -1.34143e-005 1.00445 -0.0982554 -0.000165739 -4.67123 -2.78186 0.116036 
0.000590204 0.00011542 -1.36899e-005 1.0077 -0.0357204 -0.000172051 -4.65737 -2.80418 0.115818 
0.000601994 0.000119121 -1.39682e-005 1.00706 0.026953 -0.000177755 -4.64338 -2.82643 0.115598 
0.000613881 0.000122888 -1.42492e-005 1.00253 0.0895226 -0.000182827 -4.62929 -2.84862 0.115375 
0.000625865 0.00012672 -1.45329e-005 0.99412 0.151745 -0.000187247 -4.61508 -2.87073 0.115149 
0.000637944 0.000130618 -1.48192e-005 0.981842 0.213379 -0.000190998 -4.60076 -2.89277 0.114921 
0.00065012 0.00013458 -1.51083e-005 0.965739 0.27418 -0.000194065 -4.58632 -2.91474 0.114689 
0.000662392 0.000138608 -1.54e-005 0.945862 0.333911 -0.000196433 -4.57177 -2.93664 0.114455 
0.000674759 0.0001427 -1.56945e-005 0.92228 0.392333 -0.000198095 -4.55711 -2.95846 0.114218 
0.000687222 0.000146857 -1.59915e-005 0.895077 0.449214 -0.000199042 -4.54234 -2.98021 0.113978 
0.00069978 0.000151079 -1.62913e-005 0.864352 0.504326 -0.00019927 -4.52746 -3.0019 0.113735 
0.000712434 0.000155364 -1.65937e-005 0.830217 0.557449 -0.000198778 -4.51246 -3.0235 0.11349 
0.000725184 0.000159714 -1.68988e-005 0.792802 0.608367 -0.000197567 -4.49735 -3.04503 0.113242 
0.000738029 0.000164128 -1.72065e-005 0.752246 0.656874 -0.000195643 -4.48214 -3.06649 0.11299 
0.000750971 0.000168606 -1.75168e-005 0.708706 0.702773 -0.000193012 -4.46681 -3.08787 0.112737 
0.000764008 0.000173147 -1.78298e-005 0.66235 0.745876 -0.000189685 -4.45137 -3.10918 0.11248 
0.000777141 0.000177753 -1.81454e-005 0.613357 0.786008 -0.000185676 -4.43582 -3.1304 0.112221 
0.000790371 0.000182422 -1.84637e-005 0.561919 0.823004 -0.000181 -4.42017 -3.15156 0.111958 
0.000803698 0.000187156 -1.87846e-005 0.508239 0.856712 -0.000175677 -4.4044 -3.17263 0.111693 
0.000817121 0.000191953 -1.91081e-005 0.452529 0.886992 -0.000169728 -4.38853 -3.19363 0.111426 
0.000830642 0.000196814 -1.94342e-005 0.39501 0.913721 -0.000163179 -4.37254 -3.21454 0.111155 
0.00084426 0.00020174 -1.97629e-005 0.335911 0.936789 -0.000156056 -4.35645 -3.23538 0.110882 
0.000857977 0.00020673 -2.00942e-005 0.275468 0.956099 -0.000148388 -4.34025 -3.25614 0.110606 
0.000871791 0.000211785 -2.04281e-005 0.213923 0.971574 -0.000140208 -4.32395 -3.27681 0.110328 
0.000885705 0.000216905 -2.07646e-005 0.151523 0.983149 -0.000131549 -4.30754 -3.29741 0.110046 
0.000899717 0.00022209 -2.11037e-005 0.0885182 0.990778 -0.000122448 -4.29102 -3.31793 0.109762 
0.000913829 0.000227341 -2.14453e-005 0.0251617 0.99443 -0.000112943 -4.27439 -3.33836 0.109475 
0.000928041 0.000232658 -2.17896e-005 -0.038292 0.994092 -0.000103073 -4.25766 -3.35871 0.109186 
0.000942353 0.000238042 -2.21364e-005 -0.101588 0.989767 -9.28789e-005 -4.24083 -3.37898 0.108894 
0.000956766 0.000243493 -2.24858e-005 -0.164473 0.981474 -8.24041e-005 -4.22389 -3.39916 0.108599 
0.00097128 0.000249012 -2.28377e-005 -0.226695 0.969249 -7.16919e-005 -4.20684 -3.41926 0.108301 
0.000985895 0.0002546 -2.31921e-005 -0.288006 0.953146 -6.07867e-005 -4.18969 -3.43927 0.108001 
0.00100061 0.000260256 -2.35492e-005 -0.348161 0.933232 -4.9734e-005 -4.17244 -3.4592 0.107698 
0.00101543 0.000265982 -2.39087e-005 -0.406921 0.909593 -3.85795e-005 -4.15508 -3.47905 0.107392 
0.00103035 0.000271779 -2.42708e-005 -0.464055 0.882327 -2.73692e-005 -4.13762 -3.49881 0.107084 
0.00104538 0.000277648 -2.46354e-005 -0.519336 0.851549 -1.61495e-005 -4.12006 -3.51848 0.106773 
0.00106051 0.000283588 -2.50025e-005 -0.572549 0.817388 -4.96653e-006 -4.1024 -3.53806 0.106459 
0.00107574 0.000289602 -2.53722e-005 -0.623487 0.779985 6.13399e-006 -4.08463 -3.55756 0.106143 
0.00109107 0.00029569 -2.57443e-005 -0.671951 0.739495 1.71067e-005 -4.06676 -3.57696 0.105824 
0.00110651 0.000301853 -2.6119e-005 -0.717755 0.696084 2.79069e-005 -4.0488 -3.59628 0.105503 
0.00112206 0.000308093 -2.64961e-005 -0.760725 0.64993 3.84909e-005 -4.03073 -3.61551 0.105179 
0.0011377 0.000314409 -2.68757e-005 -0.800698 0.601221 4.8816e-005 -4.01256 -3.63465 0.104852 
0.00115345 0.000320804 -2.72578e-005 -0.837525 0.550154 5.88407e-005 -3.99429 -3.6537 0.104523 
0.00116931 0.000327277 -2.76424e-005 -0.871069 0.496935 6.8525e-005 -3.97592 -3.67266 0.104191 
0.00118527 0.000333832 -2.80295e-005 -0.901207 0.441777 7.78302e-005 -3.95745 -3.69153 0.103856 
0.00120133 0.000340467 -2.8419e-005 -0.927831 0.3849 8.67196e-005 -3.93889 -3.7103 0.103519 
0.0012175 0.000347186 -2.88109e-005 -0.950848 0.32653 9.51581e-005 -3.92022 -3.72899 0.103179 
0.00123377 0.000353988 -2.92053e-005 -0.970176 0.266897 0.000103113 -3.90146 -3.74758 0.102837 
0.00125015 0.000360875 -2.96022e-005 -0.985753 0.206234 0.000110552 -3.8826 -3.76607 0.102492 
0.00126662 0.000367849 -3.00014e-005 -0.997528 0.144779 0.000117448 -3.86365 -3.78448 0.102145 
0.00128321 0.000374909 -3.04031e-005 -1.00547 0.082769 0.000123773 -3.8446 -3.80279 0.101795 
0.00129989 0.000382059 -3.08073e-005 -1.00955 0.0204436 0.000129504 -3.82545 -3.821 0.101443 
0.00131668 0.000389298 -3.12138e-005 -1.00977 -0.0419583 0.000134618 -3.80621 -3.83912 0.101088 
0.00133357 0.000396628 -3.16227e-005 -1.00614 -0.104199 0.000139096 -3.78687 -3.85714 0.10073 
0.00135056 0.00040405 -3.2034e-005 -0.998679 -0.166042 0.00014292 -3.76744 -3.87507 0.10037 
0.00136765 0.000411565 -3.24478e-005 -0.987431 -0.227254 0.000146078 -3.74791 -3.8929 0.100008 
0.00138484 0.000419175 -3.28638e-005 -0.972447 -0.287605 0.000148556 -3.72829 -3.91063 0.0996425 
0.00140214 0.000426881 -3.32823e-005 -0.953792 -0.346871 0.000150345 -3.70858 -3.92827 0.099275 
0.00141953 0.000434683 -3.37031e-005 -0.931545 -0.404831 0.000151439 -3.68877 -3.9458 0.098905 
0.00143702 0.000442583 -3.41263e-005 -0.905798 -0.461271 0.000151834 -3.66887 -3.96324 0.0985325 
0.0014546 0.000450581 -3.45519e-005 -0.876656 -0.515982 0.000151528 -3.64888 -3.98058 0.0981575 
0.00147229 0.00045868 -3.49798e-005 -0.844235 -0.568765 0.000150522 -3.6288 -3.99782 0.0977801 
0.00149007 0.00046688 -3.541e-005 -0.808663 -0.619426 0.000148819 -3.60863 -4.01496 0.0974003 
0.00150795 0.000475182 -3.58425e-005 -0.770077 -0.667783 0.000146427 -3.58836 -4.03199 0.097018 
0.00152592 0.000483586 -3.62774e-005 -0.728627 -0.713658 0.000143353 -3.56801 -4.04893 0.0966332 
0.00154398 0.000492095 -3.67146e-005 -0.684472 -0.756887 0.000139608 -3.54757 -4.06577 0.0962461 
0.00156214 0.000500709 -3.7154e-005 -0.637778 -0.797314 0.000135206 -3.52704 -4.0825 0.0958565 
0.00158039 0.000509428 -3.75958e-005 -0.588722 -0.834793 0.000130161 -3.50642 -4.09913 0.0954645 
0.00159873 0.000518254 -3.80398e-005 -0.537489 -0.869191 0.000124493 -3.48571 -4.11566 0.0950701 
0.00161716 0.000527188 -3.84862e-005 -0.484269 -0.900384 0.000118221 -3.46491 -4.13208 0.0946734 
0.00163568 0.00053623 -3.89348e-005 -0.42926 -0.92826 0.000111367 -3.44403 -4.1484 0.0942742 
0.00165429 0.000545381 -3.93856e-005 -0.372666 -0.95272 0.000103955 -3.42306 -4.16462 0.0938727 
0.00167298 0.000554641 -3.98387e-005 -0.314696 -0.973677 9.60121e-005 -3.402 -4.18073 0.0934688 
0.00169176 0.000564012 -4.02941e-005 -0.255564 -0.991055 8.75648e-005 -3.38086 -4.19674 0.0930626 
0.00171062 0.000573495 -4.07517e-005 -0.195487 -1.00479 7.86434e-005 -3.35963 -4.21264 0.092654 
0.00172956 0.000583088 -4.12115e-005 -0.134686 -1.01484 6.9279e-005 -3.33832 -4.22843 0.092243 
0.00174859 0.000592794 -4.16735e-005 -0.0733842 -1.02115 5.95045e-005 -3.31692 -4.24412 0.0918298 
0.0017677 0.000602613 -4.21377e-005 -0.0118064 -1.02372 4.93541e-005 -3.29544 -4.2597 0.0914142 
0.00178689 0.000612545 -4.26042e-005 0.0498215 -1.02253 3.88634e-005 -3.27388 -4.27517 0.0909963 
0.00180616 0.000622591 -4.30728e-005 0.111273 -1.01757 2.80691e-005 -3.25223 -4.29053 0.0905762 
0.0018255 0.00063275 -4.35436e-005 0.172322 -1.00888 1.70091e-005 -3.23051 -4.30579 0.0901537 
0.00184492 0.000643024 -4.40165e-005 0.232745 -0.996466 5.72234e-006 -3.2087 -4.32094 0.0897289 
0.00186442 0.000653413 -4.44917e-005 0.292317 -0.980383 -5.75152e-006 -3.18681 -4.33598 0.0893019 
0.00188399 0.000663917 -4.4969e-005 0.350818 -0.960685 -1.7372e-005 -3.16483 -4.35091 0.0888727 
0.00190363 0.000674536 -4.54484e-005 0.408033 -0.937438 -2.90981e-005 -3.14278 -4.36572 0.0884411 
0.00192335 0.00068527 -4.593e-005 0.463746 -0.910724 -4.08883e-005 -3.12065 -4.38043 0.0880074 
0.00194313 0.00069612 -4.64136e-005 0.51775 -0.880637 -5.27007e-005 -3.09844 -4.39503 0.0875713 
0.00196299 0.000707085 -4.68994e-005 0.569842 -0.847283 -6.44932e-005 -3.07615 -4.40951 0.0871331 
0.00198291 0.000718166 -4.73874e-005 0.619825 -0.810779 -7.62238e-005 -3.05378 -4.42389 0.0866927 
0.0020029 0.000729363 -4.78774e-005 0.66751 -0.771255 -8.78504e-005 -3.03134 -4.43815 0.0862501 
0.00202296 0.000740676 -4.83695e-005 0.712713 -0.728853 -9.93311e-005 -3.00882 -4.4523 0.0858052 
0.00204308 0.000752104 -4.88636e-005 0.755261 -0.683725 -0.000110625 -2.98622 -4.46633 0.0853582 
0.00206327 0.000763648 -4.93599e-005 0.794989 -0.636033 -0.00012169 -2.96354 -4.48025 0.084909 
0.00208352 0.000775307 -4.98581e-005 0.83174 -0.585951 -0.000132487 -2.94079 -4.49406 0.0844577 
0.00210383 0.000787082 -5.03585e-005 0.86537 -0.533662 -0.000142975 -2.91797 -4.50775 0.0840042 
0.0021242 0.000798972 -5.08609e-005 0.895744 -0.479356 -0.000153118 -2.89507 -4.52133 0.0835486 
0.00214463 0.000810977 -5.13653e-005 0.922738 -0.423235 -0.000162876 -2.8721 -4.5348 0.0830908 
0.00216513 0.000823097 -5.18717e-005 0.946243 -0.365506 -0.000172214 -2.84905 -4.54814 0.0826309 
0.00218568 0.000835331 -5.23801e-005 0.966158 -0.306383 -0.000181098 -2.82593 -4.56137 0.0821689 
0.00220629 0.000847679 -5.28905e-005 0.982398 -0.24609 -0.000189493 -2.80274 -4.57449 0.0817048 
0.00222696 0.000860142 -5.34029e-005 0.994892 -0.184853 -0.000197369 -2.77948 -4.58749 0.0812387 
0.00224768 0.000872718 -5.39173e-005 1.00358 -0.122903 -0.000204696 -2.75615 -4.60037 0.0807704 
0.00226846 0.000885408 -5.44337e-005 1.00842 -0.060478 -0.000211446 -2.73274 -4.61313 0.0803001 
0.00228929 0.00089821 -5.4952e-005 1.00938 0.00218383 -0.000217592 -2.70927 -4.62578 0.0798277 
0.00231018 0.000911125 -5.54722e-005 1.00645 0.0648409 -0.000223113 -2.68572 -4.63831 0.0793533 
0.00233112 0.000924152 -5.59944e-005 0.999632 0.12725 -0.000227986 -2.66211 -4.65071 0.0788769 
0.00235212 0.000937292 -5.65185e-005 0.988935 0.189169 -0.000232194 -2.63843 -4.663 0.0783984 
0.00237317 0.000950542 -5.70446e-005 0.974393 0.250354 -0.000235719 -2.61468 -4.67517 0.0779179 
0.00239427 0.000963905 -5.75725e-005 0.956054 0.310565 -0.000238548 -2.59087 -4.68722 0.0774354 
0.00241542 0.000977377 -5.81023e-005 0.93398 0.369563 -0.000240671 -2.56699 -4.69915 0.0769509 
0.00243663 0.000990961 -5.8634e-005 0.908249 0.427115 -0.00024208 -2.54304 -4.71096 0.0764645 
0.00245789 0.00100465 -5.91676e-005 0.878952 0.482989 -0.000242769 -2.51902 -4.72265 0.0759761 
0.0024792 0.00101846 -5.9703e-005 0.846198 0.536962 -0.000242735 -2.49495 -4.73421 0.0754857 
0.00250056 0.00103237 -6.02403e-005 0.810109 0.588817 -0.000241981 -2.4708 -4.74566 0.0749934 
0.00252197 0.00104639 -6.07794e-005 0.77082 0.638343 -0.000240508 -2.4466 -4.75698 0.0744991 
0.00254343 0.00106052 -6.13204e-005 0.728482 0.685339 -0.000238324 -2.42233 -4.76818 0.074003 
0.00256494 0.00107476 -6.18632e-005 0.683257 0.729615 -0.000235439 -2.398 -4.77926 0.0735049 
0.0025865 0.00108911 -6.24077e-005 0.635321 0.770989 -0.000231865 -2.3736 -4.79021 0.0730049 
0.00260812 0.00110357 -6.29541e-005 0.584861 0.809292 -0.000227616 -2.34915 -4.80104 0.0725031 
0.00262978 0.00111813 -6.35023e-005 0.532076 0.844366 -0.000222713 -2.32463 -4.81175 0.0719993 
0.0026515 0.00113281 -6.40522e-005 0.477172 0.876068 -0.000217174 -2.30006 -4.82233 0.0714938 
0.00267326 0.00114759 -6.46039e-005 0.420369 0.904267 -0.000211025 -2.27542 -4.83279 0.0709863 
0.00269508 0.00116247 -6.51573e-005 0.361893 0.928847 -0.000204291 -2.25073 -4.84312 0.070477 
0.00271695 0.00117747 -6.57125e-005 0.301975 0.949707 -0.000197001 -2.22598 -4.85332 0.0699659 
0.00273887 0.00119258 -6.62694e-005 0.240858 0.966761 -0.000189187 -2.20117 -4.86341 0.069453 
0.00276084 0.00120779 -6.6828e-005 0.178784 0.979939 -0.000180881 -2.1763 -4.87336 0.0689383 
0.00278286 0.00122311 -6.73883e-005 0.116004 0.989188 -0.00017212 -2.15137 -4.88319 0.0684218 
0.00280493 0.00123854 -6.79503e-005 0.0527692 0.994472 -0.00016294 -2.12639 -4.89289 0.0679035 
0.00282706 0.00125408 -6.8514e-005 -0.0106658 0.995768 -0.000153381 -2.10136 -4.90247 0.0673835 
0.00284923 0.00126972 -6.90794e-005 -0.0740467 0.993074 -0.000143484 -2.07627 -4.91191 0.0668617 
0.00287146 0.00128548 -6.96464e-005 -0.137119 0.986403 -0.000133291 -2.05113 -4.92123 0.0663381 
0.00289374 0.00130134 -7.0215e-005 -0.19963 0.975784 -0.000122844 -2.02593 -4.93042 0.0658128 
0.00291608 0.00131732 -7.07853e-005 -0.261331 0.961263 -0.00011219 -2.00068 -4.93949 0.0652859 
0.00293846 0.0013334 -7.13573e-005 -0.321974 0.942902 -0.000101372 -1.97538 -4.94842 0.0647572 
0.0029609 0.0013496 -7.19308e-005 -0.381319 0.920781 -9.04357e-005 -1.95002 -4.95723 0.0642268 
0.0029834 0.00136591 -7.25059e-005 -0.439131 0.894991 -7.94282e-005 -1.92462 -4.9659 0.0636947 
0.00300594 0.00138233 -7.30826e-005 -0.495182 0.865641 -6.83954e-005 -1.89917 -4.97445 0.063161 
0.00302854 0.00139886 -7.36609e-005 -0.549252 0.832855 -5.73835e-005 -1.87366 -4.98287 0.0626257 
0.00305119 0.00141551 -7.42408e-005 -0.601129 0.796768 -4.64385e-005 -1.84811 -4.99115 0.0620887 
0.0030739 0.00143227 -7.48222e-005 -0.650612 0.757531 -3.56059e-005 -1.82251 -4.99931 0.06155 
0.00309666 0.00144915 -7.54051e-005 -0.697511 0.715304 -2.49307e-005 -1.79686 -5.00733 0.0610098 
0.00311947 0.00146614 -7.59896e-005 -0.741645 0.67026 -1.44569e-005 -1.77116 -5.01523 0.0604679 
0.00314233 0.00148325 -7.65756e-005 -0.782848 0.622585 -4.22761e-006 -1.74542 -5.02299 0.0599245 
0.00316525 0.00150047 -7.71631e-005 -0.820964 0.57247 5.71518e-006 -1.71963 -5.03062 0.0593795 
0.00318822 0.00151782 -7.7752e-005 -0.855852 0.520119 1.53309e-005 -1.69379 -5.03812 0.058833 
0.00321124 0.00153528 -7.83425e-005 -0.887384 0.465742 2.45806e-005 -1.66791 -5.04549 0.0582848 
0.00323432 0.00155286 -7.89344e-005 -0.915444 0.409556 3.34267e-005 -1.64199 -5.05272 0.0577352 
0.00325744 0.00157057 -7.95278e-005 -0.939934 0.351784 4.18337e-005 -1.61603 -5.05982 0.057184 
0.00328062 0.00158839 -8.01226e-005 -0.960768 0.292655 4.97677e-005 -1.59002 -5.06679 0.0566314 
0.00330385 0.00160634 -8.07188e-005 -0.977875 0.232401 5.71972e-005 -1.56397 -5.07362 0.0560772 
0.00332713 0.00162441 -8.13164e-005 -0.9912 0.171257 6.40924e-005 -1.53787 -5.08033 0.0555216 
0.00335046 0.00164261 -8.19155e-005 -1.0007 0.109462 7.0426e-005 -1.51174 -5.08689 0.0549645 
0.00337384 0.00166093 -8.25159e-005 -1.00635 0.047253 7.61731e-005 -1.48557 -5.09333 0.0544059 
0.00339727 0.00167938 -8.31177e-005 -1.00814 -0.0151299 8.13108e-005 -1.45936 -5.09962 0.0538459 
0.00342075 0.00169796 -8.37209e-005 -1.00608 -0.0774484 8.58189e-005 -1.43311 -5.10579 0.0532845 
0.00344427 0.00171667 -8.43254e-005 -1.00018 -0.139466 8.96798e-005 -1.40682 -5.11182 0.0527217 
0.00346785 0.0017355 -8.49312e-005 -0.990468 -0.200948 9.2878e-005 -1.38049 -5.11771 0.0521575 
0.00349147 0.00175447 -8.55384e-005 -0.976999 -0.261663 9.5401e-005 -1.35413 -5.12347 0.0515919 
0.00351513 0.00177357 -8.61469e-005 -0.959833 -0.321384 9.72386e-005 -1.32773 -5.12909 0.0510249 
0.00353884 0.0017928 -8.67567e-005 -0.93904 -0.379889 9.83833e-005 -1.3013 -5.13458 0.0504566 
0.0035626 0.00181216 -8.73677e-005 -0.91471 -0.436961 9.883e-005 -1.27483 -5.13993 0.0498869 
0.00358639 0.00183166 -8.798e-005 -0.886941 -0.49239 9.85766e-005 -1.24833 -5.14514 0.0493159 
0.00361023 0.00185129 -8.85936e-005 -0.855844 -0.545972 9.7623e-005 -1.2218 -5.15022 0.0487436 
0.00363411 0.00187106 -8.92084e-005 -0.821542 -0.597511 9.59721e-005 -1.19523 -5.15516 0.04817 
0.00365803 0.00189097 -8.98245e-005 -0.784169 -0.646819 9.3629e-005 -1.16863 -5.15996 0.0475951 
0.00368199 0.00191101 -9.04418e-005 -0.743871 -0.693717 9.06015e-005 -1.142 -5.16462 0.0470189 
0.00370599 0.00193119 -9.10602e-005 -0.700801 -0.738037 8.68997e-005 -1.11534 -5.16915 0.0464415 
0.00373002 0.00195151 -9.16799e-005 -0.655123 -0.779617 8.25361e-005 -1.08864 -5.17354 0.0458629 
0.00375409 0.00197197 -9.23007e-005 -0.60701 -0.818308 7.75254e-005 -1.06192 -5.17779 0.045283 
0.0037782 0.00199257 -9.29227e-005 -0.556642 -0.853972 7.18848e-005 -1.03518 -5.18191 0.0447019 
0.00380233 0.00201331 -9.35458e-005 -0.504209 -0.886481 6.56335e-005 -1.0084 -5.18588 0.0441196 
0.0038265 0.00203419 -9.41701e-005 -0.449906 -0.915717 5.87928e-005 -0.981596 -5.18972 0.0435361 
0.0038507 0.00205521 -9.47955e-005 -0.393933 -0.941577 5.13862e-005 -0.954766 -5.19342 0.0429515 
0.00387493 0.00207638 -9.5422e-005 -0.336497 -0.963968 4.34391e-005 -0.92791 -5.19698 0.0423657 
0.00389919 0.00209768 -9.60495e-005 -0.277811 -0.982809 3.49786e-005 -0.90103 -5.20039 0.0417788 
0.00392347 0.00211913 -9.66782e-005 -0.218091 -0.998034 2.60337e-005 -0.874125 -5.20367 0.0411907 
0.00394778 0.00214073 -9.73079e-005 -0.157555 -1.00959 1.66352e-005 -0.847197 -5.20681 0.0406016 
0.00397212 0.00216247 -9.79386e-005 -0.0964267 -1.01742 6.81521e-006 -0.820246 -5.20981 0.0400113 
0.00399647 0.00218435 -9.85704e-005 -0.0349295 -1.02152 -3.39241e-006 -0.793272 -5.21268 0.03942 
0.00402085 0.00220638 -9.92032e-005 0.0267107 -1.02186 -1.39526e-005 -0.766277 -5.2154 0.0388276 
0.00404525 0.00222855 -9.9837e-005 0.0882676 -1.01843 -2.4829e-005 -0.739262 -5.21797 0.0382342 
0.00406966 0.00225086 -0.000100472 0.149515 -1.01125 -3.5984e-005 -0.712226 -5.22041 0.0376397 
0.0040941 0.00227332 -0.000101108 0.210228 -1.00035 -4.73792e-005 -0.685172 -5.22271 0.0370442 
0.00411855 0.00229593 -0.000101744 0.270182 -0.985753 -5.89751e-005 -0.658098 -5.22487 0.0364477 
0.00414301 0.00231868 -0.000102382 0.329155 -0.967516 -7.07314e-005 -0.631007 -5.22689 0.0358503 
0.00416749 0.00234158 -0.000103021 0.38693 -0.945702 -8.26074e-005 -0.603899 -5.22876 0.0352518 
0.00419198 0.00236462 -0.00010366 0.443291 -0.920385 -9.45614e-005 -0.576774 -5.2305 0.0346524 
0.00421648 0.0023878 -0.000104301 0.498028 -0.891654 -0.000106552 -0.549633 -5.23209 0.0340521 
0.00424099 0.00241113 -0.000104942 0.550935 -0.85961 -0.000118537 -0.522478 -5.23354 0.0334508 
0.00426551 0.00243461 -0.000105584 0.601813 -0.824366 -0.000130473 -0.495308 -5.23485 0.0328486 
0.00429004 0.00245823 -0.000106227 0.650468 -0.786048 -0.00014232 -0.468124 -5.23601 0.0322456 
0.00431457 0.00248199 -0.000106871 0.696717 -0.744791 -0.000154035 -0.440928 -5.23704 0.0316416 
0.0043391 0.00250589 -0.000107516 0.74038 -0.700744 -0.000165576 -0.41372 -5.23792 0.0310368 
0.00436364 0.00252994 -0.000108161 0.781288 -0.654064 -0.000176902 -0.3865 -5.23866 0.0304312 
0.00438818 0.00255414 -0.000108807 0.819283 -0.604922 -0.000187973 -0.35927 -5.23926 0.0298247 
0.00441272 0.00257847 -0.000109455 0.854214 -0.553496 -0.000198748 -0.33203 -5.23971 0.0292174 
0.00443726 0.00260295 -0.000110102 0.885942 -0.499974 -0.000209189 -0.30478 -5.24002 0.0286093 
0.0044618 0.00262757 -0.000110751 0.914339 -0.444552 -0.000219258 -0.277523 -5.24019 0.0280004 
0.00448634 0.00265233 -0.0001114 0.939289 -0.387436 -0.000228917 -0.250257 -5.24022 0.0273908 
0.00451087 0.00267723 -0.00011205 0.960688 -0.328838 -0.000238133 -0.222985 -5.2401 0.0267804 
0.0045354 0.00270227 -0.000112701 0.978445 -0.268977 -0.00024687 -0.195706 -5.23984 0.0261692 
0.00455993 0.00272745 -0.000113353 0.992483 -0.208078 -0.000255097 -0.168422 -5.23944 0.0255574 
0.00458444 0.00275277 -0.000114005 1.00274 -0.146372 -0.000262782 -0.141133 -5.23889 0.0249448 
0.00460895 0.00277823 -0.000114658 1.00916 -0.0840926 -0.000269899 -0.11384 -5.2382 0.0243316 
0.00463345 0.00280382 -0.000115311 1.01171 -0.0214786 -0.000276419 -0.0865443 -5.23737 0.0237177 
0.00465795 0.00282956 -0.000115965 1.01037 0.0412294 -0.000282319 -0.0592457 -5.23639 0.0231031 
0.00468243 0.00285542 -0.00011662 1.00514 0.103789 -0.000287576 -0.0319454 -5.23527 0.0224879 
0.0047069 0.00288143 -0.000117275 0.996022 0.165956 -0.000292172 -0.00464408 -5.234 0.0218721 
0.00473136 0.00290757 -0.000117931 0.983046 0.227489 -0.000296088 0.0226575 -5.23259 0.0212557 
0.00475581 0.00293384 -0.000118587 0.96625 0.288146 -0.000299311 0.0499586 -5.23104 0.0206387 
0.00478025 0.00296025 -0.000119244 0.945691 0.347686 -0.000301828 0.0772585 -5.22934 0.0200211 
0.00480468 0.00298679 -0.000119902 0.92144 0.405874 -0.00030363 0.104556 -5.2275 0.0194029 
0.00482909 0.00301347 -0.00012056 0.893585 0.462477 -0.000304712 0.131851 -5.22552 0.0187843 
0.00485349 0.00304027 -0.000121218 0.862226 0.51727 -0.000305069 0.159143 -5.22339 0.0181651 
0.00487787 0.00306721 -0.000121877 0.827479 0.570031 -0.000304702 0.18643 -5.22111 0.0175454 
0.00490224 0.00309428 -0.000122537 0.789476 0.620547 -0.000303612 0.213713 -5.21869 0.0169252 
0.00492659 0.00312148 -0.000123197 0.74836 0.668614 -0.000301805 0.240989 -5.21613 0.0163045 
0.00495093 0.00314881 -0.000123857 0.70429 0.714036 -0.000299291 0.268259 -5.21342 0.0156834 
0.00497526 0.00317626 -0.000124518 0.657435 0.756628 -0.000296079 0.295522 -5.21057 0.0150618 
0.00499957 0.00320385 -0.000125179 0.607979 0.796216 -0.000292185 0.322777 -5.20757 0.0144399 
0.00502386 0.00323156 -0.00012584 0.556115 0.832637 -0.000287626 0.350022 -5.20443 0.0138175 
0.00504814 0.0032594 -0.000126502 0.502048 0.865743 -0.000282421 0.377259 -5.20114 0.0131947 
0.0050724 0.00328737 -0.000127165 0.445991 0.895396 -0.000276594 0.404485 -5.19771 0.0125716 
0.00509665 0.00331547 -0.000127827 0.388168 0.921475 -0.00027017 0.431699 -5.19414 0.0119481 
0.00512088 0.00334369 -0.00012849 0.328809 0.943874 -0.000263176 0.458902 -5.19042 0.0113242 
0.0051451 0.00337204 -0.000129153 0.268152 0.962499 -0.000255644 0.486093 -5.18655 0.0107001 
0.0051693 0.00340051 -0.000129817 0.206439 0.977274 -0.000247606 0.51327 -5.18254 0.0100757 
0.00519348 0.00342911 -0.000130481 0.143918 0.988141 -0.000239096 0.540432 -5.17839 0.00945092 
0.00521765 0.00345784 -0.000131145 0.0808402 0.995054 -0.000230152 0.56758 -5.17409 0.00882592 
0.0052418 0.00348669 -0.000131809 0.0174589 0.997987 -0.000220811 0.594712 -5.16965 0.00820066 
0.00526593 0.00351567 -0.000132474 -0.0459714 0.996929 -0.000211115 0.621828 -5.16506 0.00757518 
0.00529005 0.00354477 -0.000133139 -0.109196 0.991887 -0.000201105 0.648926 -5.16033 0.00694948 
0.00531416 0.003574 -0.000133804 -0.171962 0.982883 -0.000190824 0.676006 -5.15545 0.00632358 
0.00533825 0.00360335 -0.000134469 -0.234018 0.969957 -0.000180316 0.703068 -5.15043 0.0056975 
0.00536232 0.00363283 -0.000135134 -0.295116 0.953165 -0.000169627 0.73011 -5.14526 0.00507125 
0.00538638 0.00366244 -0.0001358 -0.355013 0.932578 -0.0001588 0.757131 -5.13995 0.00444486 
0.00541042 0.00369217 -0.000136465 -0.413472 0.908284 -0.000147884 0.784132 -5.13449 0.00381834 
0.00543444 0.00372202 -0.000137131 -0.470261 0.880385 -0.000136923 0.81111 -5.12889 0.00319171 
0.00545845 0.00375201 -0.000137797 -0.525158 0.848998 -0.000125964 0.838066 -5.12315 0.00256499 
0.00548244 0.00378212 -0.000138463 -0.577947 0.814254 -0.000115054 0.864998 -5.11726 0.00193819 
0.00550642 0.00381236 -0.000139129 -0.628423 0.776298 -0.000104238 0.891906 -5.11123 0.00131133 
0.00553038 0.00384272 -0.000139795 -0.676391 0.735285 -9.35611e-005 0.918789 -5.10505 0.000684432 
0.00555433 0.00387322 -0.000140461 -0.721667 0.691385 -8.30682e-005 0.945647 -5.09872 5.75091e-005 
0.00557826 0.00390384 -0.000141127 -0.764079 0.644777 -7.28028e-005 0.972478 -5.09226 -0.000569419 
0.00560217 0.00393459 -0.000141793 -0.803467 0.595651 -6.28071e-005 0.999281 -5.08565 -0.00119634 
0.00562606 0.00396548 -0.000142459 -0.839682 0.544206 -5.31223e-005 1.02606 -5.07889 -0.00182322 
0.00564994 0.00399649 -0.000143125 -0.872593 0.490648 -4.37882e-005 1.0528 -5.07199 -0.00245006 
0.0056738 0.00402763 -0.000143791 -0.902078 0.435193 -3.48427e-005 1.07952 -5.06495 -0.00307684 
0.00569764 0.00405891 -0.000144457 -0.928032 0.378061 -2.63222e-005 1.10621 -5.05776 -0.00370353 
0.00572147 0.00409031 -0.000145123 -0.950364 0.319477 -1.82613e-005 1.13286 -5.05043 -0.00433011 
0.00574527 0.00412185 -0.000145788 -0.968997 0.259674 -1.06924e-005 1.15948 -5.04296 -0.00495659 
0.00576905 0.00415352 -0.000146454 -0.983869 0.198885 -3.64584e-006 1.18607 -5.03534 -0.00558292 
0.00579282 0.00418533 -0.000147119 -0.994934 0.137347 2.85007e-006 1.21263 -5.02758 -0.0062091 
0.00581656 0.00421727 -0.000147785 -1.00216 0.0752987 8.76943e-006 1.23915 -5.01968 -0.0068351 
0.00584028 0.00424934 -0.00014845 -1.00553 0.0129782 1.40887e-005 1.26564 -5.01163 -0.00746092 
0.00586398 0.00428155 -0.000149115 -1.00504 -0.0493754 1.87866e-005 1.29209 -5.00344 -0.00808653 
0.00588766 0.0043139 -0.000149779 -1.0007 -0.111525 2.28445e-005 1.3185 -4.9951 -0.00871191 
0.00591131 0.00434638 -0.000150444 -0.992543 -0.173234 2.62463e-005 1.34488 -4.98663 -0.00933704 
0.00593494 0.004379 -0.000151108 -0.980606 -0.234271 2.89782e-005 1.37122 -4.97801 -0.00996191 
0.00595854 0.00441176 -0.000151772 -0.964946 -0.294407 3.10293e-005 1.39752 -4.96924 -0.0105865 
0.00598212 0.00444466 -0.000152436 -0.945628 -0.353418 3.2391e-005 1.42378 -4.96034 -0.0112108 
0.00600567 0.0044777 -0.000153099 -0.922737 -0.411084 3.30575e-005 1.45 -4.95129 -0.0118348 
0.00602919 0.00451087 -0.000153762 -0.896364 -0.467192 3.30253e-005 1.47617 -4.9421 -0.0124584 
0.00605268 0.00454419 -0.000154425 -0.866618 -0.521537 3.22938e-005 1.50231 -4.93277 -0.0130817 
0.00607614 0.00457764 -0.000155088 -0.833615 -0.573918 3.08648e-005 1.5284 -4.9233 -0.0137046 
0.00609957 0.00461124 -0.00015575 -0.797486 -0.624145 2.87426e-005 1.55445 -4.91368 -0.0143271 
0.00612296 0.00464498 -0.000156411 -0.75837 -0.672036 2.5934e-005 1.58045 -4.90392 -0.0149493 
0.00614632 0.00467886 -0.000157073 -0.716419 -0.717416 2.24482e-005 1.60641 -4.89403 -0.0155709 
0.00616965 0.00471288 -0.000157734 -0.671791 -0.760121 1.8297e-005 1.63232 -4.88399 -0.0161922 
0.00619294 0.00474705 -0.000158394 -0.624657 -0.799999 1.34942e-005 1.65819 -4.87381 -0.016813 
0.00621619 0.00478136 -0.000159054 -0.575194 -0.836905 8.05612e-006 1.68401 -4.86348 -0.0174333 
0.00623941 0.00481581 -0.000159714 -0.523587 -0.870707 2.00126e-006 1.70978 -4.85302 -0.0180531 
0.00626258 0.0048504 -0.000160373 -0.470029 -0.901283 -4.64978e-006 1.73549 -4.84242 -0.0186724 
0.00628571 0.00488514 -0.000161031 -0.414717 -0.928525 -1.18743e-005 1.76116 -4.83167 -0.0192911 
0.0063088 0.00492002 -0.000161689 -0.357858 -0.952335 -1.96477e-005 1.78678 -4.82079 -0.0199093 
0.00633184 0.00495504 -0.000162347 -0.299661 -0.972627 -2.79434e-005 1.81235 -4.80977 -0.0205269 
0.00635484 0.00499021 -0.000163004 -0.24034 -0.989329 -3.6733e-005 1.83786 -4.7986 -0.021144 
0.00637779 0.00502552 -0.00016366 -0.180113 -1.00238 -4.59865e-005 1.86333 -4.7873 -0.0217604 
0.0064007 0.00506098 -0.000164316 -0.119202 -1.01173 -5.56721e-005 1.88873 -4.77586 -0.0223762 
0.00642355 0.00509657 -0.000164972 -0.0578293 -1.01735 -6.57567e-005 1.91409 -4.76428 -0.0229913 
0.00644635 0.00513232 -0.000165626 0.00377891 -1.01922 -7.62056e-005 1.93938 -4.75255 -0.0236058 
0.0064691 0.0051682 -0.00016628 0.0653968 -1.01732 -8.6983e-005 1.96462 -4.7407 -0.0242196 
0.00649179 0.00520423 -0.000166933 0.126798 -1.01167 -9.80517e-005 1.98981 -4.7287 -0.0248327 
0.00651443 0.0052404 -0.000167586 0.187757 -1.00227 -0.000109374 2.01493 -4.71656 -0.0254451 
0.00653701 0.00527671 -0.000168238 0.248049 -0.98917 -0.00012091 2.04 -4.70429 -0.0260567 
0.00655954 0.00531316 -0.000168889 0.307451 -0.972405 -0.00013262 2.06501 -4.69188 -0.0266676 
0.006582 0.00534976 -0.00016954 0.365744 -0.952035 -0.000144464 2.08996 -4.67933 -0.0272777 
0.0066044 0.0053865 -0.00017019 0.42271 -0.928129 -0.0001564 2.11484 -4.66664 -0.027887 
0.00662674 0.00542338 -0.000170839 0.478138 -0.900771 -0.000168387 2.13967 -4.65382 -0.0284955 
0.00664902 0.00546039 -0.000171487 0.531819 -0.870056 -0.000180382 2.16443 -4.64086 -0.0291032 
0.00667123 0.00549755 -0.000172134 0.583553 -0.836094 -0.000192344 2.18913 -4.62776 -0.02971 
0.00669337 0.00553485 -0.000172781 0.633142 -0.799003 -0.000204231 2.21376 -4.61453 -0.0303159 
0.00671545 0.00557228 -0.000173427 0.680398 -0.758917 -0.000216 2.23833 -4.60116 -0.030921 
0.00673745 0.00560986 -0.000174072 0.725141 -0.715977 -0.00022761 2.26283 -4.58766 -0.0315252 
0.00675939 0.00564757 -0.000174716 0.767197 -0.670339 -0.00023902 2.28727 -4.57402 -0.0321284 
0.00678125 0.00568541 -0.000175359 0.806403 -0.622167 -0.000250187 2.31164 -4.56024 -0.0327307 
0.00680304 0.00572339 -0.000176001 0.842605 -0.571636 -0.000261074 2.33594 -4.54633 -0.033332 
0.00682476 0.00576151 -0.000176642 0.875659 -0.51893 -0.00027164 2.36018 -4.53229 -0.0339324 
0.0068464 0.00579976 -0.000177283 0.905432 -0.464243 -0.000281846 2.38434 -4.51811 -0.0345317 
0.00686797 0.00583814 -0.000177922 0.931804 -0.407777 -0.000291656 2.40843 -4.5038 -0.0351301 
0.00688945 0.00587666 -0.000178561 0.954666 -0.34974 -0.000301035 2.43246 -4.48936 -0.0357274 
0.00691086 0.0059153 -0.000179198 0.97392 -0.290349 -0.000309947 2.45641 -4.47478 -0.0363236 
0.00693219 0.00595408 -0.000179835 0.989484 -0.229828 -0.000318359 2.48029 -4.46007 -0.0369188 
0.00695344 0.00599298 -0.00018047 1.00129 -0.168404 -0.000326242 2.50409 -4.44522 -0.0375129 
0.00697461 0.00603202 -0.000181104 1.00928 -0.106311 -0.000333564 2.52782 -4.43025 -0.0381059 
0.00699569 0.00607118 -0.000181738 1.01341 -0.0437849 -0.0003403 2.55148 -4.41514 -0.0386977 
0.00701669 0.00611046 -0.00018237 1.01366 0.0189336 -0.000346423 2.57506 -4.3999 -0.0392884 
0.00703761 0.00614988 -0.000183001 1.01001 0.0816027 -0.000351912 2.59856 -4.38453 -0.039878 
0.00705844 0.00618941 -0.000183631 1.00247 0.143979 -0.000356745 2.62199 -4.36903 -0.0404664 
0.00707919 0.00622907 -0.00018426 0.991058 0.20582 -0.000360905 2.64533 -4.3534 -0.0410535 
0.00709985 0.00626885 -0.000184888 0.975809 0.266882 -0.000364375 2.6686 -4.33764 -0.0416395 
0.00712043 0.00630875 -0.000185514 0.95677 0.326926 -0.000367143 2.69179 -4.32175 -0.0422242 
0.00714092 0.00634877 -0.00018614 0.934009 0.385712 -0.000369199 2.7149 -4.30573 -0.0428076 
0.00716132 0.00638891 -0.000186764 0.907604 0.443008 -0.000370536 2.73793 -4.28958 -0.0433898 
0.00718163 0.00642916 -0.000187387 0.877652 0.498584 -0.000371149 2.76088 -4.2733 -0.0439707 
0.00720185 0.00646954 -0.000188009 0.844263 0.552217 -0.000371036 2.78374 -4.2569 -0.0445502 
0.00722199 0.00651002 -0.000188629 0.807562 0.60369 -0.000370199 2.80653 -4.24036 -0.0451285 
0.00724203 0.00655063 -0.000189248 0.767688 0.652796 -0.000368642 2.82922 -4.2237 -0.0457054 
0.00726199 0.00659134 -0.000189866 0.724792 0.699335 -0.000366372 2.85184 -4.20691 -0.0462809 
0.00728186 0.00663217 -0.000190483 0.679042 0.743118 -0.000363401 2.87436 -4.19 -0.0468551 
0.00730163 0.00667311 -0.000191098 0.630614 0.783965 -0.00035974 2.89681 -4.17296 -0.0474278 
0.00732132 0.00671416 -0.000191712 0.579697 0.82171 -0.000355406 2.91916 -4.15579 -0.0479991 
0.00734092 0.00675532 -0.000192325 0.526493 0.856197 -0.000350418 2.94143 -4.1385 -0.048569 
0.00736043 0.00679659 -0.000192936 0.471212 0.887285 -0.000344797 2.9636 -4.12108 -0.0491374 
0.00737984 0.00683797 -0.000193546 0.414072 0.914847 -0.000338569 2.98569 -4.10354 -0.0497044 
0.00739917 0.00687945 -0.000194154 0.355302 0.938769 -0.000331759 3.00769 -4.08588 -0.0502698 
0.0074184 0.00692104 -0.000194761 0.295137 0.958953 -0.000324398 3.0296 -4.06809 -0.0508337 
0.00743755 0.00696274 -0.000195366 0.233817 0.975316 -0.000316516 3.05142 -4.05018 -0.0513962 
0.00745661 0.00700454 -0.00019597 0.171588 0.987792 -0.000308148 3.07314 -4.03214 -0.051957 
0.00747557 0.00704645 -0.000196573 0.1087 0.996331 -0.00029933 3.09478 -4.01398 -0.0525163 
0.00749445 0.00708846 -0.000197174 0.0454052 1.0009 -0.0002901 3.11631 -3.99571 -0.053074 
0.00751323 0.00713057 -0.000197774 -0.0180413 1.00148 -0.000280497 3.13776 -3.9773 -0.0536301 
0.00753193 0.00717279 -0.000198372 -0.0813853 0.998066 -0.000270563 3.15911 -3.95878 -0.0541846 
0.00755053 0.00721511 -0.000198968 -0.144373 0.990683 -0.000260339 3.18036 -3.94014 -0.0547374 
0.00756905 0.00725753 -0.000199563 -0.206752 0.97936 -0.00024987 3.20152 -3.92138 -0.0552886 
0.00758747 0.00730006 -0.000200156 -0.268273 0.964147 -0.000239199 3.22258 -3.9025 -0.0558381 
0.00760581 0.00734268 -0.000200748 -0.328691 0.945108 -0.000228373 3.24354 -3.8835 -0.056386 
0.00762406 0.00738541 -0.000201338 -0.387767 0.922325 -0.000217436 3.26441 -3.86438 -0.0569321 
0.00764221 0.00742824 -0.000201927 -0.445266 0.895894 -0.000206436 3.28517 -3.84514 -0.0574764 
0.00766028 0.00747117 -0.000202513 -0.500962 0.865926 -0.000195418 3.30583 -3.82579 -0.0580191 
0.00767826 0.0075142 -0.000203099 -0.554637 0.832547 -0.000184428 3.3264 -3.80632 -0.0585599 
0.00769615 0.00755733 -0.000203682 -0.606081 0.795896 -0.000173512 3.34686 -3.78673 -0.059099 
0.00771395 0.00760056 -0.000204264 -0.655096 0.756124 -0.000162716 3.36722 -3.76703 -0.0596363 
0.00773165 0.0076439 -0.000204844 -0.701493 0.713395 -0.000152084 3.38748 -3.74721 -0.0601718 
0.00774927 0.00768733 -0.000205422 -0.745094 0.667885 -0.000141661 3.40763 -3.72728 -0.0607054 
0.0077668 0.00773087 -0.000205999 -0.785734 0.619779 -0.000131488 3.42768 -3.70723 -0.0612372 
0.00778424 0.0077745 -0.000206573 -0.823262 0.569272 -0.000121608 3.44763 -3.68706 -0.0617671 
0.00780159 0.00781824 -0.000207146 -0.857538 0.516568 -0.00011206 3.46747 -3.66679 -0.0622951 
0.00781885 0.00786208 -0.000207718 -0.888437 0.461878 -0.000102883 3.4872 -3.6464 -0.0628212 
0.00783601 0.00790602 -0.000208287 -0.915846 0.405421 -9.41144e-005 3.50683 -3.6259 -0.0633454 
0.00785309 0.00795006 -0.000208854 -0.93967 0.347421 -8.5789e-005 3.52635 -3.60529 -0.0638676 
0.00787007 0.0079942 -0.00020942 -0.959825 0.288107 -7.79402e-005 3.54576 -3.58456 -0.0643879 
0.00788697 0.00803845 -0.000209984 -0.976243 0.227711 -7.0599e-005 3.56506 -3.56373 -0.0649062 
0.00790377 0.00808279 -0.000210546 -0.988872 0.16647 -6.37943e-005 3.58425 -3.54279 -0.0654226 
0.00792047 0.00812724 -0.000211106 -0.997674 0.104621 -5.75531e-005 3.60334 -3.52173 -0.0659369 
0.00793709 0.00817179 -0.000211664 -1.00262 0.0424018 -5.18997e-005 3.62231 -3.50057 -0.0664491 
0.0079536 0.00821644 -0.00021222 -1.00372 -0.0199475 -4.68562e-005 3.64117 -3.4793 -0.0669594 
0.00797003 0.0082612 -0.000212774 -1.00096 -0.0821894 -4.24422e-005 3.65991 -3.45792 -0.0674675 
0.00798636 0.00830606 -0.000213327 -0.994364 -0.144088 -3.86749e-005 3.67855 -3.43643 -0.0679736 
0.00800259 0.00835102 -0.000213877 -0.983975 -0.205408 -3.55688e-005 3.69707 -3.41484 -0.0684776 
0.00801872 0.00839608 -0.000214425 -0.969838 -0.265922 -3.3136e-005 3.71547 -3.39314 -0.0689795 
0.00803476 0.00844125 -0.000214972 -0.952016 -0.325401 -3.1386e-005 3.73377 -3.37134 -0.0694793 
0.0080507 0.00848652 -0.000215516 -0.930585 -0.383625 -3.03257e-005 3.75194 -3.34943 -0.0699769 
0.00806654 0.0085319 -0.000216058 -0.905634 -0.440378 -2.99593e-005 3.77 -3.32742 -0.0704723 
0.00808228 0.00857738 -0.000216598 -0.877265 -0.495452 -3.02887e-005 3.78794 -3.3053 -0.0709656 
0.00809792 0.00862296 -0.000217136 -0.84559 -0.548643 -3.13131e-005 3.80577 -3.28308 -0.0714566 
0.00811346 0.00866864 -0.000217672 -0.810735 -0.599759 -3.3029e-005 3.82348 -3.26076 -0.0719455 
0.00812889 0.00871443 -0.000218206 -0.772835 -0.648611 -3.54308e-005 3.84107 -3.23833 -0.0724321 
0.00814422 0.00876032 -0.000218738 -0.732036 -0.695024 -3.851e-005 3.85854 -3.21581 -0.0729164 
0.00815944 0.00880632 -0.000219267 -0.688495 -0.73883 -4.22561e-005 3.87589 -3.19319 -0.0733985 
0.00817456 0.00885241 -0.000219795 -0.642378 -0.779869 -4.6656e-005 3.89312 -3.17046 -0.0738783 
0.00818957 0.00889861 -0.00022032 -0.593857 -0.817995 -5.16944e-005 3.91022 -3.14764 -0.0743559 
0.00820447 0.00894492 -0.000220843 -0.543116 -0.853071 -5.73536e-005 3.92721 -3.12471 -0.0748311 
0.00821926 0.00899132 -0.000221364 -0.490343 -0.88497 -6.3614e-005 3.94407 -3.10169 -0.0753039 
0.00823395 0.00903783 -0.000221883 -0.435735 -0.913578 -7.04536e-005 3.96081 -3.07858 -0.0757745 
0.00824852 0.00908444 -0.000222399 -0.379495 -0.938793 -7.78488e-005 3.97743 -3.05536 -0.0762426 
0.00826297 0.00913116 -0.000222913 -0.321829 -0.960525 -8.57736e-005 3.99392 -3.03205 -0.0767084 
0.00827731 0.00917797 -0.000223425 -0.262952 -0.978694 -9.42005e-005 4.01029 -3.00865 -0.0771718 
0.00829154 0.00922489 -0.000223935 -0.203078 -0.993236 -0.0001031 4.02653 -2.98515 -0.0776328 
0.00830565 0.0092719 -0.000224442 -0.142429 -1.0041 -0.000112441 4.04265 -2.96155 -0.0780913 
0.00831964 0.00931902 -0.000224947 -0.0812263 -1.01124 -0.000122192 4.05864 -2.93786 -0.0785474 
0.00833351 0.00936623 -0.00022545 -0.0196952 -1.01463 -0.000132317 4.0745 -2.91408 -0.0790011 
0.00834727 0.00941355 -0.00022595 0.0419387 -1.01427 -0.000142782 4.09024 -2.89021 -0.0794523 
0.0083609 0.00946096 -0.000226448 0.103449 -1.01014 -0.000153551 4.10584 -2.86625 -0.0799009 
0.0083744 0.00950847 -0.000226944 0.16461 -1.00227 -0.000164584 4.12132 -2.8422 -0.0803471 
0.00838779 0.00955607 -0.000227437 0.225195 -0.990668 -0.000175845 4.13667 -2.81805 -0.0807908 
0.00840104 0.00960378 -0.000227928 0.284983 -0.975386 -0.000187292 4.15189 -2.79382 -0.0812319 
0.00841418 0.00965157 -0.000228416 0.34375 -0.956474 -0.000198887 4.16698 -2.7695 -0.0816705 
0.00842718 0.00969947 -0.000228902 0.40128 -0.933995 -0.000210587 4.18193 -2.74509 -0.0821065 
0.00844005 0.00974745 -0.000229386 0.457357 -0.908028 -0.000222352 4.19676 -2.7206 -0.0825399 
0.0084528 0.00979553 -0.000229867 0.511773 -0.878664 -0.000234139 4.21145 -2.69602 -0.0829707 
0.00846541 0.0098437 -0.000230345 0.564322 -0.846006 -0.000245907 4.22601 -2.67135 -0.0833989 
0.00847789 0.00989196 -0.000230821 0.614807 -0.810169 -0.000257613 4.24044 -2.6466 -0.0838244 
0.00849024 0.00994031 -0.000231295 0.663034 -0.771279 -0.000269216 4.25473 -2.62176 -0.0842474 
0.00850245 0.00998875 -0.000231766 0.708821 -0.729476 -0.000280674 4.26889 -2.59684 -0.0846676 
0.00851453 0.0100373 -0.000232234 0.751991 -0.68491 -0.000291945 4.28291 -2.57184 -0.0850852 
0.00852647 0.0100859 -0.0002327 0.792376 -0.637741 -0.000302988 4.2968 -2.54676 -0.0855001 
0.00853828 0.0101346 -0.000233164 0.829818 -0.58814 -0.000313764 4.31055 -2.5216 -0.0859123 
0.00854994 0.0101834 -0.000233625 0.86417 -0.536287 -0.000324231 4.32416 -2.49635 -0.0863218 
0.00856147 0.0102322 -0.000234083 0.895293 -0.482372 -0.000334353 4.33764 -2.47103 -0.0867285 
0.00857285 0.0102812 -0.000234539 0.923062 -0.426593 -0.000344091 4.35098 -2.44562 -0.0871325 
0.0085841 0.0103302 -0.000234992 0.947363 -0.369158 -0.00035341 4.36419 -2.42014 -0.0875338 
0.0085952 0.0103793 -0.000235442 0.968094 -0.31028 -0.000362273 4.37725 -2.39458 -0.0879322 
0.00860616 0.0104285 -0.00023589 0.985167 -0.250178 -0.000370649 4.39017 -2.36895 -0.0883279 
0.00861698 0.0104777 -0.000236335 0.998506 -0.189081 -0.000378506 4.40296 -2.34324 -0.0887208 
0.00862765 0.0105271 -0.000236777 1.00805 -0.127217 -0.000385813 4.41561 -2.31745 -0.0891108 
0.00863818 0.0105765 -0.000237217 1.01375 -0.0648244 -0.000392543 4.42811 -2.29159 -0.089498 
0.00864856 0.0106259 -0.000237654 1.01557 -0.00214043 -0.00039867 4.44048 -2.26566 -0.0898824 
0.0086588 0.0106755 -0.000238088 1.01351 0.0605931 -0.000404171 4.4527 -2.23965 -0.0902639 
0.00866889 0.0107251 -0.00023852 1.00754 0.123133 -0.000409024 4.46478 -2.21358 -0.0906426 
0.00867883 0.0107748 -0.000238949 0.997698 0.185237 -0.00041321 4.47672 -2.18743 -0.0910183 
0.00868863 0.0108245 -0.000239375 0.983997 0.24666 -0.000416713 4.48851 -2.16121 -0.0913911 
0.00869828 0.0108743 -0.000239798 0.966484 0.307163 -0.00041952 4.50017 -2.13492 -0.0917611 
0.00870778 0.0109242 -0.000240219 0.945219 0.366505 -0.00042162 4.51168 -2.10856 -0.0921281 
0.00871714 0.0109741 -0.000240637 0.920275 0.42445 -0.000423003 4.52304 -2.08214 -0.0924921 
0.00872634 0.0110241 -0.000241052 0.891743 0.480768 -0.000423665 4.53426 -2.05565 -0.0928533 
0.0087354 0.0110742 -0.000241464 0.859727 0.535233 -0.000423604 4.54534 -2.02909 -0.0932114 
0.00874431 0.0111243 -0.000241873 0.824345 0.587625 -0.000422819 4.55627 -2.00247 -0.0935666 
0.00875307 0.0111744 -0.000242279 0.785731 0.637732 -0.000421315 4.56705 -1.97578 -0.0939187 
0.00876169 0.0112246 -0.000242683 0.744033 0.685353 -0.000419096 4.57769 -1.94903 -0.0942679 
0.00877015 0.0112749 -0.000243084 0.699409 0.730292 -0.000416174 4.58818 -1.92221 -0.094614 
0.00877847 0.0113252 -0.000243482 0.652035 0.772367 -0.000412559 4.59852 -1.89533 -0.0949571 
0.00878664 0.0113756 -0.000243877 0.602093 0.811406 -0.000408267 4.60872 -1.8684 -0.0952972 
0.00879466 0.011426 -0.000244269 0.54978 0.847248 -0.000403316 4.61877 -1.8414 -0.0956342 
0.00880253 0.0114765 -0.000244658 0.495303 0.879746 -0.000397726 4.62867 -1.81434 -0.0959681 
0.00881026 0.011527 -0.000245044 0.438878 0.908768 -0.000391522 4.63842 -1.78722 -0.096299 
0.00881784 0.0115775 -0.000245428 0.380729 0.934194 -0.000384728 4.64802 -1.76005 -0.0966268 
0.00882527 0.0116281 -0.000245808 0.321088 0.955919 -0.000377373 4.65748 -1.73281 -0.0969514 
0.00883256 0.0116788 -0.000246186 0.260194 0.973855 -0.000369488 4.66678 -1.70553 -0.097273 
0.0088397 0.0117295 -0.00024656 0.198291 0.987929 -0.000361106 4.67593 -1.67818 -0.0975914 
0.00884669 0.0117802 -0.000246932 0.135627 0.998083 -0.000352263 4.68493 -1.65078 -0.0979067 
0.00885354 0.0118309 -0.0002473 0.072454 1.00428 -0.000342995 4.69378 -1.62333 -0.0982188 
0.00886025 0.0118817 -0.000247665 0.00902547 1.00649 -0.000333341 4.70248 -1.59583 -0.0985277 
0.00886681 0.0119326 -0.000248028 -0.0544038 1.00471 -0.000323342 4.71103 -1.56827 -0.0988335 
0.00887323 0.0119835 -0.000248387 -0.117579 0.998946 -0.000313039 4.71943 -1.54066 -0.0991361 
0.0088795 0.0120344 -0.000248744 -0.180248 0.989229 -0.000302476 4.72767 -1.51301 -0.0994355 
0.00888563 0.0120853 -0.000249097 -0.24216 0.9756 -0.000291695 4.73577 -1.4853 -0.0997317 
0.00889162 0.0121363 -0.000249448 -0.303068 0.958117 -0.000280743 4.7437 -1.45754 -0.100025 
0.00889747 0.0121873 -0.000249795 -0.36273 0.936856 -0.000269665 4.75149 -1.42974 -0.100314 
0.00890317 0.0122384 -0.000250139 -0.420909 0.911905 -0.000258506 4.75912 -1.40189 -0.100601 
0.00890873 0.0122894 -0.00025048 -0.477376 0.883372 -0.000247312 4.7666 -1.37399 -0.100884 
0.00891416 0.0123406 -0.000250818 -0.53191 0.851375 -0.000236129 4.77392 -1.34605 -0.101164 
0.00891944 0.0123917 -0.000251153 -0.584298 0.816047 -0.000225003 4.78109 -1.31807 -0.101441 
0.00892458 0.0124429 -0.000251485 -0.634335 0.777537 -0.00021398 4.7881 -1.29004 -0.101714 
0.00892958 0.0124941 -0.000251814 -0.68183 0.736002 -0.000203104 4.79496 -1.26197 -0.101984 
0.00893444 0.0125453 -0.000252139 -0.7266 0.691613 -0.000192418 4.80167 -1.23386 -0.102251 
0.00893917 0.0125966 -0.000252461 -0.768476 0.644552 -0.000181966 4.80821 -1.20571 -0.102515 
0.00894375 0.0126479 -0.000252781 -0.8073 0.595011 -0.00017179 4.81461 -1.17751 -0.102775 
0.00894819 0.0126992 -0.000253097 -0.842927 0.543188 -0.00016193 4.82084 -1.14928 -0.103032 
0.0089525 0.0127506 -0.00025341 -0.875227 0.489294 -0.000152424 4.82692 -1.12102 -0.103285 
0.00895667 0.012802 -0.000253719 -0.904082 0.433543 -0.000143311 4.83284 -1.09271 -0.103535 
0.0089607 0.0128534 -0.000254026 -0.929389 0.376158 -0.000134625 4.83861 -1.06437 -0.103782 
0.00896459 0.0129049 -0.000254329 -0.95106 0.317364 -0.000126401 4.84422 -1.03599 -0.104026 
0.00896834 0.0129564 -0.000254629 -0.969022 0.257395 -0.00011867 4.84967 -1.00758 -0.104266 
0.00897195 0.0130079 -0.000254926 -0.983214 0.196483 -0.000111462 4.85496 -0.979139 -0.104502 
0.00897543 0.0130594 -0.00025522 -0.993594 0.134866 -0.000104803 4.86009 -0.950663 -0.104736 
0.00897876 0.013111 -0.000255511 -1.00013 0.0727831 -9.87203e-005 4.86507 -0.922156 -0.104966 
0.00898196 0.0131626 -0.000255798 -1.00281 0.0104719 -9.32351e-005 4.86989 -0.893618 -0.105192 
0.00898502 0.0132142 -0.000256082 -1.00164 -0.051829 -8.83681e-005 4.87455 -0.86505 -0.105415 
0.00898794 0.0132658 -0.000256363 -0.99662 -0.113883 -8.41373e-005 4.87905 -0.836454 -0.105635 
0.00899072 0.0133175 -0.00025664 -0.987791 -0.175454 -8.05579e-005 4.88339 -0.80783 -0.105851 
0.00899335 0.0133692 -0.000256914 -0.975194 -0.236312 -7.76429e-005 4.88757 -0.77918 -0.106063 
0.00899585 0.0134209 -0.000257185 -0.958885 -0.296227 -7.54026e-005 4.8916 -0.750503 -0.106273 
0.00899821 0.0134727 -0.000257453 -0.938935 -0.354978 -7.38446e-005 4.89546 -0.721801 -0.106478 
0.00900043 0.0135245 -0.000257717 -0.915428 -0.412347 -7.29741e-005 4.89916 -0.693076 -0.106681 
0.00900251 0.0135763 -0.000257978 -0.88846 -0.46812 -7.27939e-005 4.90271 -0.664327 -0.10688 
0.00900444 0.0136281 -0.000258236 -0.85814 -0.522094 -7.33038e-005 4.90609 -0.635556 -0.107075 
0.00900624 0.01368 -0.00025849 -0.824587 -0.574071 -7.45015e-005 4.90931 -0.606764 -0.107267 
0.00900789 0.0137319 -0.000258741 -0.787932 -0.623861 -7.63821e-005 4.91238 -0.577952 -0.107455 
0.00900939 0.0137838 -0.000258989 -0.748319 -0.671283 -7.89381e-005 4.91528 -0.54912 -0.10764 
0.00901075 0.0138358 -0.000259234 -0.705898 -0.716166 -8.21597e-005 4.91802 -0.520269 -0.107821 
0.00901197 0.0138877 -0.000259475 -0.660832 -0.758347 -8.60349e-005 4.9206 -0.491402 -0.107999 
0.00901304 0.0139397 -0.000259712 -0.613291 -0.797674 -9.0549e-005 4.92302 -0.462517 -0.108173 
0.00901397 0.0139918 -0.000259947 -0.563454 -0.834007 -9.56855e-005 4.92528 -0.433617 -0.108344 
0.00901475 0.0140438 -0.000260178 -0.511506 -0.867214 -0.000101425 4.92738 -0.404703 -0.108511 
0.00901538 0.0140959 -0.000260405 -0.457642 -0.897176 -0.000107748 4.92931 -0.375774 -0.108675 
0.00901587 0.0141479 -0.00026063 -0.402062 -0.923786 -0.000114629 4.93109 -0.346833 -0.108835 
0.00901621 0.0142001 -0.000260851 -0.344971 -0.946948 -0.000122045 4.9327 -0.31788 -0.108991 
0.00901639 0.0142522 -0.000261068 -0.28658 -0.966579 -0.000129969 4.93415 -0.288916 -0.109144 
0.00901643 0.0143043 -0.000261282 -0.227103 -0.982609 -0.000138372 4.93544 -0.259942 -0.109294 
0.00901632 0.0143565 -0.000261493 -0.16676 -0.994978 -0.000147223 4.93657 -0.230959 -0.109439 
0.00901605 0.0144087 -0.0002617 -0.105771 -1.00364 -0.000156492 4.93754 -0.201968 -0.109581 
0.00901564 0.0144609 -0.000261904 -0.0443616 -1.00857 -0.000166143 4.93834 -0.17297 -0.10972 
0.00901507 0.0145131 -0.000262105 0.017244 -1.00974 -0.000176144 4.93899 -0.143966 -0.109855 
0.00901434 0.0145654 -0.000262302 0.0788192 -1.00715 -0.000186457 4.93947 -0.114957 -0.109986 
0.00901347 0.0146176 -0.000262495 0.140138 -1.0008 -0.000197046 4.93978 -0.085943 -0.110114 
0.00901243 0.0146699 -0.000262686 0.200974 -0.990719 -0.000207873 4.93994 -0.056926 -0.110238 
0.00901124 0.0147222 -0.000262872 0.261103 -0.976936 -0.000218898 4.93993 -0.0279067 -0.110359 
0.0090099 0.0147745 -0.000263056 0.320303 -0.959498 -0.000230082 4.93977 0.00111407 -0.110476 
0.0090084 0.0148268 -0.000263236 0.378354 -0.938466 -0.000241384 4.93943 0.0301353 -0.110589 
0.00900674 0.0148791 -0.000263412 0.435041 -0.913912 -0.000252762 4.93894 0.059156 -0.110699 
0.00900492 0.0149315 -0.000263585 0.490151 -0.885921 -0.000264177 4.93829 0.0881752 -0.110805 
0.00900294 0.0149838 -0.000263755 0.543479 -0.854592 -0.000275585 4.93747 0.117192 -0.110907 
0.0090008 0.0150361 -0.000263921 0.594821 -0.820035 -0.000286944 4.93649 0.146206 -0.111006 
0.0089985 0.0150885 -0.000264083 0.643985 -0.782372 -0.000298214 4.93535 0.175215 -0.111101 
0.00899604 0.0151409 -0.000264243 0.690782 -0.741737 -0.000309352 4.93404 0.204219 -0.111193 
0.00899342 0.0151932 -0.000264398 0.735033 -0.698276 -0.000320317 4.93258 0.233216 -0.11128 
0.00899064 0.0152456 -0.000264551 0.776567 -0.652144 -0.000331067 4.93095 0.262207 -0.111365 
0.00898769 0.0152979 -0.000264699 0.815221 -0.603509 -0.000341563 4.92916 0.291189 -0.111445 
0.00898458 0.0153503 -0.000264845 0.850843 -0.552546 -0.000351765 4.9272 0.320162 -0.111522 
0.00898131 0.0154027 -0.000264986 0.883291 -0.499443 -0.000361633 4.92509 0.349125 -0.111595 
0.00897787 0.015455 -0.000265125 0.912434 -0.444394 -0.00037113 4.92281 0.378078 -0.111665 
0.00897427 0.0155074 -0.000265259 0.938154 -0.387602 -0.00038022 4.92037 0.407018 -0.11173 
0.00897051 0.0155597 -0.000265391 0.960344 -0.329279 -0.000388867 4.91777 0.435945 -0.111792 
0.00896658 0.0156121 -0.000265519 0.978909 -0.269642 -0.000397038 4.915 0.464859 -0.111851 
0.00896249 0.0156644 -0.000265643 0.993768 -0.208915 -0.0004047 4.91208 0.493757 -0.111906 
0.00895823 0.0157167 -0.000265764 1.00485 -0.147328 -0.000411823 4.90899 0.52264 -0.111957 
0.0089538 0.015769 -0.000265881 1.01212 -0.0851148 -0.000418378 4.90574 0.551506 -0.112004 
0.00894922 0.0158213 -0.000265995 1.01551 -0.0225127 -0.000424339 4.90233 0.580355 -0.112048 
0.00894446 0.0158735 -0.000266105 1.01502 0.0402375 -0.000429682 4.89876 0.609184 -0.112088 
0.00893954 0.0159258 -0.000266212 1.01063 0.102893 -0.000434385 4.89503 0.637995 -0.112124 
0.00893446 0.015978 -0.000266315 1.00235 0.165212 -0.000438428 4.89113 0.666784 -0.112157 
0.00892921 0.0160302 -0.000266415 0.990204 0.226949 -0.000441794 4.88708 0.695553 -0.112186 
0.0089238 0.0160824 -0.000266511 0.974224 0.287862 -0.000444468 4.88286 0.724298 -0.112211 
0.00891822 0.0161346 -0.000266604 0.954465 0.347712 -0.000446439 4.87848 0.753021 -0.112233 
0.00891248 0.0161867 -0.000266693 0.930995 0.406261 -0.000447698 4.87394 0.781719 -0.11225 
0.00890657 0.0162388 -0.000266779 0.903897 0.463275 -0.000448238 4.86924 0.810391 -0.112265 
0.0089005 0.0162909 -0.000266861 0.87327 0.518527 -0.000448056 4.86438 0.839038 -0.112275 
0.00889427 0.016343 -0.00026694 0.839228 0.571794 -0.000447151 4.85936 0.867657 -0.112282 
0.00888788 0.016395 -0.000267015 0.801897 0.622862 -0.000445527 4.85418 0.896249 -0.112285 
0.00888132 0.016447 -0.000267087 0.761419 0.671523 -0.000443189 4.84884 0.924811 -0.112284 
0.00887461 0.0164989 -0.000267155 0.71795 0.717581 -0.000440144 4.84334 0.953343 -0.11228 
0.00886773 0.0165508 -0.000267219 0.671657 0.760847 -0.000436405 4.83768 0.981844 -0.112272 
0.00886069 0.0166027 -0.000267281 0.62272 0.801144 -0.000431985 4.83186 1.01031 -0.11226 
0.00885349 0.0166545 -0.000267338 0.571331 0.838308 -0.000426902 4.82588 1.03875 -0.112245 
0.00884614 0.0167063 -0.000267392 0.517693 0.872187 -0.000421176 4.81975 1.06715 -0.112226 
0.00883863 0.016758 -0.000267443 0.462018 0.902641 -0.000414829 4.81345 1.09552 -0.112203 
0.00883096 0.0168097 -0.00026749 0.404526 0.929545 -0.000407886 4.80699 1.12385 -0.112176 
0.00882313 0.0168614 -0.000267533 0.345447 0.952789 -0.000400375 4.80038 1.15215 -0.112146 
0.00881515 0.016913 -0.000267573 0.285017 0.972277 -0.000392327 4.79361 1.18041 -0.112112 
0.00880702 0.0169646 -0.00026761 0.223479 0.987931 -0.000383774 4.78668 1.20863 -0.112074 
0.00879873 0.0170161 -0.000267643 0.161078 0.999687 -0.00037475 4.77959 1.23681 -0.112033 
0.0087903 0.0170676 -0.000267672 0.0980661 1.0075 -0.000365291 4.77234 1.26495 -0.111988 
0.00878171 0.017119 -0.000267698 0.0346952 1.01133 -0.000355437 4.76494 1.29305 -0.111939 
0.00877297 0.0171703 -0.000267721 -0.0287799 1.01117 -0.000345227 4.75738 1.3211 -0.111887 
0.00876408 0.0172217 -0.00026774 -0.0921044 1.00703 -0.000334702 4.74966 1.34912 -0.111831 
0.00875504 0.0172729 -0.000267755 -0.155025 0.998919 -0.000323905 4.74179 1.37709 -0.111771 
0.00874586 0.0173241 -0.000267767 -0.217289 0.986876 -0.00031288 4.73375 1.40501 -0.111708 
0.00873653 0.0173753 -0.000267776 -0.27865 0.970953 -0.00030167 4.72557 1.43289 -0.11164 
0.00872705 0.0174264 -0.00026778 -0.338862 0.95122 -0.000290322 4.71723 1.46072 -0.11157 
0.00871743 0.0174774 -0.000267782 -0.397686 0.927759 -0.000278881 4.70873 1.48851 -0.111495 
0.00870767 0.0175284 -0.00026778 -0.454892 0.900671 -0.000267393 4.70007 1.51624 -0.111417 
0.00869777 0.0175793 -0.000267774 -0.510253 0.870069 -0.000255903 4.69127 1.54393 -0.111335 
0.00868772 0.0176302 -0.000267765 -0.563553 0.836082 -0.000244457 4.6823 1.57157 -0.11125 
0.00867753 0.017681 -0.000267753 -0.614584 0.79885 -0.000233101 4.67319 1.59915 -0.111161 
0.00866721 0.0177317 -0.000267737 -0.663151 0.758528 -0.000221879 4.66392 1.62668 -0.111068 
0.00865675 0.0177824 -0.000267717 -0.709065 0.715282 -0.000210836 4.65449 1.65416 -0.110971 
0.00864614 0.017833 -0.000267695 -0.752153 0.669288 -0.000200014 4.64491 1.68159 -0.110871 
0.00863541 0.0178836 -0.000267668 -0.792252 0.620736 -0.000189455 4.63518 1.70896 -0.110767 
0.00862453 0.0179341 -0.000267638 -0.829212 0.56982 -0.000179201 4.6253 1.73627 -0.11066 
0.00861352 0.0179846 -0.000267605 -0.862896 0.516747 -0.000169289 4.61526 1.76353 -0.110549 
0.00860238 0.018035 -0.000267568 -0.893182 0.461729 -0.000159759 4.60508 1.79073 -0.110434 
0.0085911 0.0180853 -0.000267528 -0.919961 0.404985 -0.000150646 4.59474 1.81788 -0.110316 
0.00857969 0.0181356 -0.000267484 -0.943139 0.346741 -0.000141983 4.58424 1.84496 -0.110194 
0.00856815 0.0181858 -0.000267437 -0.962636 0.287226 -0.000133804 4.5736 1.87198 -0.110068 
0.00855647 0.0182359 -0.000267387 -0.978386 0.226674 -0.000126138 4.56281 1.89894 -0.109939 
0.00854466 0.018286 -0.000267333 -0.990341 0.165319 -0.000119013 4.55187 1.92584 -0.109806 
0.00853273 0.018336 -0.000267275 -0.998464 0.103401 -0.000112455 4.54077 1.95268 -0.10967 
0.00852066 0.018386 -0.000267214 -1.00274 0.0411574 -0.000106487 4.52953 1.97945 -0.10953 
0.00850846 0.0184359 -0.00026715 -1.00315 -0.021173 -0.00010113 4.51814 2.00616 -0.109386 
0.00849613 0.0184857 -0.000267082 -0.999714 -0.0833527 -9.6402e-005 4.5066 2.0328 -0.109239 
0.00848367 0.0185355 -0.000267011 -0.992455 -0.145146 -9.23197e-005 4.49491 2.05938 -0.109088 
0.00847108 0.0185852 -0.000266937 -0.981407 -0.20632 -8.88963e-005 4.48308 2.08588 -0.108933 
0.00845837 0.0186349 -0.000266859 -0.966624 -0.266645 -8.61427e-005 4.4711 2.11233 -0.108775 
0.00844552 0.0186845 -0.000266778 -0.94817 -0.325896 -8.40674e-005 4.45897 2.1387 -0.108614 
0.00843255 0.018734 -0.000266693 -0.926124 -0.383853 -8.26762e-005 4.44669 2.165 -0.108449 
0.00841944 0.0187834 -0.000266605 -0.900577 -0.440301 -8.19723e-005 4.43427 2.19123 -0.10828 
0.00840621 0.0188328 -0.000266513 -0.871631 -0.495033 -8.19565e-005 4.4217 2.21739 -0.108108 
0.00839285 0.0188822 -0.000266419 -0.839403 -0.547848 -8.2627e-005 4.40898 2.24348 -0.107932 
0.00837937 0.0189315 -0.00026632 -0.804019 -0.598554 -8.39796e-005 4.39613 2.26949 -0.107752 
0.00836575 0.0189807 -0.000266219 -0.765617 -0.646965 -8.60076e-005 4.38312 2.29543 -0.107569 
0.00835201 0.0190298 -0.000266114 -0.724344 -0.692907 -8.87017e-005 4.36998 2.3213 -0.107383 
0.00833814 0.0190789 -0.000266006 -0.680359 -0.736213 -9.20505e-005 4.35669 2.34709 -0.107193 
0.00832414 0.0191279 -0.000265894 -0.633829 -0.776727 -9.60403e-005 4.34325 2.3728 -0.107 
0.00831001 0.0191769 -0.000265779 -0.584927 -0.814302 -0.000100655 4.32968 2.39843 -0.106803 
0.00829576 0.0192258 -0.000265661 -0.533839 -0.848805 -0.000105876 4.31596 2.42399 -0.106602 
0.00828137 0.0192746 -0.000265539 -0.480754 -0.880111 -0.000111683 4.3021 2.44947 -0.106398 
0.00826686 0.0193234 -0.000265414 -0.42587 -0.908108 -0.000118055 4.2881 2.47487 -0.106191 
0.00825222 0.0193721 -0.000265286 -0.369391 -0.932695 -0.000124965 4.27396 2.50019 -0.10598 
0.00823745 0.0194207 -0.000265155 -0.311523 -0.953784 -0.000132389 4.25968 2.52542 -0.105765 
0.00822255 0.0194693 -0.00026502 -0.252482 -0.9713 -0.000140299 4.24526 2.55058 -0.105548 
0.00820752 0.0195178 -0.000264882 -0.192484 -0.985178 -0.000148663 4.2307 2.57565 -0.105326 
0.00819236 0.0195662 -0.00026474 -0.131749 -0.995368 -0.000157452 4.216 2.60064 -0.105101 
0.00817708 0.0196145 -0.000264596 -0.0705007 -1.00183 -0.000166632 4.20117 2.62554 -0.104873 
0.00816166 0.0196628 -0.000264448 -0.00896353 -1.00455 -0.00017617 4.18619 2.65036 -0.104642 
0.00814611 0.019711 -0.000264297 0.0526364 -1.0035 -0.000186029 4.17108 2.67509 -0.104406 
0.00813044 0.0197592 -0.000264142 0.114073 -0.998693 -0.000196173 4.15584 2.69973 -0.104168 
0.00811463 0.0198073 -0.000263985 0.175119 -0.990142 -0.000206564 4.14045 2.72429 -0.103926 
0.00809869 0.0198553 -0.000263824 0.235551 -0.977873 -0.000217164 4.12494 2.74875 -0.103681 
0.00808263 0.0199032 -0.00026366 0.295145 -0.961929 -0.000227933 4.10928 2.77313 -0.103432 
0.00806643 0.019951 -0.000263493 0.35368 -0.942365 -0.00023883 4.0935 2.79742 -0.10318 
0.0080501 0.0199988 -0.000263322 0.410939 -0.919247 -0.000249816 4.07757 2.82162 -0.102925 
0.00803364 0.0200465 -0.000263148 0.466708 -0.892655 -0.000260849 4.06152 2.84572 -0.102666 
0.00801705 0.0200941 -0.000262971 0.520778 -0.862683 -0.000271888 4.04533 2.86974 -0.102404 
0.00800033 0.0201417 -0.000262791 0.572945 -0.829436 -0.00028289 4.02902 2.89366 -0.102138 
0.00798347 0.0201892 -0.000262608 0.623012 -0.793031 -0.000293814 4.01257 2.91748 -0.10187 
0.00796649 0.0202366 -0.000262422 0.670789 -0.753598 -0.000304618 3.99599 2.94121 -0.101598 
0.00794937 0.0202839 -0.000262232 0.716092 -0.711276 -0.000315262 3.97927 2.96485 -0.101322 
0.00793213 0.0203311 -0.00026204 0.758746 -0.666219 -0.000325704 3.96243 2.98839 -0.101043 
0.00791475 0.0203782 -0.000261844 0.798585 -0.618587 -0.000335903 3.94546 3.01183 -0.100761 
0.00789724 0.0204253 -0.000261645 0.835454 -0.568555 -0.000345821 3.92837 3.03518 -0.100476 
0.0078796 0.0204722 -0.000261443 0.869205 -0.516305 -0.000355417 3.91114 3.05843 -0.100188 
0.00786183 0.0205191 -0.000261238 0.899703 -0.462027 -0.000364654 3.89379 3.08157 -0.0998957 
0.00784393 0.0205659 -0.00026103 0.926824 -0.405923 -0.000373496 3.87631 3.10462 -0.0996007 
0.0078259 0.0206126 -0.000260818 0.950457 -0.348199 -0.000381907 3.8587 3.12757 -0.0993024 
0.00780774 0.0206592 -0.000260604 0.970501 -0.289072 -0.000389852 3.84097 3.15042 -0.0990009 
0.00778945 0.0207058 -0.000260386 0.986871 -0.228762 -0.000397299 3.82311 3.17316 -0.0986961 
0.00777103 0.0207522 -0.000260166 0.999493 -0.167498 -0.000404218 3.80513 3.1958 -0.0983882 
0.00775248 0.0207985 -0.000259942 1.00831 -0.105511 -0.000410579 3.78703 3.21834 -0.0980771 
0.0077338 0.0208447 -0.000259716 1.01327 -0.0430383 -0.000416355 3.7688 3.24078 -0.0977628 
0.00771499 0.0208909 -0.000259486 1.01436 0.019681 -0.000421522 3.75045 3.26311 -0.0974453 
0.00769606 0.0209369 -0.000259254 1.01154 0.0824049 -0.000426056 3.73198 3.28533 -0.0971246 
0.007677 0.0209828 -0.000259018 1.00484 0.14489 -0.000429938 3.71339 3.30745 -0.0968008 
0.00765781 0.0210287 -0.00025878 0.994249 0.206893 -0.000433149 3.69468 3.32946 -0.0964739 
0.0076385 0.0210744 -0.000258538 0.979811 0.268171 -0.000435674 3.67585 3.35137 -0.0961439 
0.00761906 0.02112 -0.000258294 0.961571 0.328483 -0.000437501 3.6569 3.37316 -0.0958107 
0.0075995 0.0211656 -0.000258046 0.939589 0.387588 -0.000438619 3.63783 3.39485 -0.0954745 
0.00757982 0.021211 -0.000257796 0.913944 0.445254 -0.000439021 3.61864 3.41643 -0.0951351 
0.00756001 0.0212563 -0.000257542 0.884727 0.501249 -0.000438703 3.59934 3.4379 -0.0947927 
0.00754008 0.0213015 -0.000257286 0.852047 0.555348 -0.000437664 3.57992 3.45926 -0.0944472 
0.00752003 0.0213465 -0.000257027 0.816024 0.607333 -0.000435905 3.56038 3.4805 -0.0940987 
0.00749987 0.0213915 -0.000256765 0.776795 0.656995 -0.000433431 3.54073 3.50164 -0.0937472 
0.00747958 0.0214364 -0.0002565 0.734509 0.704132 -0.000430248 3.52097 3.52266 -0.0933926 
0.00745918 0.0214811 -0.000256232 0.68933 0.748551 -0.000426368 3.50109 3.54357 -0.093035 
0.00743866 0.0215257 -0.000255962 0.641432 0.790072 -0.000421804 3.4811 3.56436 -0.0926744 
0.00741802 0.0215702 -0.000255688 0.591003 0.828525 -0.000416571 3.46099 3.58504 -0.0923108 
0.00739728 0.0216146 -0.000255412 0.538242 0.863752 -0.000410689 3.44078 3.60561 -0.0919442 
0.00737642 0.0216589 -0.000255133 0.483355 0.895609 -0.00040418 3.42045 3.62606 -0.0915747 
0.00735544 0.021703 -0.000254851 0.426562 0.923965 -0.000397068 3.40001 3.64639 -0.0912023 
0.00733436 0.021747 -0.000254566 0.368087 0.948703 -0.00038938 3.37947 3.66661 -0.0908269 
0.00731317 0.0217909 -0.000254279 0.308166 0.969723 -0.000381146 3.35881 3.68671 -0.0904486 
0.00729188 0.0218347 -0.000253988 0.247036 0.986938 -0.000372396 3.33805 3.70669 -0.0900674 
0.00727048 0.0218784 -0.000253695 0.184944 1.00028 -0.000363166 3.31718 3.72655 -0.0896832 
0.00724897 0.0219219 -0.000253399 0.122138 1.00969 -0.000353491 3.29621 3.7463 -0.0892963 
0.00722736 0.0219653 -0.000253101 0.058871 1.01514 -0.00034341 3.27513 3.76592 -0.0889064 
0.00720566 0.0220086 -0.0002528 -0.00460376 1.0166 -0.00033296 3.25394 3.78542 -0.0885137 
0.00718385 0.0220518 -0.000252496 -0.0680313 1.01406 -0.000322185 3.23265 3.8048 -0.0881182 
0.00716194 0.0220948 -0.000252189 -0.131157 1.00756 -0.000311125 3.21125 3.82406 -0.0877198 
0.00713994 0.0221377 -0.00025188 -0.19373 0.9971 -0.000299824 3.18976 3.8432 -0.0873186 
0.00711784 0.0221804 -0.000251568 -0.255498 0.982741 -0.000288327 3.16816 3.86222 -0.0869147 
0.00709564 0.0222231 -0.000251253 -0.316217 0.964541 -0.000276679 3.14645 3.88111 -0.0865079 
0.00707336 0.0222656 -0.000250936 -0.375644 0.942579 -0.000264926 3.12465 3.89988 -0.0860984 
0.00705098 0.022308 -0.000250616 -0.433546 0.916947 -0.000253112 3.10275 3.91853 -0.0856862 
0.00702851 0.0223502 -0.000250294 -0.489694 0.887754 -0.000241285 3.08075 3.93705 -0.0852712 
0.00700596 0.0223924 -0.000249969 -0.543869 0.855121 -0.00022949 3.05865 3.95544 -0.0848535 
0.00698332 0.0224344 -0.000249641 -0.595858 0.819186 -0.000217772 3.03645 3.97371 -0.0844331 
0.00696059 0.0224762 -0.000249311 -0.645462 0.780096 -0.000206177 3.01416 3.99185 -0.0840099 
0.00693778 0.022518 -0.000248978 -0.692488 0.738014 -0.000194749 2.99177 4.00987 -0.0835842 
0.00691489 0.0225596 -0.000248643 -0.736757 0.693112 -0.000183532 2.96929 4.02776 -0.0831557 
0.00689191 0.0226011 -0.000248305 -0.778103 0.645572 -0.000172567 2.94671 4.04552 -0.0827246 
0.00686886 0.0226424 -0.000247965 -0.816369 0.595589 -0.000161897 2.92403 4.06315 -0.0822909 
0.00684572 0.0226836 -0.000247622 -0.851414 0.543364 -0.00015156 2.90127 4.08065 -0.0818545 
0.00682251 0.0227247 -0.000247277 -0.88311 0.489107 -0.000141595 2.87841 4.09803 -0.0814156 
0.00679922 0.0227657 -0.000246929 -0.911342 0.433035 -0.000132039 2.85546 4.11527 -0.0809741 
0.00677585 0.0228065 -0.000246579 -0.93601 0.37537 -0.000122926 2.83242 4.13239 -0.08053 
0.00675241 0.0228472 -0.000246226 -0.957027 0.31634 -0.000114289 2.80929 4.14937 -0.0800833 
0.00672889 0.0228878 -0.000245871 -0.974324 0.256176 -0.000106159 2.78607 4.16622 -0.0796341 
0.00670531 0.0229282 -0.000245514 -0.987844 0.195115 -9.85639e-005 2.76276 4.18294 -0.0791824 
0.00668164 0.0229686 -0.000245154 -0.997546 0.133393 -9.15308e-005 2.73936 4.19953 -0.0787282 
0.00665791 0.0230088 -0.000244792 -1.0034 0.0712472 -8.50833e-005 2.71588 4.21599 -0.0782715 
0.00663411 0.0230488 -0.000244427 -1.0054 0.00891771 -7.92433e-005 2.69231 4.23231 -0.0778123 
0.00661024 0.0230888 -0.00024406 -1.00355 -0.053358 -7.40299e-005 2.66866 4.2485 -0.0773507 
0.0065863 0.0231286 -0.000243691 -0.997862 -0.115343 -6.94598e-005 2.64492 4.26455 -0.0768866 
0.00656229 0.0231683 -0.000243319 -0.98837 -0.176804 -6.55473e-005 2.6211 4.28047 -0.07642 
0.00653821 0.0232078 -0.000242946 -0.975119 -0.23751 -6.23041e-005 2.5972 4.29626 -0.0759511 
0.00651407 0.0232473 -0.00024257 -0.95817 -0.297233 -5.97394e-005 2.57321 4.31191 -0.0754798 
0.00648986 0.0232866 -0.000242191 -0.937595 -0.355752 -5.78596e-005 2.54914 4.32743 -0.0750061 
0.00646558 0.0233258 -0.000241811 -0.91348 -0.41285 -5.66689e-005 2.52499 4.34281 -0.07453 
0.00644124 0.0233648 -0.000241428 -0.885924 -0.468316 -5.61687e-005 2.50077 4.35805 -0.0740516 
0.00641683 0.0234038 -0.000241043 -0.855037 -0.521947 -5.63579e-005 2.47646 4.37316 -0.0735709 
0.00639236 0.0234426 -0.000240655 -0.820942 -0.573546 -5.7233e-005 2.45208 4.38813 -0.0730879 
0.00636783 0.0234813 -0.000240266 -0.78377 -0.622926 -5.87879e-005 2.42762 4.40296 -0.0726025 
0.00634323 0.0235198 -0.000239874 -0.743667 -0.669907 -6.10143e-005 2.40308 4.41765 -0.0721149 
0.00631856 0.0235583 -0.00023948 -0.700786 -0.71432 -6.39011e-005 2.37847 4.43221 -0.071625 
0.00629384 0.0235966 -0.000239085 -0.65529 -0.756004 -6.74354e-005 2.35378 4.44663 -0.0711329 
0.00626905 0.0236348 -0.000238686 -0.607351 -0.794809 -7.16016e-005 2.32902 4.4609 -0.0706385 
0.0062442 0.0236728 -0.000238286 -0.557148 -0.830595 -7.63822e-005 2.30419 4.47504 -0.0701419 
0.00621928 0.0237108 -0.000237884 -0.50487 -0.863234 -8.17572e-005 2.27928 4.48904 -0.0696432 
0.00619431 0.0237486 -0.00023748 -0.450712 -0.892609 -8.77048e-005 2.2543 4.5029 -0.0691422 
0.00616927 0.0237863 -0.000237073 -0.394873 -0.918614 -9.42013e-005 2.22926 4.51662 -0.0686391 
0.00614417 0.0238239 -0.000236665 -0.337561 -0.941157 -0.000101221 2.20414 4.5302 -0.0681339 
0.00611901 0.0238613 -0.000236254 -0.278986 -0.960155 -0.000108736 2.17895 4.54363 -0.0676265 
0.00609378 0.0238987 -0.000235842 -0.219365 -0.975541 -0.000116717 2.1537 4.55693 -0.067117 
0.0060685 0.0239359 -0.000235428 -0.158917 -0.987258 -0.000125134 2.12838 4.57008 -0.0666055 
0.00604315 0.023973 -0.000235011 -0.0978625 -0.995264 -0.000133953 2.10299 4.58309 -0.0660918 
0.00601775 0.0240099 -0.000234593 -0.0364271 -0.999528 -0.000143142 2.07754 4.59596 -0.0655761 
0.00599228 0.0240468 -0.000234172 0.0251642 -1.00003 -0.000152665 2.05202 4.60869 -0.0650584 
0.00596675 0.0240835 -0.00023375 0.0866849 -0.996778 -0.000162485 2.02644 4.62127 -0.0645386 
0.00594116 0.0241201 -0.000233326 0.147909 -0.989769 -0.000172565 2.00079 4.63371 -0.0640169 
0.00591551 0.0241565 -0.0002329 0.20861 -0.97903 -0.000182866 1.97509 4.64601 -0.0634931 
0.0058898 0.0241928 -0.000232472 0.268565 -0.964597 -0.00019335 1.94932 4.65816 -0.0629674 
0.00586403 0.0242291 -0.000232042 0.327552 -0.946519 -0.000203976 1.92349 4.67017 -0.0624397 
0.00583819 0.0242651 -0.00023161 0.385351 -0.924858 -0.000214704 1.8976 4.68203 -0.0619101 
0.0058123 0.0243011 -0.000231177 0.441748 -0.899689 -0.000225492 1.87165 4.69375 -0.0613786 
0.00578635 0.0243369 -0.000230742 0.49653 -0.8711 -0.0002363 1.84565 4.70532 -0.0608451 
0.00576034 0.0243726 -0.000230305 0.549493 -0.839191 -0.000247084 1.81959 4.71675 -0.0603098 
0.00573427 0.0244082 -0.000229866 0.600436 -0.804074 -0.000257805 1.79347 4.72804 -0.0597727 
0.00570814 0.0244436 -0.000229425 0.649166 -0.765873 -0.000268419 1.7673 4.73917 -0.0592337 
0.00568195 0.024479 -0.000228983 0.695496 -0.724726 -0.000278886 1.74107 4.75017 -0.0586928 
0.0056557 0.0245141 -0.000228539 0.739248 -0.680778 -0.000289164 1.71479 4.76101 -0.0581502 
0.00562939 0.0245492 -0.000228093 0.780252 -0.634188 -0.000299213 1.68845 4.77171 -0.0576057 
0.00560303 0.0245841 -0.000227645 0.818347 -0.585125 -0.000308993 1.66207 4.78226 -0.0570595 
0.00557661 0.0246189 -0.000227196 0.853383 -0.533767 -0.000318464 1.63563 4.79267 -0.0565116 
0.00555012 0.0246536 -0.000226745 0.88522 -0.480303 -0.000327589 1.60914 4.80293 -0.0559619 
0.00552359 0.0246881 -0.000226293 0.91373 -0.424928 -0.00033633 1.5826 4.81304 -0.0554104 
0.00549699 0.0247225 -0.000225839 0.938794 -0.367848 -0.000344652 1.55602 4.823 -0.0548573 
0.00547034 0.0247567 -0.000225383 0.960309 -0.309275 -0.000352519 1.52938 4.83282 -0.0543025 
0.00544363 0.0247908 -0.000224926 0.978182 -0.249428 -0.000359899 1.5027 4.84249 -0.0537461 
0.00541687 0.0248248 -0.000224467 0.992336 -0.188533 -0.00036676 1.47598 4.85201 -0.0531879 
0.00539006 0.0248587 -0.000224006 1.0027 -0.126819 -0.000373074 1.4492 4.86138 -0.0526282 
0.00536319 0.0248924 -0.000223544 1.00924 -0.0645227 -0.000378812 1.42239 4.8706 -0.0520669 
0.00533626 0.0249259 -0.000223081 1.0119 -0.00188137 -0.000383948 1.39553 4.87968 -0.0515039 
0.00530929 0.0249594 -0.000222616 1.01067 0.0608636 -0.00038846 1.36863 4.8886 -0.0509394 
0.00528226 0.0249926 -0.000222149 1.00554 0.123469 -0.000392326 1.34168 4.89738 -0.0503734 
0.00525518 0.0250258 -0.000221681 0.996525 0.185692 -0.000395528 1.3147 4.90601 -0.0498058 
0.00522805 0.0250588 -0.000221212 0.983644 0.247288 -0.00039805 1.28767 4.91449 -0.0492367 
0.00520087 0.0250916 -0.000220741 0.966938 0.308016 -0.000399878 1.26061 4.92281 -0.048666 
0.00517365 0.0251243 -0.000220269 0.946464 0.367634 -0.000401001 1.23351 4.93099 -0.048094 
0.00514637 0.0251569 -0.000219795 0.922292 0.425908 -0.000401411 1.20637 4.93902 -0.0475204 
0.00511905 0.0251893 -0.00021932 0.894509 0.482603 -0.000401103 1.17919 4.9469 -0.0469454 
0.00509169 0.0252216 -0.000218844 0.863216 0.537493 -0.000400076 1.15198 4.95463 -0.046369 
0.00506428 0.0252537 -0.000218366 0.828529 0.590357 -0.000398328 1.12473 4.96221 -0.0457912 
0.00503683 0.0252857 -0.000217887 0.790579 0.640981 -0.000395864 1.09745 4.96964 -0.045212 
0.00500934 0.0253175 -0.000217406 0.749509 0.689161 -0.00039269 1.07014 4.97692 -0.0446314 
0.0049818 0.0253491 -0.000216925 0.705478 0.734699 -0.000388817 1.04279 4.98405 -0.0440495 
0.00495423 0.0253807 -0.000216442 0.658656 0.777411 -0.000384255 1.01541 4.99103 -0.0434662 
0.00492662 0.025412 -0.000215958 0.609225 0.817122 -0.00037902 0.988001 4.99786 -0.0428816 
0.00489898 0.0254432 -0.000215472 0.557379 0.85367 -0.000373131 0.960562 5.00453 -0.0422958 
0.00487129 0.0254743 -0.000214985 0.503323 0.886903 -0.000366608 0.933095 5.01106 -0.0417086 
0.00484358 0.0255052 -0.000214498 0.447271 0.916687 -0.000359474 0.905599 5.01744 -0.0411202 
0.00481583 0.025536 -0.000214008 0.389445 0.942899 -0.000351756 0.878076 5.02366 -0.0405306 
0.00478806 0.0255666 -0.000213518 0.330077 0.96543 -0.000343482 0.850526 5.02973 -0.0399398 
0.00476025 0.025597 -0.000213027 0.269403 0.98419 -0.000334684 0.822951 5.03566 -0.0393477 
0.00473242 0.0256273 -0.000212534 0.207666 0.999102 -0.000325394 0.795351 5.04143 -0.0387545 
0.00470456 0.0256574 -0.000212041 0.145115 1.0101 -0.000315648 0.767728 5.04705 -0.0381601 
0.00467668 0.0256874 -0.000211546 0.0819999 1.01716 -0.000305483 0.740081 5.05251 -0.0375646 
0.00464877 0.0257172 -0.00021105 0.0185743 1.02023 -0.000294938 0.712413 5.05783 -0.0369679 
0.00462084 0.0257469 -0.000210553 -0.0449074 1.0193 -0.000284053 0.684723 5.063 -0.0363701 
0.0045929 0.0257764 -0.000210055 -0.10819 1.0144 -0.00027287 0.657012 5.06801 -0.0357713 
0.00456493 0.0258058 -0.000209556 -0.171022 1.00553 -0.000261433 0.629282 5.07287 -0.0351714 
0.00453695 0.025835 -0.000209057 -0.23315 0.992742 -0.000249785 0.601533 5.07758 -0.0345704 
0.00450895 0.025864 -0.000208556 -0.294328 0.976085 -0.000237972 0.573767 5.08214 -0.0339684 
0.00448094 0.0258929 -0.000208054 -0.354312 0.955632 -0.000226038 0.545983 5.08655 -0.0333654 
0.00445292 0.0259216 -0.000207551 -0.412865 0.93147 -0.00021403 0.518183 5.09081 -0.0327614 
0.00442489 0.0259502 -0.000207047 -0.469756 0.903701 -0.000201993 0.490368 5.09491 -0.0321564 
0.00439685 0.0259786 -0.000206542 -0.524762 0.872442 -0.000189974 0.462538 5.09887 -0.0315505 
0.0043688 0.0260069 -0.000206037 -0.577667 0.837823 -0.000178019 0.434694 5.10267 -0.0309436 
0.00434075 0.026035 -0.00020553 -0.628268 0.799989 -0.000166172 0.406838 5.10632 -0.0303358 
0.00431269 0.026063 -0.000205023 -0.676368 0.759095 -0.000154478 0.37897 5.10982 -0.0297271 
0.00428463 0.0260908 -0.000204515 -0.721783 0.71531 -0.000142981 0.35109 5.11317 -0.0291176 
0.00425656 0.0261184 -0.000204006 -0.764341 0.668813 -0.000131724 0.3232 5.11636 -0.0285071 
0.0042285 0.0261459 -0.000203496 -0.803882 0.619792 -0.000120749 0.295301 5.11941 -0.0278959 
0.00420044 0.0261733 -0.000202985 -0.840258 0.568447 -0.000110096 0.267393 5.1223 -0.0272838 
0.00417237 0.0262005 -0.000202474 -0.873337 0.514983 -9.98039e-005 0.239477 5.12504 -0.0266709 
0.00414431 0.0262275 -0.000201962 -0.902996 0.459615 -8.99096e-005 0.211554 5.12763 -0.0260572 
0.00411626 0.0262545 -0.000201449 -0.929132 0.402563 -8.04488e-005 0.183625 5.13007 -0.0254427 
0.00408821 0.0262812 -0.000200935 -0.951651 0.344053 -7.1455e-005 0.155691 5.13236 -0.0248275 
0.00406017 0.0263078 -0.000200421 -0.970477 0.284315 -6.29598e-005 0.127752 5.1345 -0.0242116 
0.00403213 0.0263343 -0.000199906 -0.985548 0.223583 -5.49926e-005 0.0998096 5.13648 -0.023595 
0.0040041 0.0263606 -0.00019939 -0.996816 0.162092 -4.75805e-005 0.0718643 5.13832 -0.0229776 
0.00397609 0.0263868 -0.000198874 -1.00425 0.100081 -4.07485e-005 0.043917 5.14 -0.0223596 
0.00394808 0.0264128 -0.000198357 -1.00783 0.0377889 -3.45192e-005 0.0159685 5.14153 -0.021741 
0.00392008 0.0264387 -0.00019784 -1.00755 -0.0245471 -2.89127e-005 -0.0119803 5.14291 -0.0211217 
0.00389209 0.0264644 -0.000197322 -1.00343 -0.0866893 -2.39467e-005 -0.0399287 5.14414 -0.0205018 
0.00386412 0.02649 -0.000196803 -0.995495 -0.148403 -1.96364e-005 -0.0678757 5.14522 -0.0198813 
0.00383616 0.0265155 -0.000196284 -0.983779 -0.209455 -1.59945e-005 -0.0958207 5.14615 -0.0192602 
0.00380821 0.0265408 -0.000195764 -0.968339 -0.269617 -1.30309e-005 -0.123763 5.14693 -0.0186385 
0.00378028 0.0265659 -0.000195244 -0.949242 -0.328666 -1.07533e-005 -0.151701 5.14756 -0.0180164 
0.00375236 0.026591 -0.000194723 -0.926569 -0.386382 -9.16653e-006 -0.179635 5.14804 -0.0173936 
0.00372446 0.0266159 -0.000194201 -0.900413 -0.442552 -8.27312e-006 -0.207563 5.14837 -0.0167704 
0.00369657 0.0266406 -0.00019368 -0.87088 -0.496969 -8.07288e-006 -0.235485 5.14854 -0.0161467 
0.0036687 0.0266653 -0.000193157 -0.838087 -0.549434 -8.56318e-006 -0.2634 5.14857 -0.0155226 
0.00364085 0.0266897 -0.000192635 -0.802163 -0.599757 -9.73887e-006 -0.291308 5.14845 -0.0148979 
0.00361301 0.0267141 -0.000192112 -0.763247 -0.647754 -1.15924e-005 -0.319206 5.14818 -0.0142729 
0.00358519 0.0267383 -0.000191588 -0.721489 -0.693251 -1.41137e-005 -0.347096 5.14776 -0.0136474 
0.00355739 0.0267624 -0.000191064 -0.677048 -0.736084 -1.72905e-005 -0.374975 5.14719 -0.0130216 
0.0035296 0.0267863 -0.00019054 -0.630092 -0.776098 -2.11081e-005 -0.402843 5.14647 -0.0123954 
0.00350184 0.0268101 -0.000190016 -0.580798 -0.81315 -2.55498e-005 -0.430699 5.1456 -0.0117688 
0.00347409 0.0268338 -0.000189491 -0.529352 -0.847107 -3.05963e-005 -0.458542 5.14458 -0.0111419 
0.00344636 0.0268574 -0.000188966 -0.475943 -0.877846 -3.62266e-005 -0.486372 5.14341 -0.0105146 
0.00341865 0.0268808 -0.00018844 -0.420772 -0.905258 -4.24176e-005 -0.514188 5.14209 -0.00988708 
0.00339096 0.0269041 -0.000187914 -0.364041 -0.929243 -4.91441e-005 -0.541989 5.14063 -0.00925926 
0.00336329 0.0269272 -0.000187388 -0.305961 -0.949717 -5.63793e-005 -0.569774 5.13901 -0.00863117 
0.00333563 0.0269503 -0.000186862 -0.246745 -0.966605 -6.40943e-005 -0.597542 5.13725 -0.00800285 
0.003308 0.0269731 -0.000186336 -0.186611 -0.979846 -7.22589e-005 -0.625293 5.13534 -0.00737429 
0.00328039 0.0269959 -0.000185809 -0.12578 -0.989391 -8.08411e-005 -0.653026 5.13329 -0.00674553 
0.00325279 0.0270186 -0.000185282 -0.0644756 -0.995206 -8.98076e-005 -0.68074 5.13108 -0.00611658 
0.00322521 0.0270411 -0.000184755 -0.00292242 -0.997267 -9.91235e-005 -0.708434 5.12873 -0.00548745 
0.00319766 0.0270634 -0.000184228 0.0586533 -0.995566 -0.000108753 -0.736107 5.12623 -0.00485818 
0.00317012 0.0270857 -0.0001837 0.120025 -0.990107 -0.000118659 -0.763759 5.12358 -0.00422876 
0.0031426 0.0271078 -0.000183173 0.180967 -0.980907 -0.000128803 -0.791389 5.12079 -0.00359924 
0.00311511 0.0271298 -0.000182645 0.241255 -0.967996 -0.000139146 -0.818996 5.11784 -0.00296961 
0.00308763 0.0271517 -0.000182118 0.300665 -0.951418 -0.000149648 -0.84658 5.11476 -0.0023399 
0.00306017 0.0271734 -0.00018159 0.358977 -0.93123 -0.000160269 -0.874139 5.11152 -0.00171013 
0.00303274 0.027195 -0.000181062 0.415974 -0.907502 -0.000170968 -0.901672 5.10814 -0.00108032 
0.00300532 0.0272165 -0.000180535 0.471443 -0.880315 -0.000181703 -0.92918 5.10462 -0.000450481 
0.00297792 0.0272378 -0.000180007 0.525176 -0.849766 -0.000192433 -0.956661 5.10094 0.000179366 
0.00295054 0.0272591 -0.000179479 0.576971 -0.81596 -0.000203115 -0.984115 5.09713 0.000809203 
0.00292319 0.0272802 -0.000178951 0.626631 -0.779019 -0.000213709 -1.01154 5.09316 0.00143901 
0.00289585 0.0273011 -0.000178423 0.673966 -0.739072 -0.000224173 -1.03894 5.08906 0.00206877 
0.00286854 0.027322 -0.000177896 0.718795 -0.696264 -0.000234464 -1.0663 5.0848 0.00269847 
0.00284124 0.0273427 -0.000177368 0.760944 -0.650747 -0.000244543 -1.09364 5.08041 0.00332809 
0.00281397 0.0273632 -0.000176841 0.80025 -0.602686 -0.000254369 -1.12094 5.07587 0.0039576 
0.00278672 0.0273837 -0.000176313 0.836556 -0.552256 -0.000263903 -1.14822 5.07118 0.004587 
0.00275949 0.027404 -0.000175786 0.869719 -0.499641 -0.000273105 -1.17545 5.06635 0.00521626 
0.00273228 0.0274242 -0.000175259 0.899604 -0.445034 -0.000281938 -1.20266 5.06138 0.00584537 
0.00270509 0.0274443 -0.000174732 0.926091 -0.388636 -0.000290367 -1.22983 5.05626 0.0064743 
0.00267793 0.0274642 -0.000174205 0.949069 -0.330657 -0.000298355 -1.25697 5.051 0.00710305 
0.00265079 0.027484 -0.000173678 0.968442 -0.271314 -0.000305869 -1.28407 5.0456 0.00773159 
0.00262367 0.0275037 -0.000173152 0.984124 -0.210829 -0.000312877 -1.31113 5.04006 0.00835991 
0.00259658 0.0275232 -0.000172625 0.996046 -0.149432 -0.00031935 -1.33816 5.03437 0.00898798 
0.00256951 0.0275426 -0.000172099 1.00415 -0.0873539 -0.000325257 -1.36515 5.02854 0.0096158 
0.00254246 0.0275619 -0.000171574 1.0084 -0.0248338 -0.000330574 -1.3921 5.02257 0.0102433 
0.00251544 0.027581 -0.000171048 1.00876 0.0378888 -0.000335275 -1.41901 5.01646 0.0108706 
0.00248845 0.0276 -0.000170523 1.00522 0.100571 -0.00033934 -1.44588 5.01021 0.0114975 
0.00246149 0.0276188 -0.000169998 0.997786 0.16297 -0.000342748 -1.47271 5.00382 0.0121241 
0.00243455 0.0276376 -0.000169473 0.986476 0.224842 -0.000345483 -1.4995 4.99728 0.0127504 
0.00240764 0.0276562 -0.000168949 0.971322 0.285943 -0.000347529 -1.52625 4.99061 0.0133762 
0.00238076 0.0276746 -0.000168425 0.952376 0.346034 -0.000348875 -1.55295 4.98379 0.0140018 
0.00235391 0.027693 -0.000167902 0.9297 0.404874 -0.000349513 -1.57961 4.97684 0.0146269 
0.00232709 0.0277111 -0.000167379 0.903376 0.46223 -0.000349435 -1.60622 4.96975 0.0152516 
0.0023003 0.0277292 -0.000166856 0.873499 0.517873 -0.000348639 -1.63279 4.96252 0.0158758 
0.00227354 0.0277471 -0.000166334 0.840178 0.571578 -0.000347124 -1.65931 4.95515 0.0164996 
0.00224682 0.0277649 -0.000165812 0.803538 0.62313 -0.000344892 -1.68579 4.94764 0.017123 
0.00222014 0.0277825 -0.00016529 0.763719 0.672318 -0.000341949 -1.71222 4.93999 0.0177458 
0.00219349 0.0278 -0.000164769 0.720872 0.718944 -0.000338303 -1.7386 4.93221 0.0183682 
0.00216687 0.0278174 -0.000164249 0.675163 0.762818 -0.000333965 -1.76493 4.92428 0.01899 
0.0021403 0.0278346 -0.000163729 0.62677 0.803759 -0.000328951 -1.79122 4.91622 0.0196113 
0.00211376 0.0278517 -0.000163209 0.575882 0.841602 -0.000323276 -1.81745 4.90803 0.020232 
0.00208727 0.0278686 -0.00016269 0.522699 0.876189 -0.00031696 -1.84363 4.8997 0.0208522 
0.00206082 0.0278854 -0.000162172 0.467432 0.90738 -0.000310027 -1.86976 4.89123 0.0214718 
0.00203441 0.0279021 -0.000161654 0.4103 0.935047 -0.0003025 -1.89584 4.88262 0.0220908 
0.00200804 0.0279186 -0.000161137 0.351531 0.959075 -0.000294409 -1.92186 4.87389 0.0227091 
0.00198173 0.027935 -0.00016062 0.291359 0.979368 -0.000285783 -1.94784 4.86501 0.0233269 
0.00195545 0.0279512 -0.000160104 0.230026 0.99584 -0.000276655 -1.97375 4.856 0.0239439 
0.00192923 0.0279673 -0.000159589 0.167777 1.00843 -0.000267058 -1.99961 4.84686 0.0245603 
0.00190306 0.0279833 -0.000159074 0.104862 1.01708 -0.00025703 -2.02542 4.83758 0.0251761 
0.00187694 0.0279991 -0.00015856 0.041534 1.02176 -0.000246609 -2.05117 4.82817 0.0257911 
0.00185087 0.0280148 -0.000158047 -0.0219532 1.02245 -0.000235834 -2.07687 4.81863 0.0264054 
0.00182486 0.0280304 -0.000157534 -0.0853449 1.01915 -0.000224748 -2.1025 4.80895 0.0270189 
0.0017989 0.0280458 -0.000157022 -0.148387 1.01188 -0.000213393 -2.12808 4.79914 0.0276317 
0.001773 0.0280611 -0.00015651 -0.210828 1.00066 -0.000201812 -2.1536 4.7892 0.0282438 
0.00174716 0.0280762 -0.000156 -0.272418 0.98556 -0.00019005 -2.17906 4.77913 0.028855 
0.00172138 0.0280912 -0.00015549 -0.332912 0.966631 -0.000178153 -2.20446 4.76893 0.0294655 
0.00169566 0.0281061 -0.000154981 -0.392071 0.943955 -0.000166166 -2.22979 4.75859 0.0300751 
0.00167 0.0281208 -0.000154473 -0.449661 0.91763 -0.000154134 -2.25507 4.74813 0.0306839 
0.0016444 0.0281354 -0.000153965 -0.505455 0.887766 -0.000142104 -2.28028 4.73753 0.0312918 
0.00161887 0.0281499 -0.000153459 -0.559235 0.854488 -0.000130122 -2.30544 4.72681 0.0318989 
0.00159341 0.0281642 -0.000152953 -0.610793 0.817935 -0.000118233 -2.33052 4.71595 0.0325051 
0.00156802 0.0281784 -0.000152448 -0.659928 0.778258 -0.000106482 -2.35555 4.70497 0.0331104 
0.00154269 0.0281925 -0.000151944 -0.706453 0.73562 -9.49132e-005 -2.38051 4.69386 0.0337148 
0.00151743 0.0282064 -0.00015144 -0.750189 0.690196 -8.35692e-005 -2.4054 4.68262 0.0343182 
0.00149225 0.0282202 -0.000150938 -0.790972 0.642172 -7.24925e-005 -2.43023 4.67125 0.0349208 
0.00146713 0.0282339 -0.000150437 -0.828649 0.591741 -6.17239e-005 -2.45499 4.65976 0.0355223 
0.00144209 0.0282474 -0.000149936 -0.863082 0.539107 -5.13026e-005 -2.47968 4.64813 0.0361229 
0.00141713 0.0282608 -0.000149437 -0.894144 0.484482 -4.12664e-005 -2.50431 4.63639 0.0367224 
0.00139224 0.0282741 -0.000148938 -0.921723 0.428082 -3.16515e-005 -2.52886 4.62451 0.037321 
0.00136742 0.0282873 -0.00014844 -0.945723 0.370131 -2.24919e-005 -2.55335 4.61251 0.0379186 
0.00134268 0.0283004 -0.000147944 -0.966059 0.310859 -1.38201e-005 -2.57777 4.60039 0.0385151 
0.00131802 0.0283133 -0.000147448 -0.982665 0.250496 -5.666e-006 -2.60212 4.58814 0.0391105 
0.00129344 0.0283261 -0.000146953 -0.995486 0.189279 1.94225e-006 -2.62639 4.57576 0.0397049 
0.00126894 0.0283388 -0.00014646 -1.00448 0.127444 8.97893e-006 -2.6506 4.56327 0.0402982 
0.00124451 0.0283513 -0.000145967 -1.00963 0.0652304 1.54206e-005 -2.67473 4.55064 0.0408904 
0.00122017 0.0283638 -0.000145475 -1.01093 0.00287574 2.12463e-005 -2.69879 4.5379 0.0414815 
0.00119591 0.0283761 -0.000144985 -1.00838 -0.0593821 2.64373e-005 -2.72278 4.52503 0.0420714 
0.00117173 0.0283883 -0.000144496 -1.00199 -0.121307 3.09776e-005 -2.74669 4.51204 0.0426602 
0.00114763 0.0284004 -0.000144007 -0.99181 -0.182666 3.48536e-005 -2.77053 4.49893 0.0432478 
0.00112362 0.0284124 -0.00014352 -0.977882 -0.243228 3.80543e-005 -2.79429 4.4857 0.0438343 
0.00109968 0.0284243 -0.000143034 -0.960269 -0.302768 4.0571e-005 -2.81798 4.47235 0.0444196 
0.00107583 0.0284361 -0.000142549 -0.939046 -0.361064 4.2398e-005 -2.84159 4.45887 0.0450036 
0.00105207 0.0284477 -0.000142065 -0.9143 -0.417902 4.35317e-005 -2.86512 4.44528 0.0455864 
0.00102839 0.0284593 -0.000141583 -0.886133 -0.47307 4.39715e-005 -2.88858 4.43157 0.046168 
0.00100479 0.0284707 -0.000141101 -0.854657 -0.526369 4.37188e-005 -2.91196 4.41773 0.0467484 
0.000981273 0.028482 -0.000140621 -0.819996 -0.577602 4.2778e-005 -2.93526 4.40378 0.0473275 
0.000957843 0.0284933 -0.000140142 -0.782284 -0.626583 4.11556e-005 -2.95848 4.38972 0.0479053 
0.000934497 0.0285044 -0.000139664 -0.741668 -0.673135 3.88606e-005 -2.98162 4.37553 0.0484818 
0.000911236 0.0285154 -0.000139188 -0.698303 -0.71709 3.59045e-005 -3.00468 4.36123 0.049057 
0.00088806 0.0285263 -0.000138712 -0.652353 -0.758288 3.2301e-005 -3.02766 4.34681 0.0496309 
0.000864969 0.0285371 -0.000138238 -0.603992 -0.796582 2.80661e-005 -3.05056 4.33227 0.0502034 
0.000841962 0.0285478 -0.000137766 -0.5534 -0.831835 2.32179e-005 -3.07337 4.31762 0.0507746 
0.000819039 0.0285584 -0.000137294 -0.500768 -0.863918 1.77766e-005 -3.0961 4.30285 0.0513444 
0.000796201 0.028569 -0.000136824 -0.44629 -0.892719 1.17648e-005 -3.11875 4.28797 0.0519128 
0.000773448 0.0285794 -0.000136355 -0.390168 -0.918132 5.20653e-006 -3.14132 4.27297 0.0524799 
0.000750779 0.0285897 -0.000135888 -0.33261 -0.940067 -1.87191e-006 -3.1638 4.25787 0.0530455 
0.000728194 0.0285999 -0.000135422 -0.273828 -0.958446 -9.44259e-006 -3.1862 4.24264 0.0536097 
0.000705694 0.02861 -0.000134957 -0.214038 -0.9732 -1.74758e-005 -3.20851 4.22731 0.0541724 
0.000683277 0.02862 -0.000134494 -0.15346 -0.984278 -2.59404e-005 -3.23074 4.21186 0.0547338 
0.000660944 0.02863 -0.000134032 -0.0923161 -0.991638 -3.48035e-005 -3.25288 4.1963 0.0552936 
0.000638695 0.0286398 -0.000133571 -0.0308307 -0.995252 -4.4031e-005 -3.27493 4.18063 0.055852 
0.000616529 0.0286495 -0.000133112 0.0307703 -0.995105 -5.35874e-005 -3.2969 4.16485 0.0564088 
0.000594447 0.0286592 -0.000132654 0.0922605 -0.991197 -6.3436e-005 -3.31878 4.14895 0.0569642 
0.000572447 0.0286687 -0.000132198 0.153414 -0.983539 -7.35393e-005 -3.34056 4.13295 0.057518 
0.000550531 0.0286782 -0.000131743 0.214004 -0.972156 -8.38585e-005 -3.36226 4.11684 0.0580703 
0.000528697 0.0286876 -0.000131289 0.273809 -0.957087 -9.43541e-005 -3.38388 4.10062 0.0586211 
0.000506946 0.0286968 -0.000130837 0.332605 -0.938382 -0.000104986 -3.4054 4.08429 0.0591703 
0.000485278 0.028706 -0.000130387 0.390176 -0.916105 -0.000115714 -3.42683 4.06786 0.0597179 
0.000463691 0.0287151 -0.000129938 0.446305 -0.890335 -0.000126495 -3.44817 4.05131 0.0602639 
0.000442187 0.0287241 -0.000129491 0.500783 -0.861161 -0.00013729 -3.46941 4.03466 0.0608084 
0.000420764 0.028733 -0.000129045 0.553404 -0.828686 -0.000148056 -3.49057 4.01791 0.0613512 
0.000399424 0.0287418 -0.0001286 0.60397 -0.793023 -0.000158751 -3.51163 4.00105 0.0618923 
0.000378164 0.0287506 -0.000128158 0.652289 -0.7543 -0.000169334 -3.5326 3.98408 0.0624319 
0.000356987 0.0287592 -0.000127716 0.698174 -0.712655 -0.000179763 -3.55348 3.96701 0.0629698 
0.000335891 0.0287677 -0.000127277 0.741449 -0.668236 -0.000189998 -3.57426 3.94983 0.063506 
