10000 0.001000
-5.33795e-007 -2.36926e-007 1.05442e-010 0.663647 0.743347 -0.00016763 
-1.83616e-006 -1.33235e-006 4.04825e-010 0.0900826 0.989217 -9.50771e-005 
-3.24722e-006 -3.58164e-006 8.15691e-010 -0.518484 0.850352 1.44491e-005 
-4.06254e-006 -6.81868e-006 1.21083e-009 -0.927437 0.382879 0.000118512 
-3.82831e-006 -1.04962e-005 1.47243e-009 -0.986109 -0.230311 0.000177905 
-2.50258e-006 -1.39254e-005 1.53766e-009 -0.681232 -0.759616 0.000171793 
-4.35858e-007 -1.65362e-005 1.41666e-009 -0.130199 -1.01538 0.000103682 
1.77392e-006 -1.80589e-005 1.18398e-009 0.467425 -0.908324 -1.4885e-006 
3.48126e-006 -1.86014e-005 9.52588e-010 0.896571 -0.474993 -0.000106031 
4.20337e-006 -1.86212e-005 8.37654e-010 0.996749 0.131557 -0.000171582 
3.8013e-006 -1.8789e-005 9.16211e-010 0.722321 0.687596 -0.000172561 
2.56489e-006 -1.97492e-005 1.19394e-009 0.170599 0.97862 -0.000107209 
1.12621e-006 -2.18504e-005 1.5972e-009 -0.447332 0.889096 -1.88935e-007 
2.0178e-007 -2.49856e-005 2.00166e-009 -0.89276 0.455454 0.000107007 
2.90299e-007 -2.86449e-005 2.2853e-009 -1.00002 -0.151838 0.000173761 
1.48881e-006 -3.21424e-005 2.37662e-009 -0.737472 -0.704022 0.000176344 
3.49077e-006 -3.48804e-005 2.27642e-009 -0.207898 -1.00225 0.000115153 
5.71934e-006 -3.65444e-005 2.05221e-009 0.396132 -0.942249 1.27799e-005 
7.52327e-006 -3.71931e-005 1.81389e-009 0.857585 -0.544261 -9.40996e-005 
8.38775e-006 -3.72448e-005 1.67857e-009 1.00526 0.0517951 -0.000166462 
8.12226e-006 -3.73545e-005 1.73035e-009 0.776296 0.627372 -0.000176369 
6.96251e-006 -3.81854e-005 1.98518e-009 0.249993 0.961581 -0.000118636 
5.50837e-006 -4.01366e-005 2.37873e-009 -0.373252 0.92202 -1.48257e-005 
4.48324e-006 -4.31613e-005 2.79044e-009 -0.85236 0.525108 9.48155e-005 
4.42763e-006 -4.67909e-005 3.09492e-009 -1.00769 -0.0724186 0.000168533 
5.49372e-006 -5.03466e-005 3.21235e-009 -0.78922 -0.644141 0.00017982 
7.42121e-006 -5.32065e-005 3.1341e-009 -0.284345 -0.983083 0.000125931 
9.65763e-006 -5.50127e-005 2.9202e-009 0.322444 -0.970478 2.69711e-005 
1.15495e-005 -5.57747e-005 2.67691e-009 0.813318 -0.610177 -8.15883e-005 
1.2553e-005 -5.58694e-005 2.52265e-009 1.0074 -0.0282949 -0.000160287 
1.24281e-005 -5.59321e-005 2.54793e-009 0.825234 0.563075 -0.000179033 
1.13551e-005 -5.66405e-005 2.77877e-009 0.327742 0.938215 -0.000129282 
9.8978e-006 -5.8441e-005 3.16056e-009 -0.296726 0.9489 -2.93652e-005 
8.78111e-006 -6.13472e-005 3.5774e-009 -0.806478 0.591385 8.20144e-005 
8.58388e-006 -6.49356e-005 3.90139e-009 -1.00905 0.00745333 0.00016225 
9.51312e-006 -6.8539e-005 4.04479e-009 -0.836149 -0.580328 0.000182199 
1.13568e-005 -7.15148e-005 3.9895e-009 -0.35908 -0.957998 0.000135951 
1.35901e-005 -7.34634e-005 3.7877e-009 0.24681 -0.992849 4.09996e-005 
1.55607e-005 -7.43451e-005 3.54144e-009 0.764056 -0.672347 -6.8576e-005 
1.66993e-005 -7.44934e-005 3.36975e-009 1.0032 -0.108207 -0.000153102 
1.67178e-005 -7.45207e-005 3.36898e-009 0.868831 0.495134 -0.000180538 
1.57412e-005 -7.51141e-005 3.57491e-009 0.403337 0.908681 -0.000139078 
1.4293e-005 -7.67641e-005 3.94298e-009 -0.218251 0.969549 -4.37118e-005 
1.30946e-005 -7.95446e-005 4.36278e-009 -0.755394 0.653846 6.86843e-005 
1.27592e-005 -8.30804e-005 4.70479e-009 -1.00408 0.0872776 0.000154948 
1.35479e-005 -8.67208e-005 4.87388e-009 -0.877959 -0.512963 0.000183463 
1.5299e-005 -8.98059e-005 4.84243e-009 -0.43165 -0.92714 0.000145151 
1.75182e-005 -9.18961e-005 4.65444e-009 0.169688 -1.00924 5.4781e-005 
1.9558e-005 -9.2903e-005 4.40721e-009 0.710115 -0.7304 -5.51437e-005 
2.08266e-005 -9.31153e-005 4.21973e-009 0.992687 -0.187441 -0.000144955 
2.09907e-005 -9.31187e-005 4.19353e-009 0.906822 0.423996 -0.000180878 
2.01193e-005 -9.36056e-005 4.3738e-009 0.476284 0.873181 -0.000147961 
1.86925e-005 -9.51063e-005 4.72627e-009 -0.138342 0.983825 -5.77711e-005 
1.74226e-005 -9.77547e-005 5.14685e-009 -0.699423 0.712076 5.49098e-005 
1.69534e-005 -0.000101227 5.50528e-009 -0.992772 0.166551 0.00014667 
1.75989e-005 -0.000104893 5.69959e-009 -0.914379 -0.442449 0.0001836 
1.92491e-005 -0.00010808 5.69273e-009 -0.501615 -0.890686 0.000153475 
2.14433e-005 -0.000110311 5.52018e-009 0.0915437 -1.01954 6.82324e-005 
2.35423e-005 -0.000111448 5.27398e-009 0.651838 -0.783994 -4.13746e-005 
2.49353e-005 -0.000111734 5.07243e-009 0.975964 -0.265502 -0.000135901 
2.52461e-005 -0.000111725 5.02157e-009 0.938979 0.350131 -0.000180054 
2.4488e-005 -0.000112114 5.17561e-009 0.546108 0.831954 -0.000155874 
2.30946e-005 -0.000113468 5.51072e-009 -0.0575231 0.991627 -7.14503e-005 
2.17643e-005 -0.000115979 5.92985e-009 -0.638913 0.765685 4.07792e-005 
2.11665e-005 -0.000119377 6.30299e-009 -0.975188 0.244769 0.000137464 
2.16668e-005 -0.000123058 6.5219e-009 -0.945168 -0.369212 0.000182606 
2.32082e-005 -0.000126338 6.54024e-009 -0.568548 -0.84885 0.000160871 
2.53668e-005 -0.000128707 6.38468e-009 0.0128487 -1.02372 8.12732e-005 
2.75147e-005 -0.000129978 6.1415e-009 0.58959 -0.832814 -2.73533e-005 
2.90258e-005 -0.000130347 5.92766e-009 0.953152 -0.341908 -0.000125998 
2.94834e-005 -0.000130338 5.85307e-009 0.965117 0.274019 -0.000178076 
2.88459e-005 -0.000130639 5.98049e-009 0.612358 0.78528 -0.000162767 
2.74978e-005 -0.000131849 6.29658e-009 0.0236748 0.992902 -8.46591e-005 
2.61183e-005 -0.000134218 6.71207e-009 -0.574247 0.814312 2.63834e-005 
2.53981e-005 -0.000137531 7.09808e-009 -0.951413 0.321433 0.000127385 
2.57523e-005 -0.000141215 7.34084e-009 -0.970118 -0.293695 0.000180485 
2.71778e-005 -0.000144581 7.38482e-009 -0.632038 -0.801876 0.000167294 
2.92901e-005 -0.000147084 7.2477e-009 -0.0659235 -1.02173 9.3825e-005 
3.14764e-005 -0.000148493 7.00951e-009 0.52376 -0.876574 -1.31658e-005 
3.30985e-005 -0.000148954 6.78524e-009 0.924415 -0.416189 -0.000115313 
3.37022e-005 -0.000148956 6.68798e-009 0.985086 0.196155 -0.000174959 
3.31918e-005 -0.000149179 6.78856e-009 0.674608 0.733475 -0.000168596 
3.19005e-005 -0.00015025 7.08413e-009 0.104717 0.987638 -9.73104e-005 
3.04836e-005 -0.000152473 7.49378e-009 -0.505837 0.857628 1.18157e-005 
2.9648e-005 -0.000155692 7.89075e-009 -0.921577 0.396047 0.000116494 
2.98558e-005 -0.000159367 8.15642e-009 -0.989055 -0.21636 0.000177245 
3.11589e-005 -0.000162809 8.22635e-009 -0.691695 -0.75004 0.000172702 
3.32146e-005 -0.000165444 8.10903e-009 -0.144299 -1.0136 0.000105812 
3.54286e-005 -0.000166992 7.87774e-009 0.454753 -0.915019 1.10166e-006 
3.71541e-005 -0.000167553 7.64495e-009 0.88995 -0.487893 -0.000103912 
3.79021e-005 -0.000167578 7.52623e-009 0.998783 0.11704 -0.000170729 
3.75244e-005 -0.000167734 7.59993e-009 0.73246 0.676887 -0.000173326 
3.63011e-005 -0.00016867 7.87361e-009 0.18507 0.97587 -0.000109321 
3.48587e-005 -0.000170745 8.27527e-009 -0.434122 0.895338 -2.82915e-006 
3.39154e-005 -0.00017386 8.68119e-009 -0.885849 0.468128 0.00010486 
3.39777e-005 -0.000177515 8.9687e-009 -1.00184 -0.13768 0.000172903 
3.51527e-005 -0.000181024 9.06474e-009 -0.747147 -0.693645 0.000177061 
3.71419e-005 -0.000183784 8.96843e-009 -0.221806 -0.99937 0.000117163 
3.93727e-005 -0.000185474 8.74595e-009 0.382994 -0.947926 1.53625e-005 
