10000 0.001000
-5.28075e-007 -2.33612e-007 1.04249e-010 0.66532 0.745011 -0.000168036 
-1.82441e-006 -1.3183e-006 4.01783e-010 0.0926418 0.995849 -9.603e-005 
-3.23568e-006 -3.5404e-006 8.10471e-010 -0.518349 0.867549 1.30272e-005 
-4.08194e-006 -6.73118e-006 1.20684e-009 -0.941003 0.416355 0.000117976 
-3.94145e-006 -1.03727e-005 1.48064e-009 -1.03474 -0.185088 0.000182073 
-2.77238e-006 -1.38427e-005 1.57447e-009 -0.785618 -0.729343 0.000186176 
-8.59666e-007 -1.66364e-005 1.49321e-009 -0.288614 -1.04817 0.000131919 
1.32059e-006 -1.84887e-005 1.29214e-009 0.29757 -1.05322 3.77223e-005 
3.24386e-006 -1.94099e-005 1.05673e-009 0.798092 -0.747875 -6.79201e-005 
4.46466e-006 -1.9667e-005 8.8063e-010 1.06446 -0.221196 -0.000153791 
4.72964e-006 -1.97222e-005 8.42357e-010 1.01222 0.372807 -0.000193721 
4.06372e-006 -2.01166e-005 9.81943e-010 0.649678 0.853748 -0.000174364 
2.78823e-006 -2.13041e-005 1.28448e-009 0.083949 1.07031 -0.000100689 
1.42784e-006 -2.34867e-005 1.68174e-009 -0.510083 0.955182 4.55833e-006 
5.22645e-007 -2.65402e-005 2.07645e-009 -0.952382 0.549731 0.000108954 
4.39618e-007 -3.00796e-005 2.378e-009 -1.12063 -0.0176437 0.000182301 
1.2781e-006 -3.36138e-005 2.53042e-009 -0.981697 -0.583338 0.000205935 
2.88553e-006 -3.67009e-005 2.52233e-009 -0.586456 -0.999974 0.000176066 
4.93613e-006 -3.9046e-005 2.38229e-009 -0.0434898 -1.16925 0.000102215 
7.02362e-006 -4.05429e-005 2.16725e-009 0.511774 -1.05581 3.36133e-006 
8.74648e-006 -4.12783e-005 1.94907e-009 0.945491 -0.688569 -9.65383e-005 
9.78491e-006 -4.15117e-005 1.80047e-009 1.15107 -0.153959 -0.000173243 
9.97123e-006 -4.16286e-005 1.77991e-009 1.07261 0.419471 -0.000207267 
9.34334e-006 -4.20611e-005 1.91646e-009 0.722742 0.887712 -0.000188922 
8.15519e-006 -4.3176e-005 2.199e-009 0.186126 1.12847 -0.000121916 
6.81819e-006 -4.51625e-005 2.57652e-009 -0.400109 1.07871 -2.32483e-005 
5.77915e-006 -4.79709e-005 2.97287e-009 -0.887022 0.754962 8.16961e-005 
5.38582e-006 -5.13387e-005 3.31054e-009 -1.1587 0.244786 0.00016708 
5.80097e-006 -5.48849e-005 3.53225e-009 -1.16088 -0.324885 0.000213813 
6.98883e-006 -5.82221e-005 3.61224e-009 -0.905498 -0.824891 0.000213303 
8.75469e-006 -6.10409e-005 3.55673e-009 -0.457444 -1.15211 0.00016763 
1.08052e-005 -6.31565e-005 3.39803e-009 0.0854787 -1.24488 8.75572e-005 
1.28082e-005 -6.45245e-005 3.18612e-009 0.612599 -1.08848 -1.02516e-005 
1.44473e-005 -6.52397e-005 2.97981e-009 1.0184 -0.714482 -0.000106196 
1.54714e-005 -6.55206e-005 2.83739e-009 1.2192 -0.19572 -0.000180839 
1.5742e-005 -6.56786e-005 2.80658e-009 1.16884 0.36402 -0.000218283 
1.52714e-005 -6.60653e-005 2.91403e-009 0.871378 0.847516 -0.000209639 
1.42354e-005 -6.69982e-005 3.15719e-009 0.385474 1.14895 -0.000155757 
1.29445e-005 -6.86793e-005 3.50239e-009 -0.18538 1.20099 -6.78598e-005 
1.17689e-005 -7.11381e-005 3.89232e-009 -0.717813 0.993763 3.49442e-005 
1.10416e-005 -7.42271e-005 4.26121e-009 -1.10083 0.576489 0.000130734 
1.0979e-005 -7.76711e-005 4.55169e-009 -1.26223 0.0409006 0.00020039 
1.16467e-005 -8.11446e-005 4.72673e-009 -1.18024 -0.504536 0.000231564 
1.29679e-005 -8.43446e-005 4.77403e-009 -0.880425 -0.958802 0.000220159 
1.47588e-005 -8.70399e-005 4.70443e-009 -0.424023 -1.24484 0.000169785 
1.67713e-005 -8.90966e-005 4.54706e-009 0.106245 -1.318 9.01587e-005 
1.87332e-005 -9.04865e-005 4.34358e-009 0.619633 -1.16889 -4.83996e-006 
2.03843e-005 -9.12851e-005 4.14211e-009 1.02946 -0.822699 -9.91708e-005 
2.15112e-005 -9.16622e-005 3.99094e-009 1.2645 -0.336002 -0.00017673 
2.19793e-005 -9.18626e-005 3.9317e-009 1.27999 0.20959 -0.00022365 
2.17631e-005 -9.21735e-005 3.99192e-009 1.06734 0.718365 -0.000230751 
2.09618e-005 -9.28758e-005 4.17842e-009 0.659677 1.09666 -0.000195755 
1.97919e-005 -9.41861e-005 4.47392e-009 0.129135 1.27231 -0.000124429 
1.85467e-005 -9.62041e-005 4.83918e-009 -0.426484 1.21202 -2.9845e-005 
1.75318e-005 -9.8889e-005 5.22158e-009 -0.905359 0.929451 7.04495e-005 
1.69966e-005 -0.000102073 5.5672e-009 -1.22432 0.480456 0.000158483 
1.70877e-005 -0.000105508 5.83217e-009 -1.33451 -0.0522127 0.000219636 
1.78337e-005 -0.000108923 5.98976e-009 -1.22644 -0.577918 0.000244994 
1.91571e-005 -0.00011207 6.03237e-009 -0.925851 -1.0145 0.000232025 
2.09017e-005 -0.000114761 5.9699e-009 -0.484883 -1.29912 0.000184027 
2.28623e-005 -0.000116882 5.82618e-009 0.0280841 -1.39387 0.00010895 
2.48134e-005 -0.000118401 5.63494e-009 0.537875 -1.28772 1.803e-005 
2.65346e-005 -0.000119364 5.43554e-009 0.971035 -0.996294 -7.56072e-005 
2.78347e-005 -0.000119892 5.26873e-009 1.26384 -0.560059 -0.000158382 
2.85755e-005 -0.000120171 5.17189e-009 1.37022 -0.0406983 -0.000217835 
2.86944e-005 -0.000120431 5.17382e-009 1.26928 0.48525 -0.000244365 
2.82219e-005 -0.000120915 5.28949e-009 0.971193 0.936326 -0.000232979 
2.72863e-005 -0.000121843 5.51604e-009 0.518762 1.23942 -0.000184635 
2.6099e-005 -0.000123366 5.83168e-009 -0.0175701 1.34406 -0.000106592 
2.49172e-005 -0.000125535 6.19902e-009 -0.552078 1.23344 -1.13183e-005 
2.39933e-005 -0.000128289 6.57235e-009 -1.00062 0.927849 8.59539e-005 
2.35267e-005 -0.000131472 6.90684e-009 -1.2967 0.479105 0.000170275 
2.36328e-005 -0.000134872 7.16647e-009 -1.4019 -0.041604 0.000229648 
2.43339e-005 -0.000138257 7.32895e-009 -1.30876 -0.557731 0.000256637 
2.55691e-005 -0.000141419 7.38704e-009 -1.03761 -0.999303 0.000248826 
2.72134e-005 -0.000144192 7.34735e-009 -0.630066 -1.31099 0.000208426 
2.91004e-005 -0.000146465 7.22791e-009 -0.141629 -1.45647 0.000141439 
3.10428e-005 -0.000148194 7.05514e-009 0.365252 -1.42023 5.66794e-005 
3.28511e-005 -0.000149393 6.86096e-009 0.827444 -1.20769 -3.52214e-005 
3.43512e-005 -0.00015014 6.67966e-009 1.18694 -0.844334 -0.000122825 
3.54018e-005 -0.000150566 6.54476e-009 1.39657 -0.373852 -0.000194963 
3.59111e-005 -0.000150846 6.48533e-009 1.42577 0.145314 -0.000241945 
3.58532e-005 -0.000151182 6.52208e-009 1.26589 0.645574 -0.000256869 
3.52784e-005 -0.000151781 6.66358e-009 0.933733 1.05845 -0.000236876 
3.43142e-005 -0.000152819 6.90369e-009 0.471751 1.32494 -0.00018401 
3.31498e-005 -0.000154412 7.22138e-009 -0.0569427 1.40607 -0.000105286 
3.20068e-005 -0.000156596 7.58365e-009 -0.578517 1.29056 -1.17016e-005 
3.11002e-005 -0.000159315 7.95129e-009 -1.02128 0.996814 8.36747e-005 
3.06025e-005 -0.000162437 8.28581e-009 -1.32776 0.568511 0.000168009 
3.06195e-005 -0.000165783 8.55549e-009 -1.46264 0.0655095 0.000230731 
3.11827e-005 -0.000169157 8.73929e-009 -1.41547 -0.446752 0.000264825 
3.22547e-005 -0.000172373 8.82817e-009 -1.19872 -0.906573 0.000267279 
3.37429e-005 -0.000175279 8.82453e-009 -0.843231 -1.26263 0.000238893 
3.5516e-005 -0.000177762 8.7405e-009 -0.392739 -1.47792 0.000183713 
3.74203e-005 -0.00017976 8.59584e-009 0.10144 -1.53153 0.000108319 
3.92933e-005 -0.00018126 8.41568e-009 0.585222 -1.41922 2.10943e-005 
4.09777e-005 -0.000182299 8.22841e-009 1.00611 -1.1531 -6.85022e-005 
4.23333e-005 -0.000182959 8.06337e-009 1.31741 -0.76075 -0.000150687 
4.32501e-005 -0.000183365 7.94842e-009 1.48245 -0.283547 -0.000216176 
