30000 0.001000
-5.39421e-007 -2.40311e-007 1.06626e-010 0.661538 0.742778 -0.000167244 
-1.84582e-006 -1.34577e-006 4.07475e-010 0.0855056 0.986693 -9.41329e-005 
-3.25251e-006 -3.61202e-006 8.1902e-010 -0.523959 0.843673 1.58766e-005 
-4.04942e-006 -6.86433e-006 1.21243e-009 -0.930163 0.371972 0.00011984 
-3.78788e-006 -1.05438e-005 1.46979e-009 -0.983552 -0.242136 0.000178455 
-2.43915e-006 -1.39594e-005 1.53019e-009 -0.674542 -0.76827 0.000171418 
-3.62916e-007 -1.655e-005 1.40601e-009 -0.12303 -1.01939 0.000102851 
1.84446e-006 -1.80571e-005 1.17245e-009 0.472194 -0.909351 -2.17457e-006 
3.54547e-006 -1.85927e-005 9.41517e-010 0.898629 -0.475483 -0.000106324 
4.26269e-006 -1.86115e-005 8.27287e-010 0.997137 0.13066 -0.000171572 
3.85656e-006 -1.87813e-005 9.06662e-010 0.721194 0.686448 -0.000172286 
2.6165e-006 -1.97489e-005 1.18558e-009 0.16727 0.976315 -0.000106484 
1.18037e-006 -2.18646e-005 1.58962e-009 -0.452006 0.883462 1.02418e-006 
2.713e-007 -2.50148e-005 1.99282e-009 -0.895597 0.445819 0.000108249 
3.84922e-007 -2.8678e-005 2.27272e-009 -0.99829 -0.162852 0.000174379 
1.60616e-006 -3.21643e-005 2.35946e-009 -0.731778 -0.712554 0.00017612 
3.61868e-006 -3.48837e-005 2.25605e-009 -0.201505 -1.00662 0.000114477 
5.84614e-006 -3.65327e-005 2.0308e-009 0.400414 -0.943881 1.22216e-005 
7.64492e-006 -3.71748e-005 1.79276e-009 0.859441 -0.545535 -9.42953e-005 
8.50594e-006 -3.72255e-005 1.65792e-009 1.00588 0.0499882 -0.000166415 
8.23807e-006 -3.73361e-005 1.71016e-009 0.776021 0.625521 -0.000176174 
7.0754e-006 -3.81719e-005 1.96586e-009 0.247897 0.959298 -0.000118112 
5.62242e-006 -4.01352e-005 2.36021e-009 -0.376997 0.917277 -1.38351e-005 
4.60975e-006 -4.31741e-005 2.77106e-009 -0.85512 0.516722 9.59437e-005 
4.57686e-006 -4.6809e-005 3.07231e-009 -1.00665 -0.0825297 0.000169189 
5.66509e-006 -5.03559e-005 3.18545e-009 -0.784475 -0.652419 0.000179729 
7.60397e-006 -5.31989e-005 3.10399e-009 -0.278749 -0.987701 0.000125404 
9.84045e-006 -5.49909e-005 2.88892e-009 0.326179 -0.972623 2.6543e-005 
1.17282e-005 -5.57467e-005 2.64578e-009 0.814867 -0.612169 -8.16762e-005 
1.27297e-005 -5.58404e-005 2.49178e-009 1.00812 -0.0310078 -0.000160182 
1.2604e-005 -5.59034e-005 2.51718e-009 0.825669 0.56042 -0.000178887 
1.15292e-005 -5.66145e-005 2.74855e-009 0.326841 0.935765 -0.000128937 
1.00721e-005 -5.84244e-005 3.13107e-009 -0.299434 0.944878 -2.86007e-005 
8.9652e-006 -6.13436e-005 3.5474e-009 -0.808977 0.584201 8.30026e-005 
8.78816e-006 -6.49384e-005 3.86865e-009 -1.00856 -0.00167845 0.000162914 
9.73866e-006 -6.85353e-005 4.00808e-009 -0.83229 -0.588225 0.000182219 
1.15944e-005 -7.1496e-005 3.94963e-009 -0.354287 -0.962744 0.000135563 
1.38288e-005 -7.34312e-005 3.74656e-009 0.249946 -0.995409 4.07018e-005 
1.57963e-005 -7.43072e-005 3.50033e-009 0.765205 -0.674981 -6.8547e-005 
1.69339e-005 -7.44548e-005 3.32874e-009 1.00386 -0.111805 -0.000152917 
1.69535e-005 -7.44818e-005 3.32778e-009 0.869828 0.491591 -0.00018041 
1.59764e-005 -7.50762e-005 3.53386e-009 0.403567 0.905882 -0.000138887 
1.45279e-005 -7.67328e-005 3.90252e-009 -0.219839 0.966067 -4.31721e-005 
1.33368e-005 -7.95248e-005 4.32208e-009 -0.757455 0.647794 6.95096e-005 
1.3019e-005 -8.30679e-005 4.66184e-009 -1.00397 0.0791827 0.00015559 
1.38278e-005 -8.67037e-005 4.8273e-009 -0.874908 -0.520358 0.000183572 
1.55913e-005 -8.97755e-005 4.79278e-009 -0.427656 -0.931892 0.000144893 
1.78125e-005 -9.18533e-005 4.60346e-009 0.172185 -1.01211 5.46118e-005 
1.985e-005 -9.2855e-005 4.35616e-009 0.710782 -0.733595 -5.49912e-005 
2.11189e-005 -9.30671e-005 4.16864e-009 0.993166 -0.191886 -0.000144671 
2.12857e-005 -9.30701e-005 4.14195e-009 0.908224 0.419504 -0.000180738 
2.04154e-005 -9.35562e-005 4.32199e-009 0.477559 0.869862 -0.000147897 
1.89882e-005 -9.50609e-005 4.67485e-009 -0.138751 0.980693 -5.74502e-005 
1.77235e-005 -9.7719e-005 5.09538e-009 -0.700879 0.707064 5.55529e-005 
1.72692e-005 -0.000101199 5.45201e-009 -0.992879 0.15953 0.000147259 
1.79334e-005 -0.000104862 5.64307e-009 -0.912044 -0.449232 0.000183775 
1.95961e-005 -0.000108038 5.63327e-009 -0.498402 -0.895326 0.000153334 
2.17931e-005 -0.000110257 5.45935e-009 0.093372 -1.02263 6.81882e-005 
2.38905e-005 -0.000111389 5.21302e-009 0.651949 -0.787658 -4.10942e-005 
2.52848e-005 -0.000111676 5.01131e-009 0.976128 -0.270743 -0.000135501 
2.56e-005 -0.000111667 4.95971e-009 0.940626 0.344647 -0.000179873 
2.48448e-005 -0.000112054 5.11313e-009 0.548323 0.82796 -0.000155906 
2.34513e-005 -0.000113409 5.44835e-009 -0.0567197 0.988651 -7.13377e-005 
2.21244e-005 -0.000115927 5.86755e-009 -0.639609 0.761598 4.12243e-005 
2.15389e-005 -0.000119333 6.23931e-009 -0.975339 0.23884 0.000137971 
2.20563e-005 -0.000123012 6.45538e-009 -0.943442 -0.375282 0.000182822 
2.361e-005 -0.000126284 6.47093e-009 -0.566085 -0.85326 0.000160833 
2.5772e-005 -0.000128642 6.31399e-009 0.0139889 -1.0269 8.13482e-005 
2.7919e-005 -0.000129909 6.07063e-009 0.589085 -0.836851 -2.6943e-005 
2.9432e-005 -0.000130279 5.85657e-009 0.952882 -0.347879 -0.000125469 
2.98956e-005 -0.00013027 5.78101e-009 0.966845 0.267524 -0.000177826 
2.9263e-005 -0.000130568 5.90742e-009 0.615389 0.780471 -0.000162864 
2.79156e-005 -0.000131777 6.22331e-009 0.0256976 0.989883 -8.47398e-005 
2.65381e-005 -0.000134151 6.6389e-009 -0.574045 0.811017 2.6619e-005 
2.58276e-005 -0.000137472 7.02391e-009 -0.951435 0.31659 0.000127783 
2.6197e-005 -0.000141155 7.26422e-009 -0.968883 -0.298963 0.000180715 
2.76345e-005 -0.000144514 7.30562e-009 -0.630282 -0.80594 0.000167342 
2.97506e-005 -0.000147008 7.16714e-009 -0.0654795 -1.02491 9.40118e-005 
3.19365e-005 -0.000148413 6.92875e-009 0.522586 -0.880883 -1.26255e-005 
3.35612e-005 -0.000148876 6.70421e-009 0.923602 -0.422814 -0.000114642 
3.41723e-005 -0.000148879 6.60581e-009 0.986736 0.188648 -0.000174614 
3.36688e-005 -0.000149099 6.70499e-009 0.678313 0.727729 -0.000168726 
3.23793e-005 -0.000150166 6.99999e-009 0.10794 0.984379 -9.75653e-005 
3.09634e-005 -0.000152391 7.40971e-009 -0.504615 0.854973 1.18346e-005 
3.0135e-005 -0.000155617 7.80599e-009 -0.921296 0.392264 0.000116757 
3.03561e-005 -0.000159293 8.06962e-009 -0.988181 -0.22075 0.000177461 
3.16706e-005 -0.000162729 8.1372e-009 -0.690588 -0.753646 0.000172817 
3.37304e-005 -0.000165355 8.01857e-009 -0.144548 -1.01666 0.000106101 
3.59444e-005 -0.000166901 7.78709e-009 0.452871 -0.919495 1.76988e-006 
3.76729e-005 -0.000167465 7.55402e-009 0.888496 -0.495083 -0.000103092 
3.84297e-005 -0.000167491 7.43402e-009 1.0002 0.108541 -0.000170265 
3.80609e-005 -0.000167643 7.50597e-009 0.736687 0.670103 -0.000173456 
3.68409e-005 -0.000168574 7.77867e-009 0.189449 0.972179 -0.000109727 
3.53989e-005 -0.000170649 8.18028e-009 -0.431779 0.893157 -3.02969e-006 
3.44607e-005 -0.000173769 8.58577e-009 -0.885093 0.465354 0.000104963 
3.45341e-005 -0.000177426 8.87163e-009 -1.00119 -0.141133 0.000173078 
3.57195e-005 -0.00018093 8.96558e-009 -0.74662 -0.696689 0.000177223 
3.77129e-005 -0.000183684 8.86806e-009 -0.222733 -1.0022 0.000117543 
3.99439e-005 -0.000185372 8.64541e-009 0.380375 -0.952462 1.61544e-005 
4.17679e-005 -0.000186044 8.40578e-009 0.847808 -0.564243 -9.08947e-005 
4.26677e-005 -0.000186105 8.26555e-009 1.00716 0.0277277 -0.00016481 
4.24383e-005 -0.000186202 8.31042e-009 0.790133 0.607993 -0.000177025 
4.12986e-005 -0.000187003 8.55958e-009 0.26967 0.953368 -0.000121143 
3.98432e-005 -0.000188924 8.95091e-009 -0.356022 0.925297 -1.78733e-005 
3.88038e-005 -0.000191931 9.36347e-009 -0.843043 0.535369 9.24764e-005 
3.87313e-005 -0.000195556 9.67033e-009 -1.00779 -0.0606157 0.000167589 
3.97823e-005 -0.000199118 9.79066e-009 -0.798015 -0.635408 0.000180529 
4.16994e-005 -0.000201994 9.71539e-009 -0.299557 -0.981618 0.000128267 
4.39364e-005 -0.000203825 9.50343e-009 0.305548 -0.979591 3.044e-005 
4.58469e-005 -0.000204613 9.25924e-009 0.801813 -0.629872 -7.8128e-005 
4.68861e-005 -0.00020472 9.10027e-009 1.00762 -0.0532665 -0.00015829 
4.67998e-005 -0.000204772 9.11842e-009 0.838312 0.541827 -0.000179414 
4.57508e-005 -0.000205451 9.34296e-009 0.348061 0.928082 -0.000131736 
4.42947e-005 -0.000207219 9.7219e-009 -0.277852 0.951164 -3.25958e-005 
4.31638e-005 -0.000210104 1.01393e-008 -0.795402 0.601831 7.93762e-005 
4.29479e-005 -0.000213686 1.04658e-008 -1.00792 0.0202893 0.000161023 
4.38601e-005 -0.000217294 1.06124e-008 -0.84444 -0.570172 0.00018271 
4.56915e-005 -0.000220286 1.05604e-008 -0.374549 -0.955034 0.000138206 
4.79234e-005 -0.00022226 1.03609e-008 0.228851 -1.00073 4.45394e-005 
4.9911e-005 -0.00022317 1.01142e-008 0.750816 -0.691574 -6.48738e-005 
5.1085e-005 -0.000223334 9.93805e-009 1.0016 -0.13392 -0.000150751 
5.11447e-005 -0.000223354 9.92999e-009 0.880922 0.47206 -0.000180611 
5.01959e-005 -0.000223917 1.0129e-008 0.424091 0.8965 -0.000141436 
4.87519e-005 -0.000225532 1.04936e-008 -0.197795 0.970575 -4.70968e-005 
4.75396e-005 -0.000228288 1.09136e-008 -0.742466 0.664286 6.57477e-005 
4.7184e-005 -0.000231815 1.12581e-008 -1.00156 0.101062 0.000153419 
4.79537e-005 -0.00023546 1.14307e-008 -0.885586 -0.501373 0.00018375 
4.96904e-005 -0.000238561 1.14028e-008 -0.447245 -0.922602 0.000147298 
5.19061e-005 -0.000240677 1.12175e-008 0.150754 -1.01574 5.83666e-005 
5.3961e-005 -0.000241714 1.09703e-008 0.695152 -0.748978 -5.12161e-005 
5.52647e-005 -0.000241946 1.07787e-008 0.98916 -0.213717 -0.000142247 
5.5472e-005 -0.000241944 1.07451e-008 0.917702 0.399167 -0.000180612 
5.46324e-005 -0.000242402 1.0918e-008 0.49725 0.858847 -0.000150178 
5.32131e-005 -0.000243866 1.12662e-008 -0.116395 0.983388 -6.12778e-005 
5.19303e-005 -0.000246486 1.16866e-008 -0.68457 0.722301 5.16802e-005 
5.14396e-005 -0.000249947 1.20475e-008 -0.988701 0.181177 0.000144822 
5.20639e-005 -0.000253616 1.22455e-008 -0.921178 -0.429432 0.000183637 
5.36975e-005 -0.000256818 1.22425e-008 -0.517197 -0.88451 0.000155487 
5.58861e-005 -0.000259076 1.20731e-008 0.0717374 -1.02456 7.18373e-005 
5.79981e-005 -0.000260245 1.18274e-008 0.635178 -0.801742 -3.72409e-005 
5.94255e-005 -0.000260553 1.16221e-008 0.970411 -0.292153 -0.000132835 
5.97812e-005 -0.000260543 1.15639e-008 0.948433 0.32364 -0.000179423 
5.90588e-005 -0.000260905 1.17099e-008 0.56705 0.815388 -0.000157905 
5.76767e-005 -0.00026222 1.20401e-008 -0.0342027 0.989513 -7.5042e-005 
5.63348e-005 -0.000264699 1.24585e-008 -0.622087 0.775474 3.72666e-005 
5.57145e-005 -0.000268082 1.28341e-008 -0.969412 0.260112 0.000135282 
5.61915e-005 -0.000271764 1.30568e-008 -0.950969 -0.354789 0.000182368 
5.77143e-005 -0.00027506 1.30794e-008 -0.583968 -0.840982 0.00016272 
5.98647e-005 -0.000277455 1.29274e-008 -0.00771727 -1.02712 8.48695e-005 
6.20234e-005 -0.00027876 1.26852e-008 0.57128 -0.849552 -2.30353e-005 
6.35678e-005 -0.000279155 1.24681e-008 0.945497 -0.368736 -0.000122579 
6.40718e-005 -0.000279148 1.23861e-008 0.972936 0.245986 -0.000177056 
6.34738e-005 -0.000279424 1.25051e-008 0.633027 0.766429 -0.000164568 
6.2141e-005 -0.000280593 1.28155e-008 0.0482226 0.988904 -8.82955e-005 
6.07518e-005 -0.000282927 1.32297e-008 -0.555424 0.823434 2.26027e-005 
6.00084e-005 -0.000286222 1.36179e-008 -0.94379 0.337345 0.000124859 
6.03372e-005 -0.000289905 1.38647e-008 -0.974748 -0.277905 0.000179947 
6.17418e-005 -0.000293286 1.39133e-008 -0.647141 -0.792275 0.00016895 
6.38435e-005 -0.000295816 1.37801e-008 -0.0871245 -1.02341 9.73838e-005 
6.60382e-005 -0.00029726 1.35434e-008 0.50386 -0.892127 -8.68768e-006 
6.76921e-005 -0.000297749 1.33163e-008 0.914603 -0.442988 -0.000111547 
6.83432e-005 -0.000297758 1.32119e-008 0.991079 0.166722 -0.00017353 
6.78759e-005 -0.000297958 1.33036e-008 0.694749 0.712315 -0.000170124 
6.66044e-005 -0.000298987 1.35927e-008 0.13032 0.981565 -0.000100948 
6.518e-005 -0.000301172 1.40004e-008 -0.485017 0.865843 7.78656e-006 
6.43209e-005 -0.000304369 1.43994e-008 -0.911976 0.412362 0.000113617 
6.45015e-005 -0.000308041 1.46692e-008 -0.99234 -0.19926 0.000176383 
6.57813e-005 -0.000311497 1.4744e-008 -0.706316 -0.738675 0.000174137 
6.78239e-005 -0.000314158 1.4631e-008 -0.165999 -1.01346 0.000109304 
7.00436e-005 -0.000315743 1.44017e-008 0.433341 -0.929218 5.71354e-006 
7.17991e-005 -0.000316336 1.41667e-008 0.877946 -0.514451 -9.98128e-005 
7.25953e-005 -0.000316371 1.4041e-008 1.00277 0.0863686 -0.000168875 
7.22641e-005 -0.000316507 1.41055e-008 0.751813 0.653423 -0.000174539 
7.1065e-005 -0.000317401 1.43719e-008 0.211532 0.967549 -0.000112914 
6.96181e-005 -0.000319434 1.47709e-008 -0.411334 0.902401 -7.08199e-006 
6.86514e-005 -0.000322524 1.51786e-008 -0.874153 0.48466 0.000101626 
6.86847e-005 -0.000326174 1.54703e-008 -1.00361 -0.119347 0.000171695 
6.98339e-005 -0.000329694 1.55715e-008 -0.761114 -0.680501 0.000178245 
7.18073e-005 -0.000332482 1.54799e-008 -0.24386 -0.997321 0.000120556 
7.40411e-005 -0.000334209 1.526e-008 0.360163 -0.960607 2.00798e-005 
7.58897e-005 -0.000334913 1.50189e-008 0.835779 -0.582687 -8.74516e-005 
7.68279e-005 -0.000334985 1.48734e-008 1.00796 0.00545327 -0.000163125 
7.66373e-005 -0.000335068 1.49109e-008 0.803853 0.590161 -0.000177787 
7.55214e-005 -0.000335835 1.51535e-008 0.291307 0.946955 -0.000124113 
7.40645e-005 -0.000337715 1.55416e-008 -0.334867 0.932849 -2.19025e-005 
7.29992e-005 -0.000340689 1.59557e-008 -0.830549 0.553751 8.89634e-005 
7.28872e-005 -0.000344304 1.62681e-008 -1.00845 -0.0386731 0.000165908 
7.39007e-005 -0.000347879 1.63956e-008 -0.811183 -0.618102 0.000181245 
7.57953e-005 -0.000350787 1.63266e-008 -0.320229 -0.975087 0.000131071 
7.8032e-005 -0.000352658 1.61179e-008 0.284778 -0.986112 3.43232e-005 
7.99645e-005 -0.000353478 1.58728e-008 0.788385 -0.647282 -7.45433e-005 
8.1041e-005 -0.0003536 1.5709e-008 1.00664 -0.0755 -0.000156322 
8.09944e-005 -0.000353642 1.57199e-008 0.85054 0.522966 -0.000179852 
7.99718e-005 -0.000354288 1.59376e-008 0.369105 0.91993 -0.000134469 
7.85178e-005 -0.000356014 1.63128e-008 -0.256129 0.956969 -3.65743e-005 
7.73636e-005 -0.000358865 1.67312e-008 -0.781431 0.619162 7.57104e-005 
7.71091e-005 -0.000362433 1.70627e-008 -1.00681 0.0422468 0.000159055 
7.79827e-005 -0.000366052 1.72164e-008 -0.856195 -0.551853 0.000183116 
7.9789e-005 -0.000369075 1.71709e-008 -0.394638 -0.946888 0.000140785 
8.20176e-005 -0.000371088 1.69752e-008 0.207651 -1.00559 4.83567e-005 
8.40246e-005 -0.000372032 1.67281e-008 0.736078 -0.707846 -6.11704e-005 
8.52346e-005 -0.000372214 1.65476e-008 0.998858 -0.155971 -0.000148514 
8.53345e-005 -0.000372226 1.65325e-008 0.891582 0.452297 -0.000180722 
8.44147e-005 -0.00037276 1.67244e-008 0.444401 0.886666 -0.000143913 
8.29762e-005 -0.000374333 1.70847e-008 -0.175652 0.97459 -5.09977e-005 
8.17436e-005 -0.000377053 1.7505e-008 -0.727106 0.680445 6.19531e-005 
8.13506e-005 -0.000380563 1.78542e-008 -0.998662 0.122891 0.000151175 
8.20807e-005 -0.000384215 1.80337e-008 -0.89585 -0.482153 0.000183842 
8.37901e-005 -0.000387345 1.80126e-008 -0.466629 -0.912889 0.000149636 
8.59994e-005 -0.0003895 1.78315e-008 0.129255 -1.01892 6.20948e-005 
8.8071e-005 -0.000390572 1.75845e-008 0.679199 -0.764015 -4.74172e-005 
8.94091e-005 -0.000390824 1.7389e-008 0.984683 -0.235447 -0.000139755 
8.9657e-005 -0.000390819 1.73486e-008 0.92673 0.378634 -0.000180398 
8.88486e-005 -0.00039125 1.75142e-008 0.516691 0.847398 -0.000152384 
8.74383e-005 -0.000392672 1.78576e-008 -0.0939799 0.985584 -6.50743e-005 
8.61381e-005 -0.000395255 1.82777e-008 -0.667919 0.737177 4.77818e-005 
8.56115e-005 -0.000398695 1.86428e-008 -0.984042 0.202735 0.000142315 
8.61957e-005 -0.000402369 1.88476e-008 -0.929879 -0.40943 0.000183413 
8.77997e-005 -0.000405598 1.88516e-008 -0.535754 -0.873288 0.000157568 
8.99789e-005 -0.000407893 1.86868e-008 0.05007 -1.02602 7.54537e-005 
9.21047e-005 -0.000409099 1.84418e-008 0.618114 -0.815455 -3.33703e-005 
9.35648e-005 -0.00040943 1.82331e-008 0.964233 -0.313425 -0.000130106 
9.39611e-005 -0.000409419 1.81683e-008 0.955775 0.302475 -0.000178885 
9.3272e-005 -0.000409757 1.8307e-008 0.585492 0.802405 -0.000159825 
9.19022e-005 -0.000411032 1.86319e-008 -0.0116684 0.989872 -7.87082e-005 
9.05462e-005 -0.000413472 1.90494e-008 -0.604254 0.788961 3.32902e-005 
8.98916e-005 -0.000416832 1.94286e-008 -0.963012 0.281256 0.000132528 
9.03282e-005 -0.000420515 1.9658e-008 -0.958047 -0.334128 0.000181829 
9.18193e-005 -0.000423835 1.96876e-008 -0.601582 -0.828318 0.000164531 
9.39575e-005 -0.000426268 1.95406e-008 -0.0294199 -1.02687 8.83522e-005 
9.61271e-005 -0.00042761 1.92997e-008 0.553212 -0.861861 -1.9117e-005 
9.77021e-005 -0.00042803 1.90797e-008 0.937666 -0.389418 -0.000119631 
9.82465e-005 -0.000428026 1.89915e-008 0.978553 0.224328 -0.000176199 
9.76836e-005 -0.00042828 1.91031e-008 0.650349 0.752003 -0.000166189 
9.63664e-005 -0.000429411 1.94077e-008 0.0707231 0.987423 -9.18064e-005 
9.49664e-005 -0.000431704 1.98204e-008 -0.536523 0.835437 1.8575e-005 
9.41906e-005 -0.000434974 2.02118e-008 -0.935683 0.357934 0.000121874 
9.44789e-005 -0.000438655 2.0465e-008 -0.980151 -0.256716 0.000179094 
9.58499e-005 -0.000442057 2.05207e-008 -0.663701 -0.778244 0.00017048 
9.79366e-005 -0.000444624 2.03929e-008 -0.10873 -1.02146 0.000100711 
0.000100139 -0.000446105 2.0158e-008 0.484902 -0.902961 -4.74588e-006 
0.000101822 -0.000446622 1.99286e-008 0.905174 -0.462954 -0.0001084 
0.000102513 -0.000446637 1.98182e-008 0.99494 0.144713 -0.000172362 
0.000102082 -0.000446818 1.99025e-008 0.710837 0.696545 -0.000171436 
0.000100829 -0.00044781 2.01855e-008 0.152634 0.978254 -0.00010428 
9.93974e-005 -0.000449954 2.0591e-008 -0.465175 0.876275 3.73468e-006 
9.8508e-005 -0.000453123 2.09926e-008 -0.902208 0.432257 0.00011042 
9.86483e-005 -0.00045679 2.12685e-008 -0.996027 -0.177675 0.000175221 
9.98929e-005 -0.000460264 2.13505e-008 -0.721716 -0.723362 0.000175375 
0.000101918 -0.000462961 2.12433e-008 -0.187375 -1.00981 0.000112456 
0.000104142 -0.000464584 2.10164e-008 0.413612 -0.938514 9.65463e-006 
0.000105924 -0.000465206 2.07795e-008 0.866985 -0.533578 -9.64863e-005 
0.000106759 -0.00046525 2.06482e-008 1.00486 0.0641541 -0.000167403 
0.000106466 -0.000465371 2.07054e-008 0.766564 0.636417 -0.000175535 
0.000105289 -0.00046623 2.09653e-008 0.233508 0.962429 -0.000116044 
0.000103838 -0.000468221 2.13616e-008 -0.390682 0.911189 -1.11307e-005 
0.000102843 -0.00047128 2.17712e-008 -0.862782 0.503727 9.82385e-005 
0.000102837 -0.000474921 2.20687e-008 -1.00555 -0.0975046 0.00017023 
0.000103949 -0.000478458 2.21771e-008 -0.775256 -0.663998 0.000179183 
0.000105902 -0.000481279 2.20916e-008 -0.264875 -0.991989 0.000123514 
0.000108138 -0.000483045 2.18746e-008 0.339785 -0.968312 2.39961e-005 
0.00011001 -0.00048378 2.16322e-008 0.823359 -0.60086 -8.39675e-005 
0.000110987 -0.000483865 2.14815e-008 1.00827 -0.0168243 -0.000161361 
0.000110835 -0.000483936 2.15117e-008 0.817174 0.572036 -0.000178462 
0.000109744 -0.000484669 2.17476e-008 0.312796 0.940062 -0.00012702 
0.000108286 -0.000486507 2.21324e-008 -0.313543 0.939928 -2.59205e-005 
0.000107196 -0.000489448 2.25479e-008 -0.817644 0.571857 8.54064e-005 
0.000107045 -0.000493051 2.28656e-008 -1.00862 -0.0167125 0.000164148 
0.00010802 -0.00049664 2.30003e-008 -0.823974 -0.600509 0.000181877 
0.000109892 -0.00049958 2.29377e-008 -0.340755 -0.96811 0.000133816 
0.000112127 -0.000501489 2.27323e-008 0.263877 -0.992182 3.81907e-005 
0.000114081 -0.000502343 2.24865e-008 0.77459 -0.664391 -7.09239e-005 
0.000115194 -0.00050248 2.23179e-008 1.00518 -0.0976979 -0.000154278 
0.000115188 -0.000502512 2.23217e-008 0.862346 0.503845 -0.0001802 
0.000114192 -0.000503127 2.25324e-008 0.389962 0.911312 -0.000137134 
0.000112741 -0.000504812 2.29037e-008 -0.234277 0.962289 -4.05343e-005 
0.000111565 -0.000507627 2.33229e-008 -0.767072 0.636184 7.2007e-005 
0.000111272 -0.00051118 2.36594e-008 -1.0052 0.0641833 0.00015701 
0.000112106 -0.00051481 2.38202e-008 -0.86755 -0.533276 0.000183437 
0.000113887 -0.000517862 2.37813e-008 -0.414548 -0.938308 0.0001433 
0.000116112 -0.000519914 2.35894e-008 0.186356 -1.00999 5.21519e-005 
0.000118137 -0.000520893 2.33421e-008 0.720999 -0.723789 -5.74385e-005 
0.000119383 -0.000521093 2.31573e-008 0.99564 -0.177948 -0.000146205 
0.000119523 -0.000521099 2.31352e-008 0.901801 0.432309 -0.000180744 
0.000118633 -0.000521604 2.332e-008 0.464487 0.876383 -0.000146318 
0.000117201 -0.000523136 2.36759e-008 -0.153419 0.97811 -5.48726e-005 
0.000115949 -0.000525819 2.40964e-008 -0.711383 0.696265 5.81276e-005 
0.000115519 -0.000529311 2.44501e-008 -0.995285 0.14466 0.000148858 
0.000116209 -0.00053297 2.46366e-008 -0.905692 -0.462708 0.000183847 
0.00011789 -0.000536127 2.46223e-008 -0.485798 -0.902757 0.000151905 
0.000120093 -0.000538321 2.44454e-008 0.107696 -1.02162 6.57946e-005 
0.00012218 -0.00053943 2.41988e-008 0.662933 -0.778698 -4.35964e-005 
0.000123552 -0.000539702 2.39995e-008 0.979737 -0.257065 -0.000137197 
0.000123841 -0.000539694 2.39523e-008 0.935302 0.357914 -0.000180094 
0.000123064 -0.000540099 2.41106e-008 0.535871 0.835523 -0.000154512 
0.000121664 -0.000541481 2.44491e-008 -0.071517 0.987279 -6.88377e-005 
0.000120347 -0.000544025 2.48687e-008 -0.650935 0.751683 4.38595e-005 
0.000119785 -0.000547444 2.52379e-008 -0.978906 0.224194 0.000139739 
0.000120329 -0.000551122 2.54495e-008 -0.938142 -0.389235 0.000183103 
