30000 0.000100
-5.6608e-009 -1.33509e-009 1.02233e-012 0.965969 0.271277 -0.00017799 
-2.26462e-008 -5.8432e-009 4.13075e-012 0.946251 0.331014 -0.000179671 
-5.07542e-008 -1.42347e-008 9.35047e-012 0.922825 0.389457 -0.000180649 
-8.9737e-008 -2.72079e-008 1.66984e-011 0.895774 0.446373 -0.000180916 
-1.39302e-007 -4.54463e-008 2.61829e-011 0.865195 0.501533 -0.000180472 
-1.99113e-007 -6.96156e-008 3.78038e-011 0.831202 0.554717 -0.000179316 
-2.68789e-007 -1.0036e-007 5.15524e-011 0.79392 0.605709 -0.00017745 
-3.47908e-007 -1.383e-007 6.74109e-011 0.75349 0.654302 -0.000174881 
-4.36009e-007 -1.8403e-007 8.53532e-011 0.710066 0.700299 -0.000171618 
-5.3259e-007 -2.38112e-007 1.05344e-010 0.663816 0.743511 -0.000167671 
-6.37114e-007 -3.0108e-007 1.2734e-010 0.614918 0.783762 -0.000163056 
-7.49007e-007 -3.73429e-007 1.5129e-010 0.563563 0.820885 -0.00015779 
-8.67665e-007 -4.55618e-007 1.77132e-010 0.509954 0.854729 -0.000151893 
-9.92452e-007 -5.48068e-007 2.048e-010 0.454301 0.885153 -0.000145388 
-1.12271e-006 -6.51154e-007 2.34215e-010 0.396826 0.91203 -0.0001383 
-1.25775e-006 -7.65211e-007 2.65296e-010 0.337757 0.935251 -0.000130657 
-1.39686e-006 -8.90527e-007 2.97951e-010 0.277329 0.954719 -0.000122489 
-1.53932e-006 -1.02734e-006 3.32082e-010 0.215786 0.970353 -0.000113829 
-1.68439e-006 -1.17586e-006 3.67587e-010 0.153373 0.98209 -0.000104712 
-1.83131e-006 -1.3362e-006 4.04355e-010 0.090341 0.98988 -9.51728e-005 
-1.97933e-006 -1.50849e-006 4.42272e-010 0.0269437 0.993693 -8.52511e-005 
-2.12769e-006 -1.69275e-006 4.81217e-010 -0.0365645 0.993513 -7.49865e-005 
-2.27561e-006 -1.88897e-006 5.21068e-010 -0.0999284 0.989343 -6.44203e-005 
-2.42234e-006 -2.09712e-006 5.61695e-010 -0.162894 0.981202 -5.35951e-005 
-2.56711e-006 -2.31707e-006 6.02968e-010 -0.225208 0.969126 -4.25545e-005 
-2.70918e-006 -2.54867e-006 6.44754e-010 -0.286623 0.953165 -3.1343e-005 
-2.84782e-006 -2.79172e-006 6.86918e-010 -0.346893 0.933389 -2.00055e-005 
-2.98231e-006 -3.04596e-006 7.29324e-010 -0.405779 0.909881 -8.58761e-006 
-3.11195e-006 -3.3111e-006 7.71833e-010 -0.463048 0.882741 2.86503e-006 
-3.23606e-006 -3.5868e-006 8.1431e-010 -0.518475 0.852083 1.43067e-005 
-3.35399e-006 -3.87266e-006 8.56617e-010 -0.571841 0.818034 2.5692e-005 
-3.46511e-006 -4.16827e-006 8.9862e-010 -0.62294 0.780736 3.69758e-005 
-3.56884e-006 -4.47317e-006 9.40185e-010 -0.671573 0.740345 4.81135e-005 
-3.66462e-006 -4.78684e-006 9.81181e-010 -0.717555 0.697026 5.90616e-005 
-3.75191e-006 -5.10877e-006 1.02148e-009 -0.760709 0.650958 6.97773e-005 
-3.83023e-006 -5.43838e-006 1.06096e-009 -0.800874 0.602328 8.02191e-005 
-3.89914e-006 -5.77508e-006 1.09949e-009 -0.8379 0.551333 9.03466e-005 
-3.95822e-006 -6.11826e-006 1.13697e-009 -0.87165 0.49818 0.000100121 
-4.00711e-006 -6.46728e-006 1.17327e-009 -0.902002 0.443082 0.000109506 
-4.04547e-006 -6.82147e-006 1.2083e-009 -0.928847 0.386258 0.000118465 
-4.07304e-006 -7.18016e-006 1.24195e-009 -0.952093 0.327935 0.000126965 
-4.08957e-006 -7.54266e-006 1.27413e-009 -0.971659 0.268342 0.000134975 
-4.09487e-006 -7.90827e-006 1.30476e-009 -0.987482 0.207712 0.000142465 
-4.08879e-006 -8.27628e-006 1.33374e-009 -0.999513 0.146282 0.000149408 
-4.07123e-006 -8.64597e-006 1.361e-009 -1.00772 0.0842895 0.000155779 
-4.04214e-006 -9.01664e-006 1.38648e-009 -1.01208 0.0219727 0.000161556 
-4.00149e-006 -9.38757e-006 1.41012e-009 -1.01258 -0.0404303 0.000166719 
-3.94933e-006 -9.75805e-006 1.43187e-009 -1.00925 -0.102682 0.00017125 
-3.88571e-006 -1.01274e-005 1.45167e-009 -1.0021 -0.164549 0.000175133 
-3.81077e-006 -1.04948e-005 1.46949e-009 -0.99118 -0.225798 0.000178356 
-3.72465e-006 -1.08598e-005 1.4853e-009 -0.976532 -0.286201 0.00018091 
-3.62756e-006 -1.12215e-005 1.49908e-009 -0.958225 -0.345534 0.000182786 
-3.51973e-006 -1.15793e-005 1.51082e-009 -0.936339 -0.40358 0.000183979 
-3.40144e-006 -1.19327e-005 1.52049e-009 -0.910966 -0.460125 0.000184488 
-3.273e-006 -1.22809e-005 1.52811e-009 -0.882209 -0.514964 0.000184312 
-3.13476e-006 -1.26235e-005 1.53369e-009 -0.850185 -0.567898 0.000183453 
-2.98709e-006 -1.29597e-005 1.53723e-009 -0.815019 -0.618737 0.000181916 
-2.83042e-006 -1.32891e-005 1.53876e-009 -0.77685 -0.667298 0.000179709 
-2.66517e-006 -1.36112e-005 1.53831e-009 -0.735825 -0.71341 0.000176842 
-2.49183e-006 -1.39254e-005 1.53592e-009 -0.6921 -0.756907 0.000173327 
-2.31088e-006 -1.42313e-005 1.53162e-009 -0.645842 -0.797638 0.000169177 
-2.12286e-006 -1.45285e-005 1.52547e-009 -0.597224 -0.835457 0.000164409 
-1.9283e-006 -1.48165e-005 1.51752e-009 -0.546427 -0.870234 0.000159042 
-1.72777e-006 -1.50951e-005 1.50783e-009 -0.493642 -0.901846 0.000153097 
-1.52186e-006 -1.53638e-005 1.49648e-009 -0.439061 -0.930184 0.000146595 
-1.31116e-006 -1.56224e-005 1.48353e-009 -0.382886 -0.955149 0.000139561 
-1.0963e-006 -1.58706e-005 1.46906e-009 -0.325321 -0.976656 0.000132021 
-8.77899e-007 -1.61083e-005 1.45316e-009 -0.266578 -0.994629 0.000124003 
-6.56601e-007 -1.63351e-005 1.43591e-009 -0.206869 -1.00901 0.000115537 
-4.33055e-007 -1.65511e-005 1.41741e-009 -0.14641 -1.01974 0.000106653 
-2.07917e-007 -1.6756e-005 1.39776e-009 -0.0854209 -1.0268 9.73843e-005 
1.81525e-008 -1.69497e-005 1.37705e-009 -0.0241211 -1.03015 8.77634e-005 
2.4449e-007 -1.71323e-005 1.35539e-009 0.0372679 -1.02978 7.78256e-005 
4.7043e-007 -1.73038e-005 1.33288e-009 0.0985247 -1.0257 6.76067e-005 
6.95311e-007 -1.74642e-005 1.30964e-009 0.159428 -1.01792 5.71435e-005 
9.18473e-007 -1.76135e-005 1.28579e-009 0.219759 -1.00646 4.64737e-005 
1.13926e-006 -1.7752e-005 1.26142e-009 0.279298 -0.991371 3.56358e-005 
1.35703e-006 -1.78797e-005 1.23667e-009 0.33783 -0.9727 2.46688e-005 
1.57114e-006 -1.79969e-005 1.21166e-009 0.395144 -0.950512 1.36121e-005 
1.78096e-006 -1.81037e-005 1.18649e-009 0.451029 -0.924883 2.5059e-006 
1.98589e-006 -1.82005e-005 1.16129e-009 0.505282 -0.895904 -8.60982e-006 
2.18533e-006 -1.82875e-005 1.13619e-009 0.557705 -0.863674 -1.96947e-005 
2.3787e-006 -1.83651e-005 1.1113e-009 0.608104 -0.828305 -3.07084e-005 
2.56544e-006 -1.84337e-005 1.08674e-009 0.656293 -0.789923 -4.16108e-005 
2.745e-006 -1.84936e-005 1.06264e-009 0.702091 -0.748661 -5.2362e-005 
2.91689e-006 -1.85454e-005 1.03911e-009 0.745329 -0.704664 -6.29224e-005 
3.08059e-006 -1.85893e-005 1.01627e-009 0.785842 -0.658089 -7.3253e-005 
3.23567e-006 -1.86261e-005 9.94237e-010 0.823476 -0.6091 -8.33156e-005 
3.38167e-006 -1.86561e-005 9.73118e-010 0.858087 -0.557872 -9.30724e-005 
3.5182e-006 -1.868e-005 9.53026e-010 0.889541 -0.504589 -0.000102487 
3.64489e-006 -1.86983e-005 9.34067e-010 0.917713 -0.449442 -0.000111524 
3.7614e-006 -1.87116e-005 9.16345e-010 0.942492 -0.392631 -0.000120148 
3.86742e-006 -1.87205e-005 8.99959e-010 0.963777 -0.334362 -0.000128328 
3.9627e-006 -1.87257e-005 8.85003e-010 0.98148 -0.274848 -0.00013603 
4.04701e-006 -1.87278e-005 8.71567e-010 0.995525 -0.214308 -0.000143226 
4.12015e-006 -1.87274e-005 8.59737e-010 1.00585 -0.152964 -0.000149887 
4.18199e-006 -1.87254e-005 8.4959e-010 1.01241 -0.0910453 -0.000155986 
4.23241e-006 -1.87223e-005 8.41202e-010 1.01516 -0.0287821 -0.000161499 
4.27137e-006 -1.87189e-005 8.34639e-010 1.01408 0.0335916 -0.000166404 
4.29882e-006 -1.87159e-005 8.29961e-010 1.00918 0.0958407 -0.000170681 
4.31481e-006 -1.8714e-005 8.27222e-010 1.00045 0.157729 -0.000174311 
4.31939e-006 -1.87138e-005 8.2647e-010 0.987924 0.21902 -0.000177279 
4.31269e-006 -1.87162e-005 8.27743e-010 0.971632 0.279479 -0.000179572 
4.29485e-006 -1.87217e-005 8.31073e-010 0.951629 0.338873 -0.000181179 
4.26608e-006 -1.87311e-005 8.36484e-010 0.927982 0.396972 -0.000182093 
4.22662e-006 -1.87451e-005 8.43991e-010 0.900772 0.453549 -0.000182307 
4.17676e-006 -1.87643e-005 8.53603e-010 0.870096 0.508383 -0.000181821 
4.11683e-006 -1.87894e-005 8.65318e-010 0.836063 0.561259 -0.000180633 
4.04721e-006 -1.8821e-005 8.79127e-010 0.798798 0.611967 -0.000178747 
3.9683e-006 -1.88597e-005 8.95014e-010 0.758437 0.660307 -0.000176168 
3.88055e-006 -1.89061e-005 9.12952e-010 0.715132 0.706086 -0.000172906 
3.78446e-006 -1.89607e-005 9.32908e-010 0.669044 0.749121 -0.000168972 
3.68054e-006 -1.90241e-005 9.54838e-010 0.620349 0.789241 -0.000164379 
3.56936e-006 -1.90967e-005 9.78692e-010 0.569232 0.826283 -0.000159145 
3.4515e-006 -1.91789e-005 1.00441e-009 0.51589 0.860098 -0.000153288 
3.32759e-006 -1.92713e-005 1.03193e-009 0.460527 0.89055 -0.000146832 
3.19825e-006 -1.93741e-005 1.06118e-009 0.403359 0.917516 -0.000139801 
3.06417e-006 -1.94877e-005 1.09207e-009 0.344608 0.940886 -0.000132222 
2.92602e-006 -1.96124e-005 1.12451e-009 0.284502 0.960567 -0.000124123 
2.78452e-006 -1.97484e-005 1.15842e-009 0.223278 0.976478 -0.000115537 
2.64038e-006 -1.98959e-005 1.1937e-009 0.161174 0.988555 -0.000106497 
2.49433e-006 -2.0055e-005 1.23022e-009 0.0984355 0.99675 -9.70385e-005 
2.34712e-006 -2.02259e-005 1.2679e-009 0.0353075 1.00103 -8.71985e-005 
2.19948e-006 -2.04086e-005 1.3066e-009 -0.0279615 1.00138 -7.70156e-005 
2.05217e-006 -2.0603e-005 1.3462e-009 -0.0911234 0.997801 -6.653e-005 
1.90592e-006 -2.08092e-005 1.3866e-009 -0.15393 0.990305 -5.57829e-005 
1.76147e-006 -2.10271e-005 1.42765e-009 -0.216136 0.978927 -4.48167e-005 
1.61955e-006 -2.12565e-005 1.46923e-009 -0.277498 0.963713 -3.36746e-005 
1.48089e-006 -2.14971e-005 1.5112e-009 -0.337776 0.944728 -2.24002e-005 
1.34618e-006 -2.17489e-005 1.55344e-009 -0.396737 0.922051 -1.10378e-005 
1.2161e-006 -2.20114e-005 1.59581e-009 -0.454152 0.895775 3.68066e-007 
1.09133e-006 -2.22844e-005 1.63817e-009 -0.509801 0.866009 1.1773e-005 
9.72492e-007 -2.25676e-005 1.6804e-009 -0.563469 0.832873 2.31326e-005 
8.60213e-007 -2.28604e-005 1.72237e-009 -0.614952 0.796503 3.44029e-005 
7.55072e-007 -2.31625e-005 1.76393e-009 -0.664055 0.757047 4.55404e-005 
6.57625e-007 -2.34734e-005 1.80497e-009 -0.710595 0.714664 5.65023e-005 
5.6839e-007 -2.37925e-005 1.84535e-009 -0.754396 0.669523 6.72469e-005 
4.87855e-007 -2.41194e-005 1.88496e-009 -0.795298 0.621805 7.77332e-005 
4.16467e-007 -2.44534e-005 1.92368e-009 -0.833151 0.571701 8.79219e-005 
3.54635e-007 -2.4794e-005 1.96139e-009 -0.867818 0.519407 9.77746e-005 
3.02732e-007 -2.51406e-005 1.99798e-009 -0.899176 0.46513 0.000107255 
2.61086e-007 -2.54924e-005 2.03335e-009 -0.927115 0.409081 0.000116327 
2.29985e-007 -2.5849e-005 2.0674e-009 -0.951538 0.351478 0.000124959 
2.09675e-007 -2.62095e-005 2.10003e-009 -0.972365 0.292544 0.000133118 
2.00359e-007 -2.65733e-005 2.13116e-009 -0.989527 0.232504 0.000140776 
2.02197e-007 -2.69398e-005 2.1607e-009 -1.00297 0.171589 0.000147906 
2.15304e-007 -2.73082e-005 2.18857e-009 -1.01266 0.110028 0.000154481 
2.39756e-007 -2.76778e-005 2.21472e-009 -1.01857 0.0480536 0.00016048 
2.75581e-007 -2.8048e-005 2.23908e-009 -1.02068 -0.0141022 0.000165882 
3.22769e-007 -2.84181e-005 2.26159e-009 -1.01901 -0.0762081 0.000170669 
3.81264e-007 -2.87873e-005 2.28221e-009 -1.01357 -0.138035 0.000174824 
4.50973e-007 -2.91549e-005 2.30089e-009 -1.00439 -0.199355 0.000178335 
5.31759e-007 -2.95204e-005 2.31761e-009 -0.991514 -0.259944 0.00018119 
6.23448e-007 -2.98831e-005 2.33234e-009 -0.975008 -0.319584 0.000183382 
7.25827e-007 -3.02422e-005 2.34505e-009 -0.954938 -0.378058 0.000184903 
8.38646e-007 -3.05972e-005 2.35575e-009 -0.931389 -0.435157 0.000185751 
9.61617e-007 -3.09475e-005 2.36442e-009 -0.904455 -0.490678 0.000185925 
1.09442e-006 -3.12925e-005 2.37107e-009 -0.874244 -0.544423 0.000185424 
1.23671e-006 -3.16315e-005 2.37571e-009 -0.840872 -0.596203 0.000184254 
1.38809e-006 -3.19641e-005 2.37836e-009 -0.804469 -0.645837 0.00018242 
1.54815e-006 -3.22898e-005 2.37904e-009 -0.765172 -0.69315 0.00017993 
1.71644e-006 -3.2608e-005 2.37779e-009 -0.72313 -0.73798 0.000176794 
1.89251e-006 -3.29183e-005 2.37463e-009 -0.678498 -0.780171 0.000173025 
2.07585e-006 -3.32202e-005 2.36962e-009 -0.631442 -0.819577 0.000168639 
2.26594e-006 -3.35134e-005 2.36281e-009 -0.582134 -0.856064 0.000163651 
2.46226e-006 -3.37975e-005 2.35425e-009 -0.530752 -0.889506 0.000158081 
2.66423e-006 -3.4072e-005 2.34401e-009 -0.477484 -0.919791 0.00015195 
2.87129e-006 -3.43368e-005 2.33215e-009 -0.42252 -0.946815 0.000145279 
3.08285e-006 -3.45916e-005 2.31875e-009 -0.366058 -0.970487 0.000138094 
3.2983e-006 -3.4836e-005 2.30388e-009 -0.308299 -0.990727 0.000130419 
3.51702e-006 -3.507e-005 2.28762e-009 -0.249449 -1.00747 0.000122284 
3.73839e-006 -3.52932e-005 2.27007e-009 -0.189716 -1.02065 0.000113717 
3.96177e-006 -3.55057e-005 2.25132e-009 -0.129311 -1.03023 0.000104748 
4.18653e-006 -3.57073e-005 2.23145e-009 -0.0684487 -1.03619 9.54095e-005 
4.41202e-006 -3.58979e-005 2.21058e-009 -0.00734256 -1.03849 8.57344e-005 
4.63759e-006 -3.60775e-005 2.1888e-009 0.0537916 -1.03713 7.57568e-005 
4.8626e-006 -3.62462e-005 2.16621e-009 0.114738 -1.03211 6.55119e-005 
5.08641e-006 -3.6404e-005 2.14294e-009 0.175283 -1.02346 5.50358e-005 
5.30836e-006 -3.65509e-005 2.11908e-009 0.235212 -1.0112 4.43652e-005 
5.52784e-006 -3.66871e-005 2.09475e-009 0.294313 -0.995367 3.35378e-005 
5.7442e-006 -3.68128e-005 2.07006e-009 0.352377 -0.976025 2.25916e-005 
5.95683e-006 -3.69282e-005 2.04513e-009 0.409199 -0.953234 1.15653e-005 
6.16513e-006 -3.70334e-005 2.02008e-009 0.464575 -0.927072 4.97695e-007 
6.36851e-006 -3.71288e-005 1.99502e-009 0.51831 -0.897627 -1.05721e-005 
6.56637e-006 -3.72146e-005 1.97008e-009 0.570208 -0.865 -2.16047e-005 
6.75817e-006 -3.72913e-005 1.94536e-009 0.620085 -0.829301 -3.25611e-005 
6.94337e-006 -3.7359e-005 1.92099e-009 0.667759 -0.790654 -4.3402e-005 
7.12143e-006 -3.74184e-005 1.89708e-009 0.713057 -0.749189 -5.40888e-005 
7.29187e-006 -3.74697e-005 1.87375e-009 0.755813 -0.705051 -6.4583e-005 
7.4542e-006 -3.75134e-005 1.85111e-009 0.795868 -0.658391 -7.48467e-005 
7.60799e-006 -3.75501e-005 1.82927e-009 0.833075 -0.609371 -8.48426e-005 
7.75282e-006 -3.75802e-005 1.80835e-009 0.867292 -0.558163 -9.45344e-005 
7.88828e-006 -3.76042e-005 1.78845e-009 0.898391 -0.504945 -0.000103886 
8.01403e-006 -3.76228e-005 1.76966e-009 0.926251 -0.449904 -0.000112864 
8.12974e-006 -3.76365e-005 1.75211e-009 0.950764 -0.393235 -0.000121434 
8.23512e-006 -3.7646e-005 1.73587e-009 0.971832 -0.33514 -0.000129564 
8.3299e-006 -3.76517e-005 1.72104e-009 0.98937 -0.275825 -0.000137224 
8.41388e-006 -3.76545e-005 1.70771e-009 1.00331 -0.215503 -0.000144384 
8.48686e-006 -3.76549e-005 1.69596e-009 1.01358 -0.154392 -0.000151017 
8.54871e-006 -3.76536e-005 1.68587e-009 1.02014 -0.0927141 -0.000157098 
8.59932e-006 -3.76512e-005 1.67751e-009 1.02295 -0.0306934 -0.000162601 
8.63864e-006 -3.76485e-005 1.67095e-009 1.022 0.0314423 -0.000167507 
8.66663e-006 -3.76462e-005 1.66624e-009 1.01727 0.093464 -0.000171793 
8.68333e-006 -3.76449e-005 1.66344e-009 1.00878 0.155142 -0.000175445 
8.68879e-006 -3.76453e-005 1.66259e-009 0.996545 0.216246 -0.000178444 
8.68312e-006 -3.76481e-005 1.66373e-009 0.980599 0.276547 -0.00018078 
8.66647e-006 -3.7654e-005 1.6669e-009 0.960993 0.335818 -0.000182442 
8.63904e-006 -3.76637e-005 1.67212e-009 0.937792 0.393835 -0.000183421 
8.60105e-006 -3.76778e-005 1.6794e-009 0.911073 0.450376 -0.000183712 
8.55279e-006 -3.76969e-005 1.68875e-009 0.880927 0.505227 -0.000183312 
8.49456e-006 -3.77218e-005 1.70017e-009 0.847461 0.558175 -0.000182222 
8.42673e-006 -3.7753e-005 1.71366e-009 0.810794 0.609018 -0.000180443 
8.34968e-006 -3.77911e-005 1.72919e-009 0.771056 0.657557 -0.000177981 
8.26386e-006 -3.78367e-005 1.74675e-009 0.728393 0.703604 -0.000174845 
8.16974e-006 -3.78903e-005 1.76631e-009 0.682961 0.746979 -0.000171043 
8.06781e-006 -3.79524e-005 1.78782e-009 0.634929 0.787513 -0.000166591 
7.95861e-006 -3.80235e-005 1.81123e-009 0.584473 0.825046 -0.000161504 
7.84272e-006 -3.81041e-005 1.8365e-009 0.531785 0.859431 -0.000155799 
7.72072e-006 -3.81945e-005 1.86355e-009 0.477062 0.890531 -0.000149499 
7.59324e-006 -3.82952e-005 1.89232e-009 0.420511 0.918224 -0.000142627 
7.46092e-006 -3.84063e-005 1.92273e-009 0.362346 0.9424 -0.000135208 
7.32442e-006 -3.85284e-005 1.95469e-009 0.302791 0.962964 -0.00012727 
7.18443e-006 -3.86615e-005 1.98812e-009 0.242072 0.979834 -0.000118844 
7.04165e-006 -3.88059e-005 2.02292e-009 0.180421 0.992944 -0.000109961 
6.89678e-006 -3.89617e-005 2.05899e-009 0.118075 1.00224 -0.000100655 
6.75055e-006 -3.91291e-005 2.09622e-009 0.0552735 1.00769 -9.09632e-005 
6.60367e-006 -3.9308e-005 2.1345e-009 -0.0077426 1.00927 -8.09214e-005 
6.45687e-006 -3.94986e-005 2.1737e-009 -0.0707314 1.00698 -7.05687e-005 
6.31088e-006 -3.97008e-005 2.21373e-009 -0.133451 1.00083 -5.99448e-005 
6.16642e-006 -3.99145e-005 2.25444e-009 -0.195662 0.990835 -4.90907e-005 
6.0242e-006 -4.01396e-005 2.29572e-009 -0.257126 0.977046 -3.80481e-005 
5.88493e-006 -4.03759e-005 2.33744e-009 -0.317608 0.959518 -2.68595e-005 
5.74928e-006 -4.06232e-005 2.37947e-009 -0.376878 0.938323 -1.55677e-005 
5.61795e-006 -4.08813e-005 2.42167e-009 -0.434712 0.913544 -4.21613e-006 
5.49158e-006 -4.11498e-005 2.46393e-009 -0.490892 0.885284 7.15198e-006 
5.37081e-006 -4.14284e-005 2.5061e-009 -0.545207 0.853654 1.84933e-005 
5.25624e-006 -4.17167e-005 2.54807e-009 -0.597453 0.818781 2.97649e-005 
5.14846e-006 -4.20144e-005 2.5897e-009 -0.647438 0.780803 4.09242e-005 
5.04801e-006 -4.23209e-005 2.63087e-009 -0.694975 0.739871 5.19291e-005 
4.95543e-006 -4.26358e-005 2.67145e-009 -0.739893 0.696146 6.27385e-005 
4.8712e-006 -4.29585e-005 2.71132e-009 -0.782027 0.649799 7.33123e-005 
4.79577e-006 -4.32886e-005 2.75037e-009 -0.821227 0.60101 8.36112e-005 
4.72956e-006 -4.36255e-005 2.78848e-009 -0.857354 0.549969 9.35974e-005 
4.67295e-006 -4.39685e-005 2.82554e-009 -0.89028 0.496872 0.000103235 
4.62628e-006 -4.43171e-005 2.86145e-009 -0.919892 0.441922 0.000112488 
4.58986e-006 -4.46706e-005 2.89611e-009 -0.94609 0.385329 0.000121323 
4.56394e-006 -4.50283e-005 2.92942e-009 -0.968786 0.327307 0.00012971 
4.54875e-006 -4.53898e-005 2.9613e-009 -0.987907 0.268075 0.000137619 
4.54446e-006 -4.57541e-005 2.99166e-009 -1.00339 0.207854 0.000145022 
4.55121e-006 -4.61208e-005 3.02042e-009 -1.0152 0.146868 0.000151892 
4.56909e-006 -4.64891e-005 3.04752e-009 -1.0233 0.0853423 0.000158208 
4.59816e-006 -4.68584e-005 3.07289e-009 -1.02766 0.0235031 0.000163947 
4.63844e-006 -4.72279e-005 3.09648e-009 -1.02829 -0.038424 0.000169091 
4.68989e-006 -4.75969e-005 3.11822e-009 -1.0252 -0.100215 0.000173623 
4.75245e-006 -4.7965e-005 3.13809e-009 -1.01841 -0.161646 0.000177527 
4.826e-006 -4.83312e-005 3.15604e-009 -1.00794 -0.222497 0.000180793 
4.91041e-006 -4.86951e-005 3.17204e-009 -0.993864 -0.282553 0.00018341 
5.00549e-006 -4.9056e-005 3.18607e-009 -0.976227 -0.3416 0.000185371 
5.11102e-006 -4.94132e-005 3.19812e-009 -0.955108 -0.399431 0.000186671 
5.22674e-006 -4.97662e-005 3.20818e-009 -0.93059 -0.455843 0.000187307 
5.35238e-006 -5.01143e-005 3.21625e-009 -0.902769 -0.510641 0.000187278 
5.48759e-006 -5.0457e-005 3.22233e-009 -0.871755 -0.563634 0.000186587 
5.63204e-006 -5.07937e-005 3.22643e-009 -0.837663 -0.614641 0.000185237 
5.78533e-006 -5.1124e-005 3.22858e-009 -0.800621 -0.663486 0.000183236 
5.94706e-006 -5.14472e-005 3.22879e-009 -0.760768 -0.710004 0.000180591 
6.11679e-006 -5.17631e-005 3.22711e-009 -0.718248 -0.754037 0.000177313 
6.29406e-006 -5.2071e-005 3.22357e-009 -0.673216 -0.795436 0.000173416 
6.47837e-006 -5.23706e-005 3.21822e-009 -0.625834 -0.834062 0.000168913 
6.66923e-006 -5.26615e-005 3.2111e-009 -0.576271 -0.869786 0.000163823 
6.8661e-006 -5.29433e-005 3.20227e-009 -0.524704 -0.902489 0.000158162 
7.06844e-006 -5.32157e-005 3.19179e-009 -0.471315 -0.932062 0.000151953 
7.27568e-006 -5.34785e-005 3.17973e-009 -0.416291 -0.958406 0.000145217 
7.48725e-006 -5.37313e-005 3.16617e-009 -0.359824 -0.981436 0.000137979 
7.70256e-006 -5.39739e-005 3.15118e-009 -0.302112 -1.00108 0.000130263 
7.921e-006 -5.42062e-005 3.13483e-009 -0.243355 -1.01726 0.000122098 
8.14197e-006 -5.44279e-005 3.11722e-009 -0.183757 -1.02993 0.000113511 
8.36484e-006 -5.4639e-005 3.09844e-009 -0.123522 -1.03906 0.000104532 
8.589e-006 -5.48394e-005 3.07857e-009 -0.0628605 -1.04461 9.51931e-005 
8.81381e-006 -5.5029e-005 3.05772e-009 -0.00197992 -1.04655 8.55258e-005 
9.03865e-006 -5.52077e-005 3.03599e-009 0.0589096 -1.0449 7.55637e-005 
9.26288e-006 -5.53757e-005 3.01347e-009 0.119598 -1.03964 6.5341e-005 
9.48589e-006 -5.55329e-005 2.99028e-009 0.179877 -1.03081 5.48929e-005 
9.70704e-006 -5.56795e-005 2.96652e-009 0.239539 -1.01842 4.42554e-005 
9.92573e-006 -5.58155e-005 2.9423e-009 0.298376 -1.00253 3.34649e-005 
1.01413e-005 -5.59411e-005 2.91773e-009 0.356187 -0.983172 2.25587e-005 
1.03532e-005 -5.60566e-005 2.89293e-009 0.41277 -0.960422 1.15742e-005 
1.05609e-005 -5.61621e-005 2.868e-009 0.467928 -0.934353 5.49358e-007 
1.07637e-005 -5.62579e-005 2.84308e-009 0.52147 -0.905051 -1.04777e-005 
1.09611e-005 -5.63443e-005 2.81825e-009 0.573207 -0.872613 -2.14689e-005 
1.11525e-005 -5.64217e-005 2.79365e-009 0.622958 -0.837148 -3.2386e-005 
1.13374e-005 -5.64903e-005 2.76939e-009 0.670547 -0.798773 -4.31909e-005 
1.15154e-005 -5.65505e-005 2.74558e-009 0.715804 -0.757618 -5.38459e-005 
1.16858e-005 -5.66028e-005 2.72233e-009 0.758567 -0.71382 -6.43135e-005 
1.18483e-005 -5.66477e-005 2.69975e-009 0.798682 -0.667528 -7.45568e-005 
1.20025e-005 -5.66855e-005 2.67795e-009 0.836003 -0.618898 -8.45395e-005 
1.21478e-005 -5.67168e-005 2.65704e-009 0.870393 -0.568096 -9.42261e-005 
1.2284e-005 -5.67421e-005 2.63713e-009 0.901725 -0.515296 -0.000103582 
1.24106e-005 -5.6762e-005 2.61831e-009 0.92988 -0.460678 -0.000112573 
1.25274e-005 -5.6777e-005 2.60068e-009 0.954753 -0.404432 -0.000121166 
