30000 0.000100
-5.71792e-009 -1.3492e-009 1.0327e-012 0.96595 0.271272 -0.000177987 
-2.276e-008 -5.87513e-009 4.15171e-012 0.946213 0.331001 -0.000179664 
-5.09244e-008 -1.42882e-008 9.3823e-012 0.922769 0.389434 -0.000180638 
-8.99636e-008 -2.72871e-008 1.67414e-011 0.895701 0.446337 -0.000180902 
-1.39585e-007 -4.55555e-008 2.62375e-011 0.865105 0.501482 -0.000180453 
-1.99452e-007 -6.97591e-008 3.78704e-011 0.831095 0.554648 -0.000179293 
-2.69186e-007 -1.00543e-007 5.16314e-011 0.793797 0.605619 -0.000177423 
-3.48363e-007 -1.38528e-007 6.75029e-011 0.753351 0.654189 -0.00017485 
-4.36523e-007 -1.84307e-007 8.54587e-011 0.709913 0.70016 -0.000171581 
-5.33163e-007 -2.38447e-007 1.05464e-010 0.663648 0.743343 -0.00016763 
-6.37747e-007 -3.01478e-007 1.27475e-010 0.614736 0.783562 -0.000163011 
-7.49702e-007 -3.73898e-007 1.5144e-010 0.563369 0.82065 -0.00015774 
-8.68422e-007 -4.56167e-007 1.77299e-010 0.509747 0.854454 -0.000151838 
-9.93272e-007 -5.48705e-007 2.04984e-010 0.454083 0.884835 -0.000145327 
-1.12359e-006 -6.5189e-007 2.34418e-010 0.396597 0.911666 -0.000138233 
-1.25869e-006 -7.66057e-007 2.65517e-010 0.337519 0.934835 -0.000130585 
-1.39786e-006 -8.91496e-007 2.98192e-010 0.277084 0.954247 -0.000122411 
-1.54039e-006 -1.02845e-006 3.32345e-010 0.215534 0.969821 -0.000113745 
-1.68551e-006 -1.17711e-006 3.67871e-010 0.153117 0.981491 -0.000104622 
-1.83249e-006 -1.33763e-006 4.04662e-010 0.0900839 0.98921 -9.50767e-005 
-1.98057e-006 -1.51009e-006 4.42602e-010 0.0266877 0.992946 -8.5149e-005 
-2.12896e-006 -1.69455e-006 4.81571e-010 -0.036816 0.992683 -7.48783e-005 
-2.27692e-006 -1.891e-006 5.21445e-010 -0.100171 0.988424 -6.43062e-005 
-2.42367e-006 -2.09939e-006 5.62096e-010 -0.163124 0.980186 -5.34752e-005 
-2.56846e-006 -2.3196e-006 6.03393e-010 -0.22542 0.968006 -4.24292e-005 
-2.71053e-006 -2.55149e-006 6.45202e-010 -0.28681 0.951935 -3.12126e-005 
-2.84916e-006 -2.79485e-006 6.87389e-010 -0.347049 0.932041 -1.98706e-005 
-2.98361e-006 -3.04942e-006 7.29815e-010 -0.405895 0.908408 -8.44897e-006 
-3.11318e-006 -3.31492e-006 7.72343e-010 -0.463115 0.881136 3.00657e-006 
-3.2372e-006 -3.59099e-006 8.14836e-010 -0.518482 0.850337 1.44501e-005 
-3.35501e-006 -3.87726e-006 8.57157e-010 -0.571778 0.816142 2.58359e-005 
-3.46598e-006 -4.1733e-006 8.99169e-010 -0.622794 0.778692 3.71187e-005 
-3.56951e-006 -4.47863e-006 9.40738e-010 -0.671331 0.738142 4.82537e-005 
-3.66505e-006 -4.79277e-006 9.81733e-010 -0.7172 0.694659 5.91971e-005 
-3.75206e-006 -5.11518e-006 1.02203e-009 -0.760226 0.648422 6.99058e-005 
-3.83005e-006 -5.44528e-006 1.06149e-009 -0.800245 0.59962 8.03379e-005 
-3.89856e-006 -5.78248e-006 1.1e-009 -0.837105 0.54845 9.0453e-005 
-3.95719e-006 -6.12617e-006 1.13744e-009 -0.870669 0.495122 0.000100212 
-4.00556e-006 -6.4757e-006 1.17371e-009 -0.900814 0.439848 0.000109577 
-4.04335e-006 -6.83039e-006 1.20869e-009 -0.927429 0.382852 0.000118513 
-4.07027e-006 -7.18958e-006 1.24227e-009 -0.950421 0.324359 0.000126986 
-4.08608e-006 -7.55257e-006 1.27438e-009 -0.96971 0.264602 0.000134965 
-4.09059e-006 -7.91864e-006 1.30491e-009 -0.98523 0.203817 0.000142419 
-4.08364e-006 -8.28709e-006 1.33379e-009 -0.996933 0.142242 0.00014932 
-4.06513e-006 -8.65719e-006 1.36093e-009 -1.00478 0.0801168 0.000155645 
-4.03501e-006 -9.02822e-006 1.38628e-009 -1.00876 0.0176829 0.00016137 
-3.99326e-006 -9.39946e-006 1.40976e-009 -1.00886 -0.0448191 0.000166475 
-3.93991e-006 -9.77019e-006 1.43134e-009 -1.0051 -0.107149 0.000170942 
-3.87503e-006 -1.01397e-005 1.45095e-009 -0.997489 -0.169071 0.000174756 
-3.79875e-006 -1.05073e-005 1.46856e-009 -0.986081 -0.230347 0.000177904 
-3.71123e-006 -1.08722e-005 1.48415e-009 -0.970925 -0.290749 0.000180375 
-3.61266e-006 -1.12339e-005 1.49769e-009 -0.952089 -0.350048 0.000182163 
-3.50329e-006 -1.15915e-005 1.50916e-009 -0.929652 -0.408024 0.000183262 
-3.3834e-006 -1.19446e-005 1.51855e-009 -0.90371 -0.464462 0.00018367 
-3.25331e-006 -1.22924e-005 1.52587e-009 -0.874367 -0.519152 0.000183387 
-3.11337e-006 -1.26344e-005 1.53113e-009 -0.841742 -0.571893 0.000182415 
-2.96398e-006 -1.297e-005 1.53434e-009 -0.805965 -0.622493 0.000180761 
-2.80554e-006 -1.32986e-005 1.53552e-009 -0.767176 -0.670767 0.000178431 
-2.63852e-006 -1.36197e-005 1.53471e-009 -0.725526 -0.716539 0.000175435 
-2.46339e-006 -1.39328e-005 1.53193e-009 -0.681176 -0.759644 0.000171786 
-2.28067e-006 -1.42374e-005 1.52724e-009 -0.634294 -0.799927 0.000167499 
-2.09089e-006 -1.45331e-005 1.52069e-009 -0.585059 -0.837242 0.000162591 
-1.8946e-006 -1.48195e-005 1.51233e-009 -0.533657 -0.871457 0.000157081 
-1.69239e-006 -1.50963e-005 1.50222e-009 -0.480282 -0.902448 0.000150989 
-1.48485e-006 -1.5363e-005 1.49045e-009 -0.425132 -0.930106 0.00014434 
-1.27261e-006 -1.56195e-005 1.47707e-009 -0.368413 -0.954331 0.000137158 
-1.05628e-006 -1.58654e-005 1.46218e-009 -0.310336 -0.975038 0.000129471 
-8.36521e-007 -1.61005e-005 1.44585e-009 -0.251115 -0.992152 0.000121306 
-6.13985e-007 -1.63247e-005 1.42819e-009 -0.19097 -1.00561 0.000112695 
-3.89338e-007 -1.65378e-005 1.40928e-009 -0.130122 -1.01538 0.000103669 
-1.63251e-007 -1.67397e-005 1.38922e-009 -0.0687956 -1.0214 9.42617e-005 
6.35993e-008 -1.69302e-005 1.36813e-009 -0.00721583 -1.02367 8.45076e-005 
2.90532e-007 -1.71095e-005 1.3461e-009 0.0543905 -1.02217 7.44426e-005 
5.16868e-007 -1.72775e-005 1.32325e-009 0.115797 -1.01691 6.41036e-005 
7.41928e-007 -1.74343e-005 1.29969e-009 0.176776 -1.00791 5.35286e-005 
9.65038e-007 -1.758e-005 1.27554e-009 0.237105 -0.995191 4.27565e-005 
1.18553e-006 -1.77146e-005 1.25091e-009 0.29656 -0.978806 3.18268e-005 
1.40274e-006 -1.78384e-005 1.22593e-009 0.35492 -0.958811 2.07797e-005 
1.61602e-006 -1.79516e-005 1.20072e-009 0.41197 -0.935274 9.65589e-006 
1.82474e-006 -1.80544e-005 1.17541e-009 0.467496 -0.90828 -1.50364e-006 
2.02827e-006 -1.81471e-005 1.15011e-009 0.521291 -0.877922 -1.26576e-005 
2.226e-006 -1.823e-005 1.12495e-009 0.573154 -0.84431 -2.37646e-005 
2.41734e-006 -1.83036e-005 1.10005e-009 0.622887 -0.807561 -3.47833e-005 
2.60174e-006 -1.83681e-005 1.07554e-009 0.670303 -0.767808 -4.56726e-005 
2.77865e-006 -1.8424e-005 1.05155e-009 0.715221 -0.725194 -5.63916e-005 
2.94754e-006 -1.84718e-005 1.02818e-009 0.757467 -0.67987 -6.69e-005 
3.10793e-006 -1.8512e-005 1.00556e-009 0.796877 -0.632002 -7.7158e-005 
3.25935e-006 -1.8545e-005 9.83815e-010 0.833299 -0.581764 -8.71265e-005 
3.40137e-006 -1.85715e-005 9.63049e-010 0.866587 -0.529338 -9.67673e-005 
3.5336e-006 -1.8592e-005 9.43376e-010 0.896608 -0.474917 -0.000106043 
3.65567e-006 -1.86071e-005 9.24906e-010 0.923242 -0.418701 -0.000114919 
3.76724e-006 -1.86175e-005 9.07741e-010 0.946378 -0.3609 -0.000123359 
3.86803e-006 -1.86237e-005 8.91981e-010 0.965919 -0.301728 -0.00013133 
3.95779e-006 -1.86265e-005 8.77721e-010 0.981782 -0.241407 -0.000138802 
4.0363e-006 -1.86265e-005 8.65052e-010 0.993895 -0.180164 -0.000145743 
4.10339e-006 -1.86244e-005 8.54056e-010 1.0022 -0.118231 -0.000152126 
4.15893e-006 -1.8621e-005 8.44812e-010 1.00666 -0.055845 -0.000157925 
4.20285e-006 -1.8617e-005 8.37393e-010 1.00724 0.00675624 -0.000163115 
4.2351e-006 -1.8613e-005 8.31863e-010 1.00393 0.0693312 -0.000167676 
4.25568e-006 -1.86098e-005 8.28281e-010 0.996738 0.131638 -0.000171587 
4.26465e-006 -1.86081e-005 8.26698e-010 0.985672 0.193432 -0.000174832 
4.26211e-006 -1.86087e-005 8.27157e-010 0.970767 0.254474 -0.000177396 
4.24819e-006 -1.86123e-005 8.29694e-010 0.952071 0.314522 -0.000179268 
4.22309e-006 -1.86195e-005 8.34337e-010 0.929649 0.373338 -0.000180438 
4.18704e-006 -1.86312e-005 8.41104e-010 0.903577 0.430689 -0.000180899 
4.14033e-006 -1.86479e-005 8.50006e-010 0.87395 0.486344 -0.000180649 
4.08327e-006 -1.86704e-005 8.61046e-010 0.840876 0.540081 -0.000179686 
4.01623e-006 -1.86993e-005 8.74218e-010 0.804477 0.591683 -0.000178012 
3.93963e-006 -1.87352e-005 8.89506e-010 0.76489 0.64094 -0.000175633 
3.85392e-006 -1.87788e-005 9.06886e-010 0.722266 0.687651 -0.000172557 
3.75958e-006 -1.88306e-005 9.26327e-010 0.676769 0.731627 -0.000168794 
3.65714e-006 -1.88911e-005 9.47786e-010 0.628573 0.772685 -0.000164358 
3.54718e-006 -1.89608e-005 9.71214e-010 0.577868 0.810658 -0.000159266 
3.43027e-006 -1.90403e-005 9.96554e-010 0.524851 0.845389 -0.000153537 
3.30706e-006 -1.913e-005 1.02374e-009 0.469732 0.876733 -0.000147193 
3.17819e-006 -1.92302e-005 1.0527e-009 0.412729 0.904561 -0.000140259 
3.04435e-006 -1.93413e-005 1.08334e-009 0.35407 0.928758 -0.000132761 
2.90623e-006 -1.94635e-005 1.11559e-009 0.293987 0.949222 -0.00012473 
2.76457e-006 -1.95973e-005 1.14934e-009 0.232723 0.965868 -0.000116198 
2.62009e-006 -1.97427e-005 1.1845e-009 0.170521 0.978627 -0.000107197 
2.47355e-006 -1.98999e-005 1.22095e-009 0.107634 0.987447 -9.77657e-005 
2.3257e-006 -2.0069e-005 1.25858e-009 0.0443126 0.992291 -8.79402e-005 
2.17731e-006 -2.02502e-005 1.29728e-009 -0.0191869 0.993138 -7.77606e-005 
2.02916e-006 -2.04433e-005 1.33691e-009 -0.0826092 0.989987 -6.7268e-005 
1.88199e-006 -2.06484e-005 1.37736e-009 -0.145699 0.982851 -5.65045e-005 
1.73659e-006 -2.08653e-005 1.41849e-009 -0.208203 0.971761 -4.55138e-005 
1.59368e-006 -2.1094e-005 1.46017e-009 -0.269869 0.956764 -3.434e-005 
1.45403e-006 -2.13342e-005 1.50227e-009 -0.330452 0.937924 -2.30283e-005 
1.31835e-006 -2.15857e-005 1.54464e-009 -0.389708 0.91532 -1.16242e-005 
1.18736e-006 -2.18482e-005 1.58715e-009 -0.447403 0.889047 -1.73435e-007 
1.06173e-006 -2.21213e-005 1.62967e-009 -0.503307 0.859215 1.1278e-005 
9.42134e-007 -2.24048e-005 1.67205e-009 -0.557199 0.825949 2.26844e-005 
8.29204e-007 -2.26982e-005 1.71416e-009 -0.608868 0.789387 3.40003e-005 
7.23547e-007 -2.3001e-005 1.75587e-009 -0.658112 0.749681 4.51808e-005 
6.25735e-007 -2.33127e-005 1.79704e-009 -0.70474 0.706995 5.61817e-005 
5.36308e-007 -2.36329e-005 1.83754e-009 -0.748572 0.661504 6.69598e-005 
4.55768e-007 -2.39609e-005 1.87724e-009 -0.789442 0.613394 7.74728e-005 
3.84579e-007 -2.42962e-005 1.91603e-009 -0.827193 0.562862 8.76799e-005 
3.23165e-007 -2.46382e-005 1.95378e-009 -0.861685 0.510112 9.75415e-005 
2.7191e-007 -2.49861e-005 1.99039e-009 -0.89279 0.455356 0.00010702 
2.31153e-007 -2.53395e-005 2.02573e-009 -0.920396 0.398815 0.000116079 
2.01191e-007 -2.56975e-005 2.05971e-009 -0.944403 0.340715 0.000124683 
1.82277e-007 -2.60595e-005 2.09224e-009 -0.964726 0.281285 0.000132802 
1.74617e-007 -2.64248e-005 2.12322e-009 -0.981299 0.220762 0.000140404 
1.78373e-007 -2.67926e-005 2.15256e-009 -0.994065 0.159382 0.000147462 
1.93663e-007 -2.71623e-005 2.18019e-009 -1.00299 0.0973855 0.00015395 
2.20557e-007 -2.75332e-005 2.20604e-009 -1.00804 0.0350132 0.000159843 
2.59082e-007 -2.79044e-005 2.23005e-009 -1.00922 -0.027494 0.000165122 
3.09219e-007 -2.82754e-005 2.25216e-009 -1.00652 -0.089896 0.000169768 
3.70904e-007 -2.86453e-005 2.27232e-009 -0.999979 -0.151954 0.000173764 
4.44032e-007 -2.90135e-005 2.2905e-009 -0.989622 -0.213433 0.000177098 
5.28454e-007 -2.93792e-005 2.30665e-009 -0.9755 -0.274101 0.000179758 
6.23978e-007 -2.97419e-005 2.32075e-009 -0.957678 -0.333729 0.000181737 
7.30375e-007 -3.01007e-005 2.3328e-009 -0.936232 -0.392094 0.000183027 
8.47374e-007 -3.04551e-005 2.34277e-009 -0.911253 -0.44898 0.000183627 
9.74666e-007 -3.08045e-005 2.35067e-009 -0.882843 -0.504175 0.000183535 
1.11191e-006 -3.11481e-005 2.3565e-009 -0.851117 -0.557477 0.000182755 
1.25872e-006 -3.14855e-005 2.36027e-009 -0.816201 -0.60869 0.000181289 
1.41469e-006 -3.18161e-005 2.36201e-009 -0.778234 -0.657628 0.000179145 
1.57938e-006 -3.21393e-005 2.36175e-009 -0.737362 -0.704111 0.000176333 
1.7523e-006 -3.24547e-005 2.35952e-009 -0.693744 -0.747973 0.000172865 
1.93297e-006 -3.27617e-005 2.35535e-009 -0.647548 -0.789054 0.000168753 
2.12085e-006 -3.306e-005 2.34931e-009 -0.598948 -0.827207 0.000164016 
2.31538e-006 -3.3349e-005 2.34145e-009 -0.548129 -0.862295 0.000158671 
2.51601e-006 -3.36285e-005 2.33182e-009 -0.495281 -0.894193 0.000152738 
2.72213e-006 -3.3898e-005 2.3205e-009 -0.440603 -0.922787 0.000146241 
2.93313e-006 -3.41574e-005 2.30756e-009 -0.384299 -0.947974 0.000139205 
3.14839e-006 -3.44062e-005 2.29308e-009 -0.326578 -0.969665 0.000131655 
3.36726e-006 -3.46444e-005 2.27714e-009 -0.267653 -0.987784 0.00012362 
3.58909e-006 -3.48716e-005 2.25984e-009 -0.207742 -1.00227 0.000115129 
3.81322e-006 -3.50878e-005 2.24127e-009 -0.147067 -1.01306 0.000106215 
4.03898e-006 -3.52928e-005 2.22152e-009 -0.0858508 -1.02012 9.69103e-005 
4.26568e-006 -3.54865e-005 2.2007e-009 -0.0243186 -1.02343 8.72489e-005 
4.49266e-006 -3.56689e-005 2.17892e-009 0.037303 -1.02298 7.72665e-005 
4.71923e-006 -3.58401e-005 2.15629e-009 0.0987874 -1.01877 6.69998e-005 
4.94471e-006 -3.59999e-005 2.13291e-009 0.159908 -1.0108 5.64865e-005 
5.16843e-006 -3.61487e-005 2.10891e-009 0.22044 -0.999109 4.57652e-005 
5.38972e-006 -3.62863e-005 2.08441e-009 0.28016 -0.983738 3.48753e-005 
5.6079e-006 -3.64131e-005 2.05951e-009 0.338846 -0.964738 2.38567e-005 
5.82234e-006 -3.65292e-005 2.03436e-009 0.396281 -0.942177 1.27501e-005 
6.03239e-006 -3.66349e-005 2.00906e-009 0.452251 -0.916134 1.59631e-006 
6.23742e-006 -3.67304e-005 1.98374e-009 0.506547 -0.886699 -9.56334e-006 
6.43682e-006 -3.6816e-005 1.95853e-009 0.558966 -0.853979 -2.06875e-005 
6.62999e-006 -3.68921e-005 1.93355e-009 0.60931 -0.818088 -3.17349e-005 
6.81638e-006 -3.69591e-005 1.90892e-009 0.657388 -0.779156 -4.26642e-005 
6.99541e-006 -3.70173e-005 1.88477e-009 0.703017 -0.737321 -5.34346e-005 
7.16658e-006 -3.70673e-005 1.86121e-009 0.746021 -0.692733 -6.40055e-005 
7.32938e-006 -3.71096e-005 1.83838e-009 0.786235 -0.645555 -7.43369e-005 
7.48333e-006 -3.71445e-005 1.81638e-009 0.823501 -0.595956 -8.43896e-005 
7.62801e-006 -3.71728e-005 1.79533e-009 0.857672 -0.544118 -9.41252e-005 
7.76299e-006 -3.71949e-005 1.77534e-009 0.888613 -0.490231 -0.000103506 
7.88791e-006 -3.72114e-005 1.75653e-009 0.916199 -0.434493 -0.000112496 
8.00243e-006 -3.7223e-005 1.73899e-009 0.940316 -0.377111 -0.000121061 
8.10624e-006 -3.72304e-005 1.72283e-009 0.960865 -0.318297 -0.000129165 
8.19909e-006 -3.7234e-005 1.70814e-009 0.977756 -0.258273 -0.000136779 
8.28074e-006 -3.72348e-005 1.69502e-009 0.990916 -0.197263 -0.00014387 
8.35101e-006 -3.72332e-005 1.68356e-009 1.00028 -0.135498 -0.000150411 
8.40977e-006 -3.72301e-005 1.67382e-009 1.00582 -0.0732141 -0.000156374 
8.45692e-006 -3.72261e-005 1.66589e-009 1.00747 -0.0106483 -0.000161736 
8.49241e-006 -3.7222e-005 1.65982e-009 1.00525 0.0519582 -0.000166473 
8.51623e-006 -3.72185e-005 1.6557e-009 0.999129 0.114363 -0.000170567 
8.52842e-006 -3.72164e-005 1.65355e-009 0.989135 0.176325 -0.000173998 
8.52906e-006 -3.72163e-005 1.65344e-009 0.975291 0.2376 -0.000176753 
8.51828e-006 -3.7219e-005 1.6554e-009 0.957642 0.297947 -0.000178818 
8.49626e-006 -3.72251e-005 1.65945e-009 0.936247 0.357129 -0.000180183 
8.46323e-006 -3.72355e-005 1.66563e-009 0.91118 0.41491 -0.000180841 
8.41944e-006 -3.72507e-005 1.67394e-009 0.88253 0.471058 -0.000180789 
8.36522e-006 -3.72716e-005 1.68439e-009 0.850401 0.52535 -0.000180023 
8.30091e-006 -3.72986e-005 1.69697e-009 0.814911 0.577566 -0.000178547 
8.22693e-006 -3.73325e-005 1.71167e-009 0.776195 0.627494 -0.000176363 
8.14369e-006 -3.73739e-005 1.72847e-009 0.734399 0.674932 -0.000173479 
8.0517e-006 -3.74234e-005 1.74734e-009 0.689681 0.719685 -0.000169906 
7.95145e-006 -3.74814e-005 1.76825e-009 0.642217 0.761571 -0.000165655 
7.84352e-006 -3.75485e-005 1.79114e-009 0.592188 0.800417 -0.000160744 
7.72848e-006 -3.76253e-005 1.81595e-009 0.539793 0.836063 -0.000155189 
7.60695e-006 -3.77121e-005 1.84263e-009 0.485236 0.868361 -0.000149014 
7.47959e-006 -3.78093e-005 1.8711e-009 0.428734 0.897177 -0.000142241 
7.34706e-006 -3.79173e-005 1.90129e-009 0.370511 0.922392 -0.000134897 
7.21005e-006 -3.80365e-005 1.9331e-009 0.3108 0.943902 -0.000127011 
7.0693e-006 -3.8167e-005 1.96645e-009 0.249839 0.961615 -0.000118614 
6.92553e-006 -3.83091e-005 2.00122e-009 0.187872 0.97546 -0.00010974 
6.77948e-006 -3.84631e-005 2.03732e-009 0.12515 0.985378 -0.000100424 
6.63192e-006 -3.86289e-005 2.07464e-009 0.0619237 0.991328 -9.07042e-005 
6.48361e-006 -3.88067e-005 2.11305e-009 -0.0015519 0.993286 -8.06189e-005 
6.33531e-006 -3.89965e-005 2.15244e-009 -0.0650212 0.991244 -7.02089e-005 
6.1878e-006 -3.91983e-005 2.19268e-009 -0.128229 0.985212 -5.95163e-005 
6.04183e-006 -3.94119e-005 2.23363e-009 -0.19092 0.975215 -4.85843e-005 
5.89815e-006 -3.96373e-005 2.27517e-009 -0.252844 0.961297 -3.74568e-005 
5.75753e-006 -3.98744e-005 2.31717e-009 -0.313752 0.943516 -2.61789e-005 
5.62067e-006 -4.01227e-005 2.35948e-009 -0.373401 0.921948 -1.47958e-005 
5.48831e-006 -4.03822e-005 2.40197e-009 -0.431552 0.896683 -3.35339e-006 
5.36112e-006 -4.06525e-005 2.44449e-009 -0.487976 0.867827 8.10247e-006 
5.23979e-006 -4.09331e-005 2.48693e-009 -0.542448 0.835502 1.95259e-005 
5.12494e-006 -4.12238e-005 2.52913e-009 -0.594755 0.79984 3.08715e-005 
5.01721e-006 -4.1524e-005 2.57096e-009 -0.644692 0.760991 4.20941e-005 
4.91716e-006 -4.18333e-005 2.61229e-009 -0.692065 0.719115 5.31492e-005 
4.82536e-006 -4.21512e-005 2.65299e-009 -0.73669 0.674385 6.39934e-005 
4.7423e-006 -4.24771e-005 2.69293e-009 -0.778398 0.626983 7.45842e-005 
4.66847e-006 -4.28105e-005 2.73198e-009 -0.81703 0.577103 8.48802e-005 
4.60431e-006 -4.31506e-005 2.77003e-009 -0.85244 0.524947 9.48416e-005 
4.55019e-006 -4.3497e-005 2.80697e-009 -0.884498 0.470726 0.00010443 
4.50649e-006 -4.38489e-005 2.84267e-009 -0.913085 0.414659 0.000113609 
4.47351e-006 -4.42057e-005 2.87704e-009 -0.9381 0.356968 0.000122343 
4.4515e-006 -4.45666e-005 2.90998e-009 -0.959454 0.297884 0.0001306 
4.4407e-006 -4.49311e-005 2.9414e-009 -0.977073 0.237641 0.000138348 
4.44127e-006 -4.52983e-005 2.9712e-009 -0.990901 0.176475 0.00014556 
4.45335e-006 -4.56676e-005 2.99932e-009 -1.00089 0.114625 0.000152208 
4.47702e-006 -4.60382e-005 3.02567e-009 -1.00702 0.0523331 0.000158269 
4.51232e-006 -4.64094e-005 3.0502e-009 -1.00927 -0.0101608 0.00016372 
4.55923e-006 -4.67805e-005 3.07284e-009 -1.00765 -0.072616 0.000168544 
4.61772e-006 -4.71508e-005 3.09354e-009 -1.00218 -0.134793 0.000172722 
4.68769e-006 -4.75195e-005 3.11227e-009 -0.992873 -0.196457 0.000176241 
4.76899e-006 -4.7886e-005 3.12899e-009 -0.97979 -0.257373 0.000179089 
4.86145e-006 -4.82496e-005 3.14366e-009 -0.962988 -0.317312 0.000181257 
4.96486e-006 -4.86095e-005 3.15628e-009 -0.94254 -0.376049 0.000182739 
5.07894e-006 -4.89652e-005 3.16683e-009 -0.918531 -0.433367 0.000183531 
5.20341e-006 -4.9316e-005 3.1753e-009 -0.891063 -0.489053 0.000183631 
5.33793e-006 -4.96613e-005 3.18171e-009 -0.860245 -0.5429 0.000183041 
5.48212e-006 -5.00005e-005 3.18605e-009 -0.826202 -0.594713 0.000181765 
5.63559e-006 -5.03331e-005 3.18835e-009 -0.789067 -0.6443 0.000179809 
5.79791e-006 -5.06584e-005 3.18864e-009 -0.748986 -0.691482 0.000177181 
5.96859e-006 -5.0976e-005 3.18695e-009 -0.706114 -0.736088 0.000173894 
6.14716e-006 -5.12854e-005 3.18332e-009 -0.660616 -0.777956 0.000169959 
6.33309e-006 -5.15861e-005 3.17779e-009 -0.612665 -0.816936 0.000165394 
6.52584e-006 -5.18777e-005 3.17043e-009 -0.562443 -0.852888 0.000160215 
6.72483e-006 -5.21599e-005 3.16128e-009 -0.510139 -0.885684 0.000154443 
6.92949e-006 -5.24322e-005 3.15043e-009 -0.45595 -0.915205 0.000148101 
7.1392e-006 -5.26944e-005 3.13793e-009 -0.400076 -0.941347 0.000141212 
7.35334e-006 -5.29462e-005 3.12387e-009 -0.342727 -0.964017 0.000133801 
7.57127e-006 -5.31874e-005 3.10833e-009 -0.284114 -0.983135 0.000125898 
7.79235e-006 -5.34176e-005 3.09139e-009 -0.224455 -0.998632 0.000117531 
8.0159e-006 -5.36369e-005 3.07316e-009 -0.16397 -1.01045 0.000108731 
8.24128e-006 -5.3845e-005 3.05373e-009 -0.102882 -1.01856 9.95314e-005 
8.46779e-006 -5.40419e-005 3.0332e-009 -0.0414145 -1.02291 8.99655e-005 
8.69476e-006 -5.42274e-005 3.01168e-009 0.0202051 -1.0235 8.00686e-005 
8.92151e-006 -5.44017e-005 2.98927e-009 0.0817503 -1.02033 6.98771e-005 
9.14736e-006 -5.45647e-005 2.96609e-009 0.142995 -1.0134 5.94284e-005 
9.37164e-006 -5.47165e-005 2.94225e-009 0.203712 -1.00274 4.87609e-005 
9.59366e-006 -5.48572e-005 2.91787e-009 0.26368 -0.98839 3.79138e-005 
9.81278e-006 -5.4987e-005 2.89308e-009 0.322675 -0.970392 2.69269e-005 
1.00283e-005 -5.51061e-005 2.86798e-009 0.380479 -0.948812 1.58406e-005 
1.02397e-005 -5.52146e-005 2.84271e-009 0.436877 -0.923726 4.6958e-006 
1.04461e-005 -5.53129e-005 2.81738e-009 0.491658 -0.895223 -6.46636e-006 
1.06472e-005 -5.54012e-005 2.79213e-009 0.544619 -0.863404 -1.76045e-005 
1.08421e-005 -5.54799e-005 2.76707e-009 0.595558 -0.828381 -2.86774e-005 
1.10304e-005 -5.55494e-005 2.74233e-009 0.644283 -0.790279 -3.96436e-005 
1.12116e-005 -5.561e-005 2.71804e-009 0.69061 -0.749235 -5.04622e-005 
1.1385e-005 -5.56623e-005 2.69431e-009 0.73436 -0.705396 -6.10924e-005 
1.15501e-005 -5.57066e-005 2.67126e-009 0.775364 -0.65892 -7.14943e-005 
1.17066e-005 -5.57435e-005 2.64901e-009 0.813464 -0.609976 -8.16283e-005 
1.18539e-005 -5.57736e-005 2.62769e-009 0.848509 -0.558741 -9.14557e-005 
1.19916e-005 -5.57974e-005 2.6074e-009 0.88036 -0.505403 -0.000100939 
1.21194e-005 -5.58154e-005 2.58824e-009 0.908889 -0.450159 -0.000110041 
1.22368e-005 -5.58283e-005 2.57034e-009 0.933979 -0.393212 -0.000118727 
1.23436e-005 -5.58367e-005 2.55379e-009 0.955528 -0.334774 -0.000126963 
1.24395e-005 -5.58414e-005 2.53869e-009 0.973442 -0.275063 -0.000134715 
1.25243e-005 -5.58428e-005 2.52512e-009 0.987645 -0.214304 -0.000141955 
1.25977e-005 -5.58418e-005 2.51319e-009 0.998072 -0.152725 -0.000148651 
1.26597e-005 -5.58391e-005 2.50296e-009 1.00467 -0.0905614 -0.000154777 
