3.22151e-008 1.79061e-009 -8.0241e-010 0.970297 0.256165 -0.000177459 -5.43222 -0.401534 0.123154 
1.75448e-007 9.69127e-009 -4.36932e-009 0.951498 0.316181 -0.000179313 -5.43044 -0.427697 0.123223 
4.33412e-007 2.37947e-008 -1.07911e-008 0.928974 0.37496 -0.000180467 -5.42852 -0.453849 0.123289 
8.06283e-007 4.40042e-008 -2.0069e-008 0.902803 0.432267 -0.000180915 -5.42648 -0.47999 0.123352 
1.29428e-006 7.02367e-008 -3.2204e-008 0.87308 0.487873 -0.000180652 -5.4243 -0.506119 0.123412 
1.89767e-006 1.02426e-007 -4.71973e-008 0.839913 0.541554 -0.000179679 -5.42199 -0.532235 0.123469 
2.61675e-006 1.40526e-007 -6.50499e-008 0.803424 0.593094 -0.000177997 -5.41955 -0.558339 0.123523 
3.45186e-006 1.84514e-007 -8.57627e-008 0.763752 0.642283 -0.000175612 -5.41697 -0.584429 0.123574 
4.40339e-006 2.3439e-007 -1.09337e-007 0.721048 0.688922 -0.000172532 -5.41426 -0.610505 0.123622 
5.47175e-006 2.90187e-007 -1.35773e-007 0.675474 0.732819 -0.000168767 -5.41142 -0.636566 0.123667 
6.65739e-006 3.51966e-007 -1.65072e-007 0.627207 0.773795 -0.000164332 -5.40845 -0.662612 0.123708 
7.9608e-006 4.19822e-007 -1.97235e-007 0.576436 0.81168 -0.000159244 -5.40535 -0.688641 0.123747 
9.38249e-006 4.93889e-007 -2.32262e-007 0.52336 0.84632 -0.000153521 -5.40211 -0.714654 0.123783 
1.0923e-005 5.74337e-007 -2.70154e-007 0.468187 0.877569 -0.000147187 -5.39875 -0.740649 0.123816 
1.25829e-005 6.61378e-007 -3.10911e-007 0.411137 0.905298 -0.000140265 -5.39525 -0.766626 0.123846 
1.43628e-005 7.55265e-007 -3.54536e-007 0.352436 0.929393 -0.000132783 -5.39162 -0.792585 0.123873 
1.62633e-005 8.56299e-007 -4.01026e-007 0.292319 0.949753 -0.000124772 -5.38786 -0.818524 0.123896 
1.8285e-005 9.64825e-007 -4.50384e-007 0.231027 0.966293 -0.000116262 -5.38396 -0.844443 0.123917 
2.04286e-005 1.08123e-006 -5.0261e-007 0.168805 0.978945 -0.000107289 -5.37994 -0.870341 0.123935 
2.26947e-005 1.20597e-006 -5.57704e-007 0.105904 0.987655 -9.78877e-005 -5.37579 -0.896219 0.123949 
2.50839e-005 1.33951e-006 -6.15666e-007 0.0425769 0.992389 -8.80972e-005 -5.3715 -0.922074 0.123961 
2.7597e-005 1.48241e-006 -6.76496e-007 -0.0209218 0.993126 -7.79569e-005 -5.36708 -0.947907 0.12397 
3.02346e-005 1.63526e-006 -7.40195e-007 -0.084336 0.989865 -6.7508e-005 -5.36253 -0.973717 0.123975 
3.29973e-005 1.79869e-006 -8.06763e-007 -0.147411 0.98262 -5.67929e-005 -5.35786 -0.999503 0.123978 
3.58858e-005 1.97339e-006 -8.76201e-007 -0.209892 0.971422 -4.58553e-005 -5.35305 -1.02527 0.123978 
3.89007e-005 2.16009e-006 -9.48507e-007 -0.271529 0.956318 -3.47397e-005 -5.34811 -1.051 0.123974 
4.20427e-005 2.3596e-006 -1.02368e-006 -0.332075 0.937373 -2.34911e-005 -5.34304 -1.07671 0.123968 
4.53123e-005 2.57274e-006 -1.10173e-006 -0.391289 0.914667 -1.21553e-005 -5.33784 -1.1024 0.123958 
4.87102e-005 2.80039e-006 -1.18264e-006 -0.448934 0.888295 -7.7832e-007 -5.33251 -1.12806 0.123946 
5.22369e-005 3.04347e-006 -1.26642e-006 -0.504782 0.858368 1.05939e-005 -5.32705 -1.15369 0.12393 
5.58929e-005 3.30296e-006 -1.35307e-006 -0.558612 0.82501 2.19156e-005 -5.32146 -1.17929 0.123912 
5.96788e-005 3.57986e-006 -1.44259e-006 -0.610214 0.788361 3.3141e-005 -5.31574 -1.20486 0.12389 
6.35949e-005 3.87522e-006 -1.53497e-006 -0.659384 0.748571 4.42252e-005 -5.30989 -1.23041 0.123866 
6.76418e-005 4.19012e-006 -1.63022e-006 -0.705934 0.705807 5.5124e-005 -5.30391 -1.25592 0.123838 
7.18199e-005 4.52568e-006 -1.72834e-006 -0.749682 0.660242 6.57939e-005 -5.29781 -1.28141 0.123808 
7.61294e-005 4.88304e-006 -1.82933e-006 -0.790464 0.612065 7.61928e-005 -5.29157 -1.30686 0.123774 
8.05708e-005 5.2634e-006 -1.93318e-006 -0.828123 0.56147 8.62796e-005 -5.28521 -1.33228 0.123737 
8.51443e-005 5.66794e-006 -2.03989e-006 -0.862519 0.508663 9.60148e-005 -5.27871 -1.35767 0.123698 
8.98501e-005 6.09791e-006 -2.14947e-006 -0.893525 0.453857 0.00010536 -5.27209 -1.38302 0.123655 
9.46884e-005 6.55453e-006 -2.26191e-006 -0.921028 0.397272 0.00011428 -5.26534 -1.40835 0.123609 
9.96594e-005 7.03909e-006 -2.37721e-006 -0.94493 0.339134 0.00012274 -5.25846 -1.43363 0.123561 
0.000104763 7.55285e-006 -2.49538e-006 -0.965147 0.279674 0.000130708 -5.25145 -1.45889 0.123509 
0.00011 8.09711e-006 -2.6164e-006 -0.98161 0.219126 0.000138153 -5.24432 -1.4841 0.123454 
0.000115369 8.67316e-006 -2.74029e-006 -0.994267 0.157729 0.000145047 -5.23705 -1.50928 0.123397 
0.000120871 9.28231e-006 -2.86703e-006 -1.00308 0.095721 0.000151365 -5.22966 -1.53443 0.123336 
0.000126506 9.92586e-006 -2.99663e-006 -1.00802 0.0333443 0.000157083 -5.22214 -1.55953 0.123272 
0.000132273 1.06051e-005 -3.12909e-006 -1.00909 -0.0291606 0.00016218 -5.2145 -1.5846 0.123206 
0.000138173 1.13214e-005 -3.26439e-006 -1.00628 -0.0915538 0.000166639 -5.20673 -1.60963 0.123136 
0.000144205 1.2076e-005 -3.40256e-006 -0.999627 -0.153597 0.000170443 -5.19883 -1.63462 0.123063 
0.000150368 1.28702e-005 -3.54357e-006 -0.989161 -0.215054 0.000173578 -5.1908 -1.65957 0.122987 
0.000156663 1.37052e-005 -3.68743e-006 -0.974932 -0.275693 0.000176035 -5.18265 -1.68449 0.122909 
0.000163089 1.45824e-005 -3.83414e-006 -0.957004 -0.335287 0.000177804 -5.17437 -1.70935 0.122827 
0.000169646 1.5503e-005 -3.9837e-006 -0.935455 -0.393612 0.000178882 -5.16597 -1.73418 0.122742 
0.000176333 1.64682e-005 -4.1361e-006 -0.910375 -0.450452 0.000179264 -5.15743 -1.75897 0.122655 
0.00018315 1.74791e-005 -4.29134e-006 -0.881867 -0.505596 0.00017895 -5.14878 -1.78371 0.122564 
0.000190096 1.85371e-005 -4.44943e-006 -0.850047 -0.558842 0.000177943 -5.14 -1.80841 0.12247 
0.00019717 1.96433e-005 -4.61035e-006 -0.81504 -0.609993 0.000176247 -5.13109 -1.83306 0.122374 
0.000204373 2.07988e-005 -4.77411e-006 -0.776985 -0.658864 0.000173871 -5.12206 -1.85767 0.122274 
0.000211703 2.20046e-005 -4.94071e-006 -0.736031 -0.705276 0.000170822 -5.1129 -1.88224 0.122171 
0.00021916 2.3262e-005 -5.11014e-006 -0.692334 -0.749062 0.000167114 -5.10362 -1.90676 0.122066 
0.000226742 2.45719e-005 -5.2824e-006 -0.646063 -0.790063 0.000162762 -5.09421 -1.93123 0.121957 
0.00023445 2.59353e-005 -5.45748e-006 -0.597393 -0.828133 0.000157781 -5.08468 -1.95566 0.121845 
0.000242283 2.73533e-005 -5.6354e-006 -0.546509 -0.863134 0.00015219 -5.07502 -1.98003 0.121731 
0.000250239 2.88267e-005 -5.81613e-006 -0.493601 -0.894941 0.000146011 -5.06524 -2.00436 0.121613 
0.000258318 3.03565e-005 -5.99969e-006 -0.438869 -0.923442 0.000139267 -5.05534 -2.02864 0.121493 
0.000266519 3.19436e-005 -6.18607e-006 -0.382515 -0.948533 0.000131982 -5.04532 -2.05288 0.12137 
0.000274841 3.35887e-005 -6.37526e-006 -0.32475 -0.970127 0.000124183 -5.03517 -2.07706 0.121243 
0.000283284 3.52928e-005 -6.56726e-006 -0.265787 -0.988146 0.0001159 -5.0249 -2.10119 0.121114 
0.000291846 3.70564e-005 -6.76208e-006 -0.205844 -1.00253 0.000107161 -5.0145 -2.12527 0.120981 
0.000300527 3.88805e-005 -6.9597e-006 -0.145142 -1.01322 9.79999e-005 -5.00398 -2.14929 0.120846 
0.000309325 4.07656e-005 -7.16013e-006 -0.0839048 -1.02018 8.84486e-005 -4.99334 -2.17327 0.120708 
0.00031824 4.27123e-005 -7.36336e-006 -0.0223576 -1.02339 7.8542e-005 -4.98258 -2.19719 0.120567 
0.000327272 4.47214e-005 -7.56938e-006 0.0392732 -1.02283 6.83159e-005 -4.9717 -2.22106 0.120423 
0.000336418 4.67932e-005 -7.77821e-006 0.100761 -1.01851 5.78072e-005 -4.9607 -2.24487 0.120276 
0.000345678 4.89285e-005 -7.98982e-006 0.161879 -1.01044 4.7054e-005 -4.94957 -2.26863 0.120126 
0.000355051 5.11275e-005 -8.20423e-006 0.222402 -0.998644 3.60949e-005 -4.93832 -2.29233 0.119973 
0.000364537 5.33909e-005 -8.42142e-006 0.282107 -0.983171 2.49696e-005 -4.92696 -2.31598 0.119817 
0.000374133 5.57189e-005 -8.6414e-006 0.340773 -0.964071 1.37182e-005 -4.91547 -2.33957 0.119658 
0.000383841 5.81119e-005 -8.86415e-006 0.398182 -0.941411 2.38152e-006 -4.90386 -2.3631 0.119496 
0.000393657 6.05702e-005 -9.08968e-006 0.45412 -0.915271 -8.99947e-006 -4.89213 -2.38658 0.119332 
0.000403583 6.30941e-005 -9.31799e-006 0.50838 -0.885743 -2.03834e-005 -4.88029 -2.41 0.119164 
0.000413616 6.56839e-005 -9.54906e-006 0.560756 -0.852932 -3.17289e-005 -4.86832 -2.43335 0.118994 
0.000423756 6.83398e-005 -9.7829e-006 0.611052 -0.816954 -4.29945e-005 -4.85623 -2.45665 0.11882 
0.000434002 7.10619e-005 -1.00195e-005 0.659077 -0.777937 -5.41389e-005 -4.84403 -2.47989 0.118644 
0.000444353 7.38503e-005 -1.02589e-005 0.704648 -0.736021 -6.51213e-005 -4.83171 -2.50307 0.118465 
0.000454809 7.67052e-005 -1.0501e-005 0.74759 -0.691357 -7.59011e-005 -4.81926 -2.52619 0.118283 
0.000465369 7.96266e-005 -1.07458e-005 0.787737 -0.644106 -8.64385e-005 -4.8067 -2.54924 0.118098 
0.000476031 8.26146e-005 -1.09934e-005 0.824932 -0.594441 -9.66941e-005 -4.79403 -2.57223 0.11791 
0.000486796 8.56691e-005 -1.12438e-005 0.859029 -0.542541 -0.00010663 -4.78123 -2.59516 0.117719 
0.000497663 8.87901e-005 -1.14969e-005 0.889892 -0.488596 -0.000116208 -4.76832 -2.61803 0.117525 
0.00050863 9.19776e-005 -1.17527e-005 0.917397 -0.432807 -0.000125393 -4.75529 -2.64083 0.117329 
0.000519698 9.52315e-005 -1.20113e-005 0.94143 -0.375379 -0.00013415 -4.74215 -2.66357 0.117129 
0.000530865 9.85517e-005 -1.22726e-005 0.961891 -0.316525 -0.000142445 -4.72889 -2.68624 0.116927 
0.000542132 0.000101938 -1.25366e-005 0.978693 -0.256466 -0.000150246 -4.71551 -2.70885 0.116722 
0.000553497 0.000105391 -1.28033e-005 0.991763 -0.195429 -0.000157524 -4.70201 -2.73139 0.116514 
0.00056496 0.000108909 -1.30727e-005 1.00104 -0.133643 -0.000164249 -4.68841 -2.75386 0.116303 
0.000576522 0.000112493 -1.33449e-005 1.00648 -0.0713435 -0.000170397 -4.67468 -2.77626 0.116089 
0.00058818 0.000116143 -1.36197e-005 1.00804 -0.00876937 -0.000175941 -4.66084 -2.7986 0.115873 
0.000599936 0.000119858 -1.38973e-005 1.00572 0.053839 -0.000180861 -4.64689 -2.82087 0.115653 
0.000611788 0.000123638 -1.41775e-005 0.999508 0.116239 -0.000185136 -4.63283 -2.84307 0.115431 
0.000623737 0.000127483 -1.44605e-005 0.989419 0.178189 -0.00018875 -4.61864 -2.86519 0.115206 
0.000635782 0.000131393 -1.47461e-005 0.975484 0.239446 -0.000191687 -4.60435 -2.88725 0.114978 
0.000647923 0.000135367 -1.50344e-005 0.957744 0.299769 -0.000193935 -4.58994 -2.90924 0.114747 
0.00066016 0.000139406 -1.53254e-005 0.93626 0.358919 -0.000195485 -4.57542 -2.93116 0.114514 
0.000672493 0.000143509 -1.5619e-005 0.911106 0.416662 -0.00019633 -4.56079 -2.953 0.114277 
0.000684922 0.000147677 -1.59154e-005 0.882372 0.472767 -0.000196466 -4.54605 -2.97477 0.114038 
0.000697447 0.000151908 -1.62143e-005 0.850163 0.527009 -0.000195892 -4.53119 -2.99647 0.113796 
0.000710067 0.000156203 -1.6516e-005 0.814597 0.579169 -0.000194609 -4.51622 -3.0181 0.113551 
0.000722783 0.000160561 -1.68203e-005 0.775807 0.629036 -0.000192623 -4.50114 -3.03965 0.113304 
0.000735596 0.000164984 -1.71272e-005 0.733942 0.676407 -0.000189941 -4.48595 -3.06112 0.113053 
0.000748504 0.000169469 -1.74368e-005 0.689161 0.721089 -0.000186573 -4.47065 -3.08252 0.1128 
0.000761509 0.000174019 -1.7749e-005 0.641637 0.762898 -0.000182532 -4.45524 -3.10385 0.112544 
0.000774611 0.000178631 -1.80639e-005 0.591556 0.801663 -0.000177836 -4.43972 -3.12509 0.112286 
0.000787809 0.000183308 -1.83814e-005 0.539112 0.837224 -0.000172502 -4.42409 -3.14626 0.112024 
0.000801105 0.000188047 -1.87015e-005 0.484513 0.869433 -0.000166553 -4.40835 -3.16736 0.11176 
0.000814498 0.000192851 -1.90242e-005 0.427975 0.898157 -0.000160013 -4.39251 -3.18837 0.111493 
0.000827989 0.000197719 -1.93496e-005 0.369723 0.923278 -0.000152909 -4.37655 -3.20931 0.111223 
0.000841578 0.00020265 -1.96775e-005 0.309989 0.944689 -0.00014527 -4.36049 -3.23017 0.110951 
0.000855265 0.000207646 -2.0008e-005 0.249012 0.962304 -0.000137127 -4.34432 -3.25094 0.110675 
0.000869051 0.000212707 -2.03412e-005 0.187036 0.976047 -0.000128515 -4.32804 -3.27164 0.110397 
0.000882937 0.000217833 -2.06769e-005 0.124311 0.985862 -0.00011947 -4.31165 -3.29226 0.110117 
0.000896922 0.000223024 -2.10152e-005 0.0610897 0.991709 -0.000110028 -4.29516 -3.31279 0.109833 
0.000911008 0.00022828 -2.13561e-005 -0.00237426 0.993564 -0.00010023 -4.27856 -3.33325 0.109547 
0.000925194 0.000233603 -2.16995e-005 -0.0658249 0.991419 -9.01156e-005 -4.26186 -3.35362 0.109258 
0.000939481 0.000238993 -2.20456e-005 -0.129007 0.985285 -7.9728e-005 -4.24505 -3.3739 0.108967 
0.000953869 0.00024445 -2.23942e-005 -0.191666 0.975187 -6.91103e-005 -4.22813 -3.39411 0.108673 
0.000968359 0.000249976 -2.27453e-005 -0.25355 0.961169 -5.83066e-005 -4.21111 -3.41423 0.108376 
0.000982951 0.000255569 -2.3099e-005 -0.314412 0.943291 -4.73621e-005 -4.19399 -3.43427 0.108076 
0.000997646 0.000261233 -2.34552e-005 -0.374008 0.921627 -3.63222e-005 -4.17676 -3.45422 0.107774 
0.00101244 0.000266966 -2.3814e-005 -0.432101 0.89627 -2.52328e-005 -4.15943 -3.47408 0.107469 
0.00102734 0.000272771 -2.41753e-005 -0.488459 0.867325 -1.41398e-005 -4.142 -3.49386 0.107161 
0.00104235 0.000278647 -2.45391e-005 -0.54286 0.834913 -3.08917e-006 -4.12446 -3.51355 0.106851 
0.00105746 0.000284596 -2.49054e-005 -0.59509 0.799171 7.87364e-006 -4.10682 -3.53316 0.106538 
0.00107267 0.000290619 -2.52743e-005 -0.644945 0.760245 1.87035e-005 -4.08908 -3.55268 0.106222 
0.00108798 0.000296717 -2.56456e-005 -0.692231 0.718296 2.93562e-005 -4.07124 -3.57211 0.105904 
0.0011034 0.00030289 -2.60195e-005 -0.736764 0.673498 3.97881e-005 -4.0533 -3.59145 0.105583 
0.00111893 0.00030914 -2.63958e-005 -0.778375 0.626034 4.99569e-005 -4.03525 -3.6107 0.10526 
0.00113456 0.000315468 -2.67746e-005 -0.816907 0.576097 5.98214e-005 -4.01711 -3.62986 0.104934 
0.00115029 0.000321874 -2.71559e-005 -0.852213 0.52389 6.93418e-005 -3.99887 -3.64893 0.104605 
0.00116613 0.000328361 -2.75397e-005 -0.884163 0.469625 7.848e-005 -3.98052 -3.66792 0.104274 
0.00118207 0.000334928 -2.7926e-005 -0.91264 0.413518 8.71995e-005 -3.96208 -3.68681 0.10394 
0.00119812 0.000341578 -2.83147e-005 -0.937542 0.355795 9.54657e-005 -3.94354 -3.7056 0.103604 
0.00121427 0.000348312 -2.87058e-005 -0.95878 0.296685 0.000103246 -3.9249 -3.72431 0.103265 
0.00123052 0.00035513 -2.90994e-005 -0.976283 0.236421 0.000110509 -3.90616 -3.74292 0.102923 
0.00124688 0.000362034 -2.94954e-005 -0.989992 0.175242 0.000117228 -3.88733 -3.76144 0.102579 
0.00126334 0.000369024 -2.98939e-005 -0.999865 0.113386 0.000123376 -3.8684 -3.77987 0.102232 
0.00127991 0.000376104 -3.02948e-005 -1.00587 0.0510933 0.000128928 -3.84937 -3.7982 0.101883 
0.00129658 0.000383272 -3.06981e-005 -1.00801 -0.0113943 0.000133865 -3.83025 -3.81644 0.101531 
0.00131335 0.000390531 -3.11038e-005 -1.00627 -0.0738366 0.000138166 -3.81103 -3.83458 0.101177 
0.00133022 0.000397882 -3.15119e-005 -1.00067 -0.135995 0.000141816 -3.79172 -3.85263 0.10082 
0.00134719 0.000405325 -3.19224e-005 -0.991251 -0.197632 0.0001448 -3.77231 -3.87058 0.10046 
0.00136427 0.000412863 -3.23353e-005 -0.978052 -0.258516 0.000147108 -3.7528 -3.88844 0.100098 
0.00138144 0.000420496 -3.27506e-005 -0.961136 -0.318417 0.000148731 -3.73321 -3.90619 0.099734 
0.00139872 0.000428226 -3.31682e-005 -0.940575 -0.377111 0.000149663 -3.71352 -3.92385 0.0993671 
0.00141609 0.000436052 -3.35882e-005 -0.916457 -0.434379 0.000149901 -3.69373 -3.94141 0.0989977 
0.00143357 0.000443978 -3.40106e-005 -0.888882 -0.490009 0.000149443 -3.67386 -3.95887 0.0986258 
0.00145114 0.000452003 -3.44353e-005 -0.85796 -0.543796 0.000148291 -3.65389 -3.97624 0.0982515 
0.0014688 0.000460129 -3.48624e-005 -0.823816 -0.595543 0.00014645 -3.63383 -3.9935 0.0978747 
0.00148656 0.000468357 -3.52917e-005 -0.786585 -0.645059 0.000143927 -3.61368 -4.01066 0.0974954 
0.00150442 0.000476687 -3.57235e-005 -0.746411 -0.692166 0.00014073 -3.59344 -4.02773 0.0971138 
0.00152237 0.000485121 -3.61575e-005 -0.703451 -0.736692 0.000136872 -3.57311 -4.04469 0.0967296 
0.00154041 0.000493659 -3.65938e-005 -0.657868 -0.778476 0.000132365 -3.55269 -4.06155 0.0963431 
0.00155855 0.000502304 -3.70324e-005 -0.609838 -0.817368 0.000127227 -3.53218 -4.07831 0.0959541 
0.00157678 0.000511054 -3.74734e-005 -0.559541 -0.853229 0.000121476 -3.51158 -4.09497 0.0955627 
0.00159509 0.000519912 -3.79166e-005 -0.507167 -0.885929 0.000115133 -3.49089 -4.11152 0.0951689 
0.0016135 0.000528877 -3.8362e-005 -0.452912 -0.915353 0.000108219 -3.47012 -4.12797 0.0947728 
0.00163199 0.000537952 -3.88098e-005 -0.396979 -0.941394 0.00010076 -3.44926 -4.14432 0.0943742 
0.00165058 0.000547136 -3.92598e-005 -0.339575 -0.963962 9.27821e-005 -3.42831 -4.16056 0.0939733 
0.00166924 0.00055643 -3.9712e-005 -0.280914 -0.982974 8.43136e-005 -3.40727 -4.17669 0.09357 
0.00168799 0.000565835 -4.01665e-005 -0.221211 -0.998365 7.53844e-005 -3.38615 -4.19273 0.0931643 
0.00170683 0.000575351 -4.06233e-005 -0.160688 -1.01008 6.6026e-005 -3.36495 -4.20865 0.0927563 
0.00172575 0.000584979 -4.10822e-005 -0.0995677 -1.01807 5.62713e-005 -3.34366 -4.22447 0.092346 
0.00174474 0.000594719 -4.15434e-005 -0.0380743 -1.02232 4.61549e-005 -3.32228 -4.24019 0.0919333 
0.00176382 0.000604573 -4.20067e-005 0.0235658 -1.0228 3.57122e-005 -3.30082 -4.25579 0.0915183 
0.00178298 0.00061454 -4.24723e-005 0.0851258 -1.01952 2.49802e-005 -3.27928 -4.27129 0.091101 
0.00180222 0.00062462 -4.294e-005 0.146379 -1.01248 1.39965e-005 -3.25765 -4.28669 0.0906814 
0.00182153 0.000634815 -4.341e-005 0.2071 -1.00171 2.79995e-006 -3.23595 -4.30197 0.0902595 
0.00184092 0.000645124 -4.38821e-005 0.267065 -0.987247 -8.57001e-006 -3.21416 -4.31714 0.0898353 
0.00186038 0.000655547 -4.43563e-005 0.326052 -0.969141 -2.00732e-005 -3.19229 -4.33221 0.0894089 
0.00187991 0.000666086 -4.48327e-005 0.383842 -0.947455 -3.1669e-005 -3.17034 -4.34716 0.0889801 
0.00189952 0.000676739 -4.53113e-005 0.44022 -0.922266 -4.33162e-005 -3.1483 -4.36201 0.0885492 
0.0019192 0.000687508 -4.57919e-005 0.494977 -0.893661 -5.49734e-005 -3.12619 -4.37675 0.088116 
0.00193895 0.000698392 -4.62747e-005 0.547907 -0.861743 -6.65993e-005 -3.104 -4.39137 0.0876805 
0.00195876 0.000709392 -4.67596e-005 0.598811 -0.826624 -7.81523e-005 -3.08173 -4.40588 0.0872428 
0.00197865 0.000720507 -4.72467e-005 0.647496 -0.788429 -8.95909e-005 -3.05938 -4.42028 0.086803 
0.0019986 0.000731737 -4.77358e-005 0.693778 -0.747296 -0.000100874 -3.03696 -4.43457 0.0863609 
0.00201861 0.000743083 -4.8227e-005 0.737478 -0.703371 -0.000111961 -3.01446 -4.44875 0.0859166 
0.00203869 0.000754544 -4.87202e-005 0.778428 -0.656813 -0.000122813 -2.99188 -4.46281 0.0854701 
0.00205884 0.00076612 -4.92156e-005 0.816469 -0.607792 -0.000133388 -2.96922 -4.47676 0.0850215 
0.00207905 0.000777811 -4.97129e-005 0.851451 -0.556484 -0.00014365 -2.94649 -4.4906 0.0845707 
0.00209931 0.000789617 -5.02124e-005 0.883236 -0.503079 -0.000153559 -2.92368 -4.50432 0.0841177 
0.00211964 0.000801537 -5.07138e-005 0.911695 -0.447772 -0.000163081 -2.9008 -4.51793 0.0836626 
0.00214003 0.000813573 -5.12173e-005 0.936714 -0.390769 -0.000172179 -2.87785 -4.53142 0.0832054 
0.00216048 0.000825722 -5.17228e-005 0.958187 -0.332279 -0.00018082 -2.85482 -4.5448 0.082746 
0.00218099 0.000837985 -5.22303e-005 0.976024 -0.272523 -0.000188972 -2.83172 -4.55806 0.0822846 
0.00220155 0.000850362 -5.27398e-005 0.990147 -0.211725 -0.000196604 -2.80855 -4.5712 0.081821 
0.00222217 0.000862852 -5.32513e-005 1.00049 -0.150113 -0.000203688 -2.7853 -4.58423 0.0813554 
0.00224285 0.000875455 -5.37648e-005 1.00701 -0.0879224 -0.000210196 -2.76199 -4.59714 0.0808876 
0.00226359 0.000888171 -5.42802e-005 1.00966 -0.0253905 -0.000216104 -2.7386 -4.60993 0.0804178 
0.00228437 0.000900999 -5.47976e-005 1.00843 0.0372428 -0.000221389 -2.71514 -4.62261 0.0799459 
0.00230522 0.000913939 -5.53169e-005 1.00331 0.0997355 -0.000226032 -2.69162 -4.63516 0.079472 
0.00232611 0.000926991 -5.58381e-005 0.994303 0.161845 -0.000230014 -2.66802 -4.6476 0.0789961 
0.00234706 0.000940154 -5.63613e-005 0.981441 0.223329 -0.00023332 -2.64436 -4.65992 0.0785181 
0.00236806 0.000953428 -5.68864e-005 0.964762 0.283945 -0.000235937 -2.62063 -4.67212 0.0780381 
0.00238912 0.000966812 -5.74134e-005 0.94432 0.343455 -0.000237856 -2.59683 -4.6842 0.0775562 
0.00241023 0.000980307 -5.79423e-005 0.920187 0.401623 -0.000239068 -2.57296 -4.69616 0.0770722 
0.00243139 0.000993911 -5.8473e-005 0.892446 0.458216 -0.00023957 -2.54903 -4.708 0.0765862 
0.0024526 0.00100763 -5.90056e-005 0.8612 0.513008 -0.00023936 -2.52503 -4.71972 0.0760983 
0.00247386 0.00102145 -5.95401e-005 0.826562 0.565778 -0.000238439 -2.50097 -4.73131 0.0756084 
0.00249517 0.00103538 -6.00764e-005 0.788663 0.616313 -0.000236811 -2.47685 -4.74279 0.0751166 
0.00251654 0.00104942 -6.06146e-005 0.747645 0.664407 -0.000234483 -2.45265 -4.75414 0.0746228 
0.00253796 0.00106357 -6.11546e-005 0.703666 0.709864 -0.000231465 -2.4284 -4.76537 0.0741271 
0.00255942 0.00107783 -6.16964e-005 0.656895 0.752499 -0.00022777 -2.40409 -4.77648 0.0736295 
0.00258094 0.00109219 -6.224e-005 0.607513 0.792136 -0.000223413 -2.37971 -4.78746 0.07313 
0.00260251 0.00110667 -6.27854e-005 0.555715 0.828612 -0.000218414 -2.35527 -4.79832 0.0726286 
0.00262413 0.00112125 -6.33326e-005 0.501702 0.861776 -0.000212792 -2.33077 -4.80906 0.0721254 
0.00264581 0.00113594 -6.38815e-005 0.44569 0.891491 -0.000206573 -2.30621 -4.81967 0.0716202 
0.00266753 0.00115073 -6.44322e-005 0.3879 0.917634 -0.000199783 -2.28159 -4.83016 0.0711133 
0.00268931 0.00116564 -6.49847e-005 0.328562 0.940096 -0.00019245 -2.25691 -4.84052 0.0706044 
0.00271113 0.00118065 -6.55389e-005 0.267915 0.958783 -0.000184605 -2.23217 -4.85076 0.0700938 
0.00273301 0.00119577 -6.60948e-005 0.206201 0.973619 -0.000176283 -2.20737 -4.86087 0.0695813 
0.00275494 0.00121099 -6.66524e-005 0.143669 0.98454 -0.000167518 -2.18252 -4.87086 0.0690671 
0.00277692 0.00122633 -6.72117e-005 0.0805687 0.991504 -0.000158348 -2.15761 -4.88072 0.068551 
0.00279896 0.00124177 -6.77727e-005 0.0171556 0.994479 -0.000148812 -2.13264 -4.89045 0.0680331 
0.00282105 0.00125733 -6.83354e-005 -0.0463154 0.993456 -0.000138951 -2.10762 -4.90006 0.0675135 
0.00284319 0.00127299 -6.88998e-005 -0.109589 0.988439 -0.000128807 -2.08255 -4.90954 0.0669922 
0.00286538 0.00128876 -6.94658e-005 -0.172409 0.97945 -0.000118423 -2.05742 -4.91889 0.0664691 
0.00288762 0.00130464 -7.00335e-005 -0.234525 0.966527 -0.000107843 -2.03223 -4.92811 0.0659442 
0.00290992 0.00132063 -7.06027e-005 -0.295687 0.949725 -9.7112e-005 -2.007 -4.93721 0.0654177 
0.00293228 0.00133673 -7.11737e-005 -0.35565 0.929116 -8.62758e-005 -1.98171 -4.94617 0.0648894 
0.00295468 0.00135294 -7.17462e-005 -0.414175 0.904786 -7.538e-005 -1.95637 -4.95501 0.0643594 
0.00297714 0.00136927 -7.23203e-005 -0.471029 0.876838 -6.44708e-005 -1.93098 -4.96372 0.0638278 
0.00299965 0.00138571 -7.2896e-005 -0.525988 0.845389 -5.35941e-005 -1.90553 -4.9723 0.0632945 
0.00302222 0.00140226 -7.34733e-005 -0.578834 0.810569 -4.27956e-005 -1.88004 -4.98075 0.0627595 
0.00304484 0.00141892 -7.40521e-005 -0.629361 0.772524 -3.21205e-005 -1.8545 -4.98907 0.062223 
0.00306752 0.0014357 -7.46325e-005 -0.677371 0.73141 -2.16134e-005 -1.82891 -4.99726 0.0616847 
0.00309024 0.00145259 -7.52144e-005 -0.722679 0.687397 -1.1318e-005 -1.80327 -5.00531 0.0611449 
0.00311303 0.0014696 -7.57978e-005 -0.765112 0.640667 -1.27698e-006 -1.77759 -5.01324 0.0606034 
0.00313586 0.00148673 -7.63828e-005 -0.804506 0.591409 8.4682e-006 -1.75186 -5.02104 0.0600604 
0.00315875 0.00150398 -7.69692e-005 -0.840715 0.539824 1.78774e-005 -1.72608 -5.0287 0.0595158 
0.00318169 0.00152134 -7.75571e-005 -0.873603 0.48612 2.69122e-005 -1.70025 -5.03623 0.0589696 
0.00320468 0.00153883 -7.81465e-005 -0.90305 0.430515 3.55356e-005 -1.67439 -5.04363 0.0584219 
0.00322773 0.00155643 -7.87374e-005 -0.928948 0.37323 4.37126e-005 -1.64847 -5.0509 0.0578726 
0.00325083 0.00157416 -7.93297e-005 -0.951206 0.314493 5.14102e-005 -1.62252 -5.05803 0.0573219 
0.00327398 0.00159201 -7.99235e-005 -0.969747 0.254538 5.85972e-005 -1.59652 -5.06503 0.0567696 
0.00329718 0.00160999 -8.05186e-005 -0.984509 0.193601 6.52449e-005 -1.57048 -5.0719 0.0562158 
0.00332043 0.00162809 -8.11152e-005 -0.995446 0.13192 7.13266e-005 -1.5444 -5.07864 0.0556605 
0.00334373 0.00164631 -8.17132e-005 -1.00252 0.0697355 7.68181e-005 -1.51828 -5.08524 0.0551038 
0.00336709 0.00166466 -8.23126e-005 -1.00573 0.00728912 8.16976e-005 -1.49212 -5.0917 0.0545456 
0.00339049 0.00168314 -8.29133e-005 -1.00506 -0.0551789 8.59456e-005 -1.46591 -5.09803 0.0539859 
0.00341394 0.00170175 -8.35154e-005 -1.00053 -0.117429 8.95454e-005 -1.43967 -5.10423 0.0534249 
0.00343744 0.00172048 -8.41188e-005 -0.992158 -0.179224 9.24825e-005 -1.41339 -5.11029 0.0528624 
0.00346098 0.00173935 -8.47236e-005 -0.979999 -0.24033 9.47454e-005 -1.38708 -5.11622 0.0522985 
0.00348457 0.00175835 -8.53297e-005 -0.964103 -0.300516 9.63248e-005 -1.36072 -5.12201 0.0517333 
0.00350821 0.00177748 -8.59371e-005 -0.944542 -0.359557 9.72143e-005 -1.33434 -5.12767 0.0511666 
0.00353189 0.00179675 -8.65458e-005 -0.921397 -0.417233 9.74099e-005 -1.30791 -5.13319 0.0505986 
0.00355561 0.00181614 -8.71557e-005 -0.894767 -0.473328 9.69103e-005 -1.28145 -5.13857 0.0500293 
0.00357938 0.00183568 -8.7767e-005 -0.864758 -0.527637 9.57167e-005 -1.25496 -5.14382 0.0494586 
0.00360319 0.00185535 -8.83795e-005 -0.831491 -0.57996 9.38328e-005 -1.22843 -5.14893 0.0488866 
0.00362704 0.00187515 -8.89932e-005 -0.795098 -0.630104 9.12649e-005 -1.20187 -5.1539 0.0483134 
0.00365092 0.0018951 -8.96081e-005 -0.755722 -0.677888 8.80218e-005 -1.17528 -5.15874 0.0477388 
0.00367485 0.00191518 -9.02243e-005 -0.713515 -0.723137 8.41145e-005 -1.14866 -5.16344 0.0471629 
0.00369881 0.0019354 -9.08416e-005 -0.668639 -0.765689 7.95565e-005 -1.122 -5.168 0.0465858 
0.00372281 0.00195576 -9.14602e-005 -0.621265 -0.805389 7.43636e-005 -1.09532 -5.17243 0.0460075 
0.00374685 0.00197625 -9.20799e-005 -0.571574 -0.842095 6.85537e-005 -1.06861 -5.17671 0.0454279 
0.00377092 0.00199689 -9.27008e-005 -0.519753 -0.875675 6.2147e-005 -1.04186 -5.18086 0.0448471 
0.00379502 0.00201768 -9.33228e-005 -0.465996 -0.90601 5.51656e-005 -1.01509 -5.18487 0.0442651 
0.00381915 0.0020386 -9.39459e-005 -0.410504 -0.932991 4.76337e-005 -0.988297 -5.18874 0.043682 
0.00384331 0.00205966 -9.45701e-005 -0.353482 -0.956522 3.95773e-005 -0.961474 -5.19247 0.0430976 
0.0038675 0.00208087 -9.51955e-005 -0.295144 -0.97652 3.10244e-005 -0.934624 -5.19607 0.0425121 
0.00389172 0.00210222 -9.58219e-005 -0.235704 -0.992912 2.20045e-005 -0.90775 -5.19952 0.0419255 
0.00391596 0.00212372 -9.64494e-005 -0.175382 -1.00564 1.25487e-005 -0.880851 -5.20283 0.0413377 
0.00394023 0.00214536 -9.7078e-005 -0.114401 -1.01466 2.68986e-006 -0.853928 -5.20601 0.0407488 
0.00396452 0.00216714 -9.77076e-005 -0.0529833 -1.01994 -7.53808e-006 -0.826983 -5.20904 0.0401588 
0.00398883 0.00218906 -9.83382e-005 0.00864352 -1.02146 -1.80997e-005 -0.800015 -5.21194 0.0395678 
0.00401316 0.00221113 -9.89699e-005 0.0702532 -1.01921 -2.89585e-005 -0.773025 -5.21469 0.0389756 
0.00403751 0.00223335 -9.96025e-005 0.131619 -1.0132 -4.00768e-005 -0.746015 -5.21731 0.0383825 
0.00406188 0.00225571 -0.000100236 0.192515 -1.00346 -5.14161e-005 -0.718984 -5.21978 0.0377882 
0.00408627 0.00227822 -0.000100871 0.252717 -0.990006 -6.29371e-005 -0.691934 -5.22212 0.037193 
0.00411067 0.00230086 -0.000101506 0.312003 -0.972895 -7.45996e-005 -0.664865 -5.22431 0.0365968 
0.00413508 0.00232366 -0.000102143 0.370152 -0.952186 -8.6363e-005 -0.637778 -5.22636 0.0359995 
0.00415951 0.0023466 -0.00010278 0.426949 -0.927951 -9.81864e-005 -0.610674 -5.22827 0.0354013 
0.00418395 0.00236968 -0.000103419 0.482182 -0.900274 -0.000110028 -0.583553 -5.23004 0.0348022 
0.0042084 0.00239291 -0.000104058 0.535645 -0.869254 -0.000121847 -0.556417 -5.23167 0.0342021 
0.00423286 0.00241628 -0.000104698 0.587136 -0.835001 -0.000133602 -0.529265 -5.23315 0.033601 
0.00425732 0.0024398 -0.000105339 0.636462 -0.797636 -0.00014525 -0.502098 -5.2345 0.0329991 
0.00428179 0.00246346 -0.000105981 0.683434 -0.757293 -0.000156751 -0.474918 -5.2357 0.0323962 
0.00430626 0.00248726 -0.000106623 0.727874 -0.714116 -0.000168064 -0.447725 -5.23676 0.0317925 
0.00433074 0.00251121 -0.000107267 0.76961 -0.668261 -0.000179148 -0.42052 -5.23768 0.0311879 
0.00435522 0.0025353 -0.000107911 0.808479 -0.619894 -0.000189965 -0.393303 -5.23845 0.0305825 
0.00437971 0.00255953 -0.000108556 0.844331 -0.569191 -0.000200474 -0.366075 -5.23908 0.0299762 
0.00440419 0.00258391 -0.000109202 0.877022 -0.516337 -0.000210639 -0.338837 -5.23957 0.0293691 
0.00442867 0.00260842 -0.000109849 0.906423 -0.461525 -0.000220422 -0.31159 -5.23992 0.0287612 
0.00445315 0.00263308 -0.000110496 0.932413 -0.404959 -0.000229788 -0.284334 -5.24013 0.0281525 
0.00447762 0.00265788 -0.000111144 0.954885 -0.346848 -0.000238702 -0.257071 -5.24019 0.027543 
0.0045021 0.00268281 -0.000111793 0.973745 -0.287408 -0.000247133 -0.2298 -5.24011 0.0269328 
0.00452656 0.00270789 -0.000112443 0.988912 -0.226862 -0.000255049 -0.202523 -5.23988 0.0263219 
0.00455102 0.0027331 -0.000113093 1.00032 -0.16544 -0.00026242 -0.17524 -5.23951 0.0257102 
0.00457548 0.00275846 -0.000113744 1.00791 -0.103372 -0.00026922 -0.147952 -5.239 0.0250978 
0.00459992 0.00278395 -0.000114395 1.01164 -0.0408973 -0.000275423 -0.12066 -5.23835 0.0244847 
0.00462436 0.00280958 -0.000115047 1.01149 0.0217461 -0.000281006 -0.0933647 -5.23755 0.023871 
0.00464879 0.00283534 -0.0001157 1.00745 0.0843164 -0.000285948 -0.0660666 -5.23661 0.0232566 
0.00467321 0.00286124 -0.000116354 0.999529 0.146571 -0.000290231 -0.0387666 -5.23552 0.0226416 
0.00469762 0.00288727 -0.000117008 0.987739 0.208267 -0.000293839 -0.0114655 -5.23429 0.0220259 
0.00472202 0.00291344 -0.000117662 0.972119 0.269163 -0.000296759 0.0158362 -5.23292 0.0214096 
0.0047464 0.00293975 -0.000118317 0.952719 0.329018 -0.000298979 0.0431375 -5.2314 0.0207927 
0.00477078 0.00296618 -0.000118973 0.929606 0.387597 -0.000300492 0.0704378 -5.22974 0.0201753 
0.00479514 0.00299275 -0.000119629 0.902861 0.444665 -0.000301293 0.0977362 -5.22793 0.0195573 
0.00481949 0.00301945 -0.000120286 0.87258 0.499994 -0.000301379 0.125032 -5.22598 0.0189388 
0.00484382 0.00304628 -0.000120943 0.838875 0.553361 -0.00030075 0.152325 -5.22389 0.0183197 
0.00486814 0.00307324 -0.000121601 0.801871 0.604552 -0.000299411 0.179613 -5.22165 0.0177001 
0.00489245 0.00310033 -0.000122259 0.761706 0.653358 -0.000297367 0.206897 -5.21927 0.01708 
0.00491674 0.00312755 -0.000122918 0.718536 0.699581 -0.000294628 0.234175 -5.21674 0.0164595 
0.00494102 0.0031549 -0.000123577 0.672525 0.743032 -0.000291205 0.261447 -5.21407 0.0158385 
0.00496528 0.00318238 -0.000124236 0.623852 0.783533 -0.000287115 0.288711 -5.21125 0.015217 
0.00498953 0.00320999 -0.000124896 0.572706 0.820916 -0.000282374 0.315968 -5.20829 0.0145951 
0.00501377 0.00323772 -0.000125556 0.51929 0.855028 -0.000277003 0.343216 -5.20519 0.0139729 
0.00503798 0.00326558 -0.000126217 0.463813 0.885728 -0.000271026 0.370455 -5.20194 0.0133502 
0.00506219 0.00329357 -0.000126878 0.406496 0.912888 -0.000264468 0.397684 -5.19854 0.0127271 
0.00508638 0.00332169 -0.000127539 0.347567 0.936396 -0.000257358 0.424901 -5.195 0.0121037 
0.00511055 0.00334993 -0.000128201 0.287262 0.956154 -0.000249727 0.452107 -5.19132 0.01148 
0.00513471 0.00337829 -0.000128863 0.225822 0.972079 -0.000241606 0.479301 -5.18749 0.0108559 
0.00515885 0.00340679 -0.000129525 0.163494 0.984107 -0.000233033 0.506481 -5.18351 0.0102315 
0.00518298 0.0034354 -0.000130187 0.100529 0.992187 -0.000224043 0.533648 -5.1794 0.00960686 
0.00520709 0.00346415 -0.00013085 0.0371793 0.996285 -0.000214675 0.560799 -5.17513 0.00898193 
0.00523118 0.00349302 -0.000131513 -0.0262989 0.996387 -0.00020497 0.587935 -5.17073 0.00835673 
0.00525527 0.00352201 -0.000132176 -0.0896501 0.992491 -0.000194969 0.615055 -5.16617 0.0077313 
0.00527933 0.00355113 -0.00013284 -0.152619 0.984616 -0.000184716 0.642158 -5.16148 0.00710565 
0.00530339 0.00358038 -0.000133504 -0.214954 0.972794 -0.000174254 0.669243 -5.15663 0.0064798 
0.00532742 0.00360975 -0.000134167 -0.276403 0.957077 -0.000163628 0.696309 -5.15165 0.00585376 
0.00535144 0.00363924 -0.000134831 -0.33672 0.937532 -0.000152884 0.723356 -5.14652 0.00522756 
0.00537545 0.00366887 -0.000135495 -0.395666 0.91424 -0.000142068 0.750382 -5.14124 0.0046012 
0.00539944 0.00369862 -0.00013616 -0.453005 0.8873 -0.000131226 0.777388 -5.13582 0.00397471 
0.00542342 0.00372849 -0.000136824 -0.50851 0.856825 -0.000120404 0.804372 -5.13026 0.0033481 
0.00544738 0.0037585 -0.000137488 -0.561962 0.822942 -0.000109647 0.831334 -5.12455 0.0027214 
0.00547133 0.00378863 -0.000138153 -0.613151 0.785791 -9.90009e-005 0.858272 -5.11869 0.00209462 
0.00549526 0.00381889 -0.000138817 -0.661877 0.745528 -8.8511e-005 0.885186 -5.1127 0.00146777 
0.00551917 0.00384927 -0.000139482 -0.707952 0.702318 -7.8221e-005 0.912076 -5.10655 0.000840877 
0.00554307 0.00387979 -0.000140147 -0.751198 0.656338 -6.8174e-005 0.93894 -5.10027 0.000213957 
0.00556695 0.00391043 -0.000140811 -0.79145 0.607778 -5.84117e-005 0.965777 -5.09384 -0.000412973 
0.00559082 0.00394121 -0.000141476 -0.828557 0.556833 -4.89746e-005 0.992588 -5.08726 -0.0010399 
0.00561467 0.00397211 -0.000142141 -0.862378 0.503712 -3.99017e-005 1.01937 -5.08054 -0.00166679 
0.0056385 0.00400315 -0.000142805 -0.892791 0.448627 -3.12304e-005 1.04612 -5.07368 -0.00229365 
0.00566232 0.00403432 -0.00014347 -0.919684 0.391801 -2.29962e-005 1.07285 -5.06667 -0.00292044 
0.00568611 0.00406562 -0.000144134 -0.942961 0.33346 -1.52327e-005 1.09954 -5.05952 -0.00354715 
0.00570989 0.00409705 -0.000144799 -0.962541 0.273834 -7.97148e-006 1.1262 -5.05223 -0.00417377 
0.00573365 0.00412862 -0.000145463 -0.978357 0.213161 -1.24196e-006 1.15284 -5.04479 -0.00480027 
0.00575739 0.00416032 -0.000146127 -0.99036 0.151677 4.92868e-006 1.17943 -5.0372 -0.00542664 
0.00578111 0.00419215 -0.000146791 -0.998513 0.0896228 1.05156e-005 1.206 -5.02948 -0.00605286 
0.00580481 0.00422412 -0.000147455 -1.00279 0.0272396 1.54963e-005 1.23253 -5.02161 -0.00667892 
0.00582849 0.00425623 -0.000148118 -1.0032 -0.0352321 1.98509e-005 1.25903 -5.0136 -0.00730478 
0.00585215 0.00428847 -0.000148782 -0.999739 -0.0975524 2.35619e-005 1.28549 -5.00544 -0.00793044 
0.00587578 0.00432085 -0.000149445 -0.992433 -0.159483 2.66143e-005 1.31191 -4.99714 -0.00855588 
0.00589939 0.00435336 -0.000150108 -0.981323 -0.22079 2.89959e-005 1.33829 -4.9887 -0.00918108 
0.00592297 0.00438602 -0.000150771 -0.966459 -0.281241 3.06968e-005 1.36464 -4.98012 -0.00980602 
0.00594653 0.00441881 -0.000151434 -0.947909 -0.340609 3.17099e-005 1.39095 -4.97139 -0.0104307 
0.00597006 0.00445175 -0.000152096 -0.925752 -0.398672 3.20307e-005 1.41722 -4.96252 -0.0110551 
0.00599356 0.00448482 -0.000152758 -0.900081 -0.455214 3.16573e-005 1.44345 -4.95351 -0.0116791 
0.00601704 0.00451803 -0.000153419 -0.871 -0.510027 3.05903e-005 1.46964 -4.94435 -0.0123028 
0.00604048 0.00455139 -0.000154081 -0.838626 -0.562908 2.88328e-005 1.49578 -4.93506 -0.0129262 
0.00606389 0.00458488 -0.000154742 -0.803089 -0.613663 2.63906e-005 1.52189 -4.92562 -0.0135492 
0.00608727 0.00461852 -0.000155402 -0.764528 -0.662108 2.32719e-005 1.54795 -4.91604 -0.0141718 
0.00611062 0.0046523 -0.000156063 -0.723092 -0.708065 1.94871e-005 1.57396 -4.90632 -0.0147941 
0.00613393 0.00468622 -0.000156722 -0.678942 -0.75137 1.50493e-005 1.59993 -4.89645 -0.0154159 
0.00615721 0.00472028 -0.000157382 -0.632246 -0.791864 9.97377e-006 1.62585 -4.88645 -0.0160372 
0.00618044 0.00475449 -0.000158041 -0.583181 -0.829403 4.2779e-006 1.65173 -4.8763 -0.0166581 
0.00620364 0.00478884 -0.000158699 -0.531934 -0.863853 -2.01863e-006 1.67756 -4.86601 -0.0172786 
0.0062268 0.00482334 -0.000159357 -0.478696 -0.895088 -8.89408e-006 1.70334 -4.85559 -0.0178985 
0.00624992 0.00485797 -0.000160015 -0.423666 -0.922999 -1.63247e-005 1.72907 -4.84502 -0.0185179 
0.006273 0.00489276 -0.000160672 -0.36705 -0.947486 -2.42849e-005 1.75476 -4.83431 -0.0191368 
0.00629603 0.00492768 -0.000161329 -0.309057 -0.96846 -3.27471e-005 1.78039 -4.82346 -0.0197551 
0.00631902 0.00496275 -0.000161985 -0.249903 -0.985849 -4.16823e-005 1.80597 -4.81247 -0.0203729 
0.00634196 0.00499796 -0.00016264 -0.189805 -0.999589 -5.10594e-005 1.8315 -4.80134 -0.0209901 
0.00636485 0.00503332 -0.000163295 -0.128985 -1.00963 -6.08463e-005 1.85697 -4.79007 -0.0216066 
0.00638769 0.00506882 -0.000163949 -0.0676678 -1.01594 -7.1009e-005 1.88239 -4.77866 -0.0222226 
0.00641048 0.00510446 -0.000164603 -0.00607793 -1.01849 -8.15126e-005 1.90776 -4.76712 -0.0228379 
0.00643322 0.00514025 -0.000165256 0.0555578 -1.01728 -9.23208e-005 1.93307 -4.75543 -0.0234525 
0.00645591 0.00517618 -0.000165908 0.117013 -1.0123 -0.000103396 1.95832 -4.74361 -0.0240665 
0.00647854 0.00521225 -0.00016656 0.17806 -1.00358 -0.000114701 1.98352 -4.73164 -0.0246798 
0.00650111 0.00524847 -0.000167211 0.238476 -0.991142 -0.000126195 2.00866 -4.71954 -0.0252924 
0.00652362 0.00528482 -0.000167861 0.298036 -0.975031 -0.000137838 2.03374 -4.7073 -0.0259042 
0.00654608 0.00532132 -0.000168511 0.356521 -0.955303 -0.000149592 2.05877 -4.69492 -0.0265152 
0.00656847 0.00535796 -0.00016916 0.413713 -0.932028 -0.000161413 2.08373 -4.68241 -0.0271255 
0.0065908 0.00539474 -0.000169808 0.4694 -0.905286 -0.000173262 2.10863 -4.66976 -0.0277351 
0.00661307 0.00543167 -0.000170456 0.523373 -0.875173 -0.000185097 2.13347 -4.65697 -0.0283438 
0.00663528 0.00546873 -0.000171102 0.57543 -0.841794 -0.000196876 2.15825 -4.64404 -0.0289516 
0.00665741 0.00550593 -0.000171748 0.625375 -0.805268 -0.000208557 2.18296 -4.63098 -0.0295587 
0.00667948 0.00554327 -0.000172393 0.673017 -0.765726 -0.0002201 2.20761 -4.61778 -0.0301648 
0.00670148 0.00558074 -0.000173037 0.718176 -0.72331 -0.000231464 2.2322 -4.60444 -0.0307701 
0.00672341 0.00561836 -0.000173681 0.760678 -0.67817 -0.000242608 2.25672 -4.59097 -0.0313745 
0.00674527 0.00565611 -0.000174323 0.800357 -0.630472 -0.000253492 2.28117 -4.57737 -0.031978 
0.00676706 0.00569399 -0.000174964 0.83706 -0.580387 -0.000264078 2.30556 -4.56363 -0.0325805 
0.00678877 0.00573201 -0.000175605 0.87064 -0.528099 -0.000274327 2.32988 -4.54975 -0.0331821 
0.00681041 0.00577017 -0.000176245 0.900965 -0.473798 -0.000284202 2.35413 -4.53574 -0.0337827 
0.00683197 0.00580845 -0.000176884 0.927912 -0.417686 -0.000293668 2.37831 -4.5216 -0.0343823 
0.00685345 0.00584687 -0.000177521 0.951369 -0.359969 -0.000302691 2.40242 -4.50732 -0.0349809 
0.00687486 0.00588542 -0.000178158 0.97124 -0.300863 -0.000311236 2.42646 -4.49291 -0.0355784 
0.00689619 0.0059241 -0.000178794 0.987437 -0.240589 -0.000319273 2.45043 -4.47836 -0.036175 
0.00691743 0.00596291 -0.000179429 0.999891 -0.179373 -0.000326772 2.47432 -4.46368 -0.0367704 
0.0069386 0.00600185 -0.000180063 1.00854 -0.117448 -0.000333705 2.49815 -4.44887 -0.0373648 
0.00695968 0.00604091 -0.000180695 1.01335 -0.055048 -0.000340047 2.5219 -4.43393 -0.037958 
0.00698068 0.0060801 -0.000181327 1.01428 0.00758678 -0.000345774 2.54557 -4.41885 -0.0385502 
0.0070016 0.00611942 -0.000181958 1.01132 0.0702158 -0.000350864 2.56917 -4.40365 -0.0391412 
0.00702244 0.00615886 -0.000182587 1.00447 0.132597 -0.000355299 2.59269 -4.38831 -0.039731 
0.00704319 0.00619842 -0.000183215 0.993745 0.194487 -0.000359062 2.61614 -4.37284 -0.0403197 
0.00706385 0.0062381 -0.000183843 0.979181 0.255644 -0.000362139 2.6395 -4.35724 -0.0409071 
0.00708443 0.00627791 -0.000184469 0.960821 0.315827 -0.000364519 2.66279 -4.34151 -0.0414934 
0.00710492 0.00631783 -0.000185093 0.938728 0.374798 -0.000366193 2.686 -4.32565 -0.0420784 
0.00712532 0.00635787 -0.000185717 0.912979 0.432324 -0.000367154 2.70913 -4.30967 -0.0426622 
0.00714564 0.00639803 -0.00018634 0.883665 0.488173 -0.000367401 2.73218 -4.29355 -0.0432446 
0.00716587 0.00643831 -0.000186961 0.850895 0.542122 -0.000366932 2.75515 -4.2773 -0.0438259 
0.00718601 0.0064787 -0.000187581 0.814788 0.593954 -0.000365751 2.77804 -4.26093 -0.0444058 
0.00720607 0.00651921 -0.0001882 0.775482 0.643458 -0.000363862 2.80084 -4.24443 -0.0449843 
0.00722603 0.00655983 -0.000188817 0.733125 0.690432 -0.000361275 2.82356 -4.2278 -0.0455616 
0.0072459 0.00660056 -0.000189433 0.687881 0.734686 -0.000358001 2.84619 -4.21104 -0.0461374 
0.00726569 0.00664141 -0.000190048 0.639923 0.776038 -0.000354053 2.86874 -4.19416 -0.0467119 
0.00728539 0.00668236 -0.000190662 0.589439 0.814318 -0.00034945 2.8912 -4.17715 -0.047285 
0.00730499 0.00672343 -0.000191274 0.536627 0.849368 -0.000344211 2.91358 -4.16001 -0.0478567 
0.00732451 0.0067646 -0.000191885 0.481694 0.881043 -0.000338358 2.93587 -4.14275 -0.0484269 
0.00734394 0.00680589 -0.000192494 0.42486 0.909213 -0.000331917 2.95807 -4.12536 -0.0489957 
0.00736328 0.00684728 -0.000193102 0.366349 0.933759 -0.000324915 2.98018 -4.10785 -0.049563 
0.00738253 0.00688877 -0.000193709 0.306396 0.954581 -0.000317382 3.0022 -4.09022 -0.0501288 
0.00740169 0.00693038 -0.000194314 0.24524 0.971592 -0.000309351 3.02413 -4.07246 -0.0506932 
0.00742076 0.00697209 -0.000194918 0.183128 0.984722 -0.000300856 3.04597 -4.05458 -0.0512559 
0.00743974 0.0070139 -0.00019552 0.120308 0.993916 -0.000291934 3.06772 -4.03657 -0.0518172 
0.00745863 0.00705582 -0.000196121 0.057033 0.999136 -0.000282622 3.08937 -4.01845 -0.0523769 
0.00747743 0.00709784 -0.00019672 -0.00644122 1.00036 -0.000272962 3.11093 -4.0002 -0.052935 
0.00749614 0.00713996 -0.000197318 -0.0698595 0.997588 -0.000262993 3.1324 -3.98183 -0.0534915 
0.00751477 0.00718219 -0.000197914 -0.132967 0.990828 -0.000252759 3.15378 -3.96333 -0.0540464 
0.0075333 0.00722452 -0.000198509 -0.195508 0.980111 -0.000242303 3.17505 -3.94472 -0.0545996 
0.00755175 0.00726696 -0.000199102 -0.257234 0.965483 -0.000231671 3.19623 -3.92599 -0.0551512 
0.0075701 0.00730949 -0.000199693 -0.317897 0.947006 -0.000220907 3.21732 -3.90714 -0.0557011 
0.00758837 0.00735213 -0.000200283 -0.377253 0.924759 -0.000210056 3.23831 -3.88817 -0.0562494 
0.00760655 0.00739487 -0.000200871 -0.435067 0.898834 -0.000199166 3.25919 -3.86908 -0.0567959 
0.00762464 0.00743771 -0.000201458 -0.491109 0.869342 -0.000188281 3.27998 -3.84987 -0.0573407 
0.00764264 0.00748065 -0.000202043 -0.545158 0.836404 -0.000177448 3.30067 -3.83054 -0.0578838 
0.00766055 0.00752369 -0.000202626 -0.597002 0.80016 -0.000166712 3.32126 -3.8111 -0.0584251 
0.00767838 0.00756683 -0.000203208 -0.646437 0.760758 -0.000156118 3.34175 -3.79154 -0.0589646 
0.00769611 0.00761008 -0.000203788 -0.693272 0.718362 -0.000145711 3.36214 -3.77187 -0.0595023 
0.00771376 0.00765343 -0.000204366 -0.737327 0.673147 -0.000135533 3.38242 -3.75208 -0.0600383 
0.00773131 0.00769688 -0.000204943 -0.778432 0.625297 -0.000125626 3.4026 -3.73217 -0.0605723 
0.00774878 0.00774042 -0.000205517 -0.816433 0.575008 -0.000116032 3.42267 -3.71215 -0.0611046 
0.00776616 0.00778408 -0.00020609 -0.851186 0.522484 -0.000106789 3.44265 -3.69202 -0.0616349 
0.00778344 0.00782783 -0.000206661 -0.882563 0.467937 -9.79349e-005 3.46251 -3.67177 -0.0621634 
0.00780064 0.00787168 -0.000207231 -0.910449 0.411586 -8.95064e-005 3.48227 -3.65141 -0.06269 
0.00781775 0.00791564 -0.000207798 -0.934745 0.353656 -8.15371e-005 3.50192 -3.63094 -0.0632147 
0.00783476 0.0079597 -0.000208364 -0.955366 0.294377 -7.40592e-005 3.52147 -3.61035 -0.0637374 
0.00785168 0.00800386 -0.000208928 -0.97224 0.233985 -6.71024e-005 3.54091 -3.58965 -0.0642582 
0.00786852 0.00804813 -0.00020949 -0.985313 0.172717 -6.06945e-005 3.56024 -3.56885 -0.064777 
0.00788526 0.00809249 -0.00021005 -0.994545 0.110811 -5.4861e-005 3.57946 -3.54793 -0.0652938 
0.0079019 0.00813696 -0.000210608 -0.99991 0.048509 -4.96248e-005 3.59857 -3.5269 -0.0658086 
0.00791845 0.00818154 -0.000211164 -1.0014 -0.0139483 -4.50065e-005 3.61756 -3.50577 -0.0663214 
0.00793491 0.00822621 -0.000211718 -0.999017 -0.0763207 -4.10243e-005 3.63645 -3.48452 -0.0668321 
0.00795128 0.00827099 -0.000212271 -0.992783 -0.13837 -3.76937e-005 3.65523 -3.46317 -0.0673408 
0.00796754 0.00831588 -0.000212821 -0.982733 -0.19986 -3.50276e-005 3.67389 -3.44171 -0.0678474 
0.00798372 0.00836087 -0.00021337 -0.968914 -0.260557 -3.30364e-005 3.69244 -3.42014 -0.0683519 
0.00799979 0.00840596 -0.000213916 -0.951388 -0.320235 -3.1728e-005 3.71087 -3.39847 -0.0688543 
0.00801577 0.00845115 -0.00021446 -0.930232 -0.378669 -3.11076e-005 3.72919 -3.37669 -0.0693546 
0.00803164 0.00849645 -0.000215003 -0.905535 -0.435642 -3.11777e-005 3.7474 -3.35481 -0.0698527 
0.00804742 0.00854185 -0.000215543 -0.877398 -0.490943 -3.19384e-005 3.76549 -3.33282 -0.0703487 
0.0080631 0.00858736 -0.000216081 -0.845935 -0.544367 -3.33871e-005 3.78346 -3.31073 -0.0708425 
0.00807867 0.00863297 -0.000216617 -0.811272 -0.595719 -3.55189e-005 3.80131 -3.28854 -0.0713341 
0.00809414 0.00867869 -0.000217151 -0.773544 -0.644811 -3.83261e-005 3.81905 -3.26624 -0.0718235 
0.00810951 0.00872451 -0.000217683 -0.7329 -0.691464 -4.17989e-005 3.83667 -3.24384 -0.0723107 
0.00812477 0.00877043 -0.000218213 -0.689496 -0.73551 -4.59249e-005 3.85417 -3.22134 -0.0727956 
0.00813993 0.00881646 -0.000218741 -0.643498 -0.776788 -5.06895e-005 3.87155 -3.19874 -0.0732782 
0.00815498 0.00886259 -0.000219266 -0.595082 -0.81515 -5.60758e-005 3.8888 -3.17604 -0.0737586 
0.00816992 0.00890883 -0.00021979 -0.54443 -0.850459 -6.20647e-005 3.90594 -3.15324 -0.0742367 
0.00818475 0.00895517 -0.000220311 -0.491734 -0.882588 -6.86351e-005 3.92296 -3.13034 -0.0747125 
0.00819947 0.00900161 -0.00022083 -0.43719 -0.911422 -7.57637e-005 3.93985 -3.10734 -0.0751859 
0.00821408 0.00904815 -0.000221346 -0.381002 -0.936858 -8.34255e-005 3.95662 -3.08425 -0.0756571 
0.00822858 0.0090948 -0.000221861 -0.323379 -0.958805 -9.15935e-005 3.97327 -3.06106 -0.0761258 
0.00824296 0.00914155 -0.000222373 -0.264534 -0.977186 -0.000100239 3.98979 -3.03777 -0.0765922 
0.00825723 0.0091884 -0.000222883 -0.204684 -0.991934 -0.000109331 4.00619 -3.01439 -0.0770562 
0.00827138 0.00923535 -0.00022339 -0.144051 -1.003 -0.000118839 4.02247 -2.99091 -0.0775177 
0.00828541 0.0092824 -0.000223896 -0.0828578 -1.01034 -0.000128728 4.03861 -2.96734 -0.0779769 
0.00829933 0.00932956 -0.000224399 -0.0213291 -1.01392 -0.000138965 4.05463 -2.94368 -0.0784336 
0.00831312 0.00937681 -0.0002249 0.0403084 -1.01374 -0.000149512 4.07053 -2.91992 -0.0788879 
0.00832679 0.00942416 -0.000225398 0.101828 -1.0098 -0.000160334 4.0863 -2.89607 -0.0793396 
0.00834034 0.0094716 -0.000225894 0.163003 -1.00211 -0.000171392 4.10193 -2.87213 -0.0797889 
0.00835376 0.00951915 -0.000226387 0.223609 -0.990689 -0.000182647 4.11744 -2.8481 -0.0802357 
0.00836706 0.00956679 -0.000226879 0.283421 -0.975583 -0.000194059 4.13282 -2.82398 -0.08068 
0.00838024 0.00961453 -0.000227367 0.342218 -0.956843 -0.000205588 4.14807 -2.79977 -0.0811218 
0.00839328 0.00966236 -0.000227854 0.399782 -0.934536 -0.000217194 4.16319 -2.77547 -0.0815609 
0.0084062 0.00971029 -0.000228338 0.4559 -0.908738 -0.000228835 4.17818 -2.75108 -0.0819976 
0.00841898 0.00975831 -0.000228819 0.510361 -0.879541 -0.00024047 4.19304 -2.72661 -0.0824316 
0.00843164 0.00980642 -0.000229298 0.562962 -0.847049 -0.000252058 4.20776 -2.70205 -0.0828631 
0.00844416 0.00985462 -0.000229775 0.613504 -0.811375 -0.000263556 4.22236 -2.6774 -0.0832919 
0.00845655 0.00990291 -0.000230249 0.661796 -0.772648 -0.000274924 4.23682 -2.65267 -0.0837181 
0.00846881 0.00995129 -0.00023072 0.707654 -0.731005 -0.000286121 4.25114 -2.62786 -0.0841417 
0.00848093 0.00999976 -0.000231189 0.750902 -0.686597 -0.000297106 4.26533 -2.60296 -0.0845626 
0.00849291 0.0100483 -0.000231656 0.791372 -0.639583 -0.00030784 4.27939 -2.57798 -0.0849809 
0.00850476 0.010097 -0.00023212 0.828908 -0.590134 -0.000318284 4.29331 -2.55291 -0.0853965 
0.00851647 0.0101457 -0.000232581 0.863361 -0.53843 -0.000328398 4.3071 -2.52777 -0.0858093 
0.00852804 0.0101945 -0.00023304 0.894594 -0.48466 -0.000338147 4.32074 -2.50254 -0.0862195 
0.00853946 0.0102434 -0.000233496 0.922482 -0.429021 -0.000347493 4.33426 -2.47724 -0.0866269 
0.00855075 0.0102923 -0.00023395 0.94691 -0.37172 -0.000356403 4.34763 -2.45185 -0.0870316 
0.0085619 0.0103414 -0.000234401 0.967777 -0.312969 -0.000364843 4.36087 -2.42639 -0.0874335 
0.0085729 0.0103905 -0.000234849 0.984993 -0.252987 -0.000372782 4.37397 -2.40085 -0.0878326 
0.00858376 0.0104397 -0.000235295 0.998484 -0.192001 -0.000380189 4.38693 -2.37524 -0.088229 
0.00859448 0.010489 -0.000235738 1.00819 -0.13024 -0.000387037 4.39975 -2.34954 -0.0886225 
0.00860505 0.0105383 -0.000236178 1.01405 -0.0679387 -0.000393299 4.41243 -2.32378 -0.0890133 
0.00861548 0.0105878 -0.000236616 1.01605 -0.00533581 -0.000398952 4.42497 -2.29793 -0.0894012 
0.00862576 0.0106372 -0.000237051 1.01416 0.0573285 -0.000403974 4.43736 -2.27202 -0.0897863 
0.0086359 0.0106868 -0.000237483 1.00839 0.119812 -0.000408345 4.44962 -2.24603 -0.0901685 
0.00864589 0.0107364 -0.000237912 0.998727 0.181873 -0.000412049 4.46174 -2.21997 -0.0905478 
0.00865573 0.0107861 -0.000238339 0.985216 0.243267 -0.000415071 4.47371 -2.19384 -0.0909243 
0.00866543 0.0108359 -0.000238763 0.967896 0.303755 -0.000417398 4.48554 -2.16764 -0.0912979 
0.00867498 0.0108857 -0.000239184 0.946822 0.363096 -0.000419023 4.49723 -2.14137 -0.0916685 
0.00868438 0.0109356 -0.000239603 0.92207 0.421057 -0.000419938 4.50878 -2.11503 -0.0920362 
0.00869363 0.0109855 -0.000240019 0.893726 0.477405 -0.00042014 4.52018 -2.08862 -0.092401 
0.00870274 0.0110355 -0.000240431 0.861893 0.531914 -0.000419629 4.53143 -2.06214 -0.0927628 
0.0087117 0.0110856 -0.000240841 0.82669 0.584365 -0.000418405 4.54254 -2.0356 -0.0931217 
0.00872051 0.0111357 -0.000241249 0.788247 0.634547 -0.000416475 4.55351 -2.00899 -0.0934776 
0.00872917 0.0111858 -0.000241653 0.74671 0.682254 -0.000413845 4.56433 -1.98232 -0.0938305 
0.00873769 0.011236 -0.000242055 0.702239 0.727293 -0.000410528 4.575 -1.95558 -0.0941804 
0.00874606 0.0112863 -0.000242453 0.655005 0.769479 -0.000406536 4.58553 -1.92878 -0.0945273 
0.00875428 0.0113366 -0.000242849 0.605191 0.808639 -0.000401885 4.59591 -1.90192 -0.0948712 
0.00876235 0.011387 -0.000243242 0.552993 0.844611 -0.000396596 4.60614 -1.875 -0.095212 
0.00877028 0.0114374 -0.000243632 0.498615 0.877248 -0.00039069 4.61623 -1.84801 -0.0955497 
0.00877806 0.0114879 -0.000244019 0.442274 0.906414 -0.000384191 4.62616 -1.82097 -0.0958844 
0.00878569 0.0115384 -0.000244403 0.384193 0.931987 -0.000377127 4.63595 -1.79387 -0.096216 
0.00879318 0.0115889 -0.000244784 0.324603 0.953863 -0.000369527 4.64559 -1.7667 -0.0965446 
0.00880052 0.0116395 -0.000245162 0.263744 0.97195 -0.000361422 4.65508 -1.73949 -0.09687 
0.00880771 0.0116902 -0.000245538 0.201859 0.986174 -0.000352847 4.66442 -1.71221 -0.0971923 
0.00881477 0.0117408 -0.00024591 0.139196 0.996474 -0.000343838 4.67361 -1.68488 -0.0975115 
0.00882167 0.0117916 -0.000246279 0.0760085 1.00281 -0.000334432 4.68265 -1.6575 -0.0978275 
0.00882843 0.0118423 -0.000246646 0.0125502 1.00516 -0.000324668 4.69154 -1.63006 -0.0981404 
0.00883505 0.0118931 -0.000247009 -0.0509232 1.0035 -0.000314588 4.70027 -1.60257 -0.0984502 
0.00884153 0.0119439 -0.000247369 -0.114156 0.997854 -0.000304234 4.70886 -1.57502 -0.0987567 
0.00884786 0.0119948 -0.000247727 -0.176894 0.988241 -0.000293648 4.71729 -1.54743 -0.0990601 
0.00885405 0.0120457 -0.000248081 -0.238886 0.974702 -0.000282876 4.72558 -1.51978 -0.0993603 
0.0088601 0.0120966 -0.000248432 -0.299882 0.957295 -0.000271961 4.7337 -1.49208 -0.0996573 
0.00886601 0.0121476 -0.00024878 -0.359639 0.936094 -0.00026095 4.74168 -1.46434 -0.099951 
0.00887177 0.0121986 -0.000249125 -0.417918 0.911188 -0.000249889 4.7495 -1.43655 -0.100242 
0.0088774 0.0122497 -0.000249467 -0.474489 0.882682 -0.000238822 4.75717 -1.40871 -0.100529 
0.00888288 0.0123007 -0.000249806 -0.529127 0.850696 -0.000227795 4.76469 -1.38082 -0.100813 
0.00888823 0.0123519 -0.000250142 -0.581617 0.815363 -0.000216855 4.77205 -1.35289 -0.101094 
0.00889343 0.012403 -0.000250475 -0.631754 0.776829 -0.000206045 4.77926 -1.32492 -0.101371 
0.0088985 0.0124542 -0.000250805 -0.679344 0.735255 -0.00019541 4.78631 -1.2969 -0.101645 
0.00890342 0.0125054 -0.000251131 -0.724201 0.690812 -0.000184993 4.7932 -1.26884 -0.101916 
0.00890821 0.0125566 -0.000251454 -0.766154 0.643682 -0.000174836 4.79995 -1.24074 -0.102184 
0.00891286 0.0126079 -0.000251775 -0.805045 0.594058 -0.000164979 4.80653 -1.2126 -0.102448 
0.00891737 0.0126592 -0.000252092 -0.840726 0.542141 -0.000155464 4.81296 -1.18442 -0.102709 
0.00892174 0.0127105 -0.000252405 -0.873066 0.488141 -0.000146326 4.81924 -1.15619 -0.102967 
0.00892597 0.0127619 -0.000252716 -0.901945 0.432276 -0.000137603 4.82535 -1.12794 -0.103221 
0.00893007 0.0128133 -0.000253024 -0.927261 0.374769 -0.000129328 4.83131 -1.09964 -0.103472 
0.00893403 0.0128647 -0.000253328 -0.948922 0.31585 -0.000121534 4.83712 -1.07131 -0.10372 
0.00893785 0.0129161 -0.000253629 -0.966856 0.255751 -0.000114252 4.84276 -1.04294 -0.103964 
0.00894153 0.0129676 -0.000253927 -0.981002 0.194709 -0.000107508 4.84825 -1.01454 -0.104205 
0.00894507 0.0130191 -0.000254222 -0.991316 0.132964 -0.00010133 4.85358 -0.9861 -0.104443 
0.00894847 0.0130707 -0.000254513 -0.99777 0.0707564 -9.57394e-005 4.85876 -0.957632 -0.104677 
0.00895174 0.0131222 -0.000254802 -1.00035 0.00832615 -9.07584e-005 4.86377 -0.929132 -0.104907 
0.00895487 0.0131738 -0.000255087 -0.999054 -0.0540857 -8.64051e-005 4.86863 -0.900601 -0.105135 
0.00895785 0.0132255 -0.000255368 -0.9939 -0.11624 -8.26956e-005 4.87333 -0.872041 -0.105359 
0.0089607 0.0132771 -0.000255647 -0.984919 -0.177901 -7.96433e-005 4.87787 -0.843451 -0.105579 
0.00896341 0.0133288 -0.000255922 -0.972154 -0.238834 -7.72591e-005 4.88225 -0.814834 -0.105796 
0.00896598 0.0133805 -0.000256194 -0.955665 -0.298809 -7.55512e-005 4.88647 -0.786189 -0.106009 
0.00896841 0.0134323 -0.000256463 -0.935523 -0.357602 -7.45254e-005 4.89053 -0.757519 -0.10622 
0.0089707 0.013484 -0.000256728 -0.911813 -0.414995 -7.41848e-005 4.89443 -0.728823 -0.106426 
0.00897284 0.0135358 -0.00025699 -0.884635 -0.470773 -7.45299e-005 4.89818 -0.700103 -0.106629 
0.00897485 0.0135877 -0.000257249 -0.854098 -0.52473 -7.55587e-005 4.90176 -0.671359 -0.106829 
0.00897671 0.0136395 -0.000257505 -0.820325 -0.576669 -7.72668e-005 4.90518 -0.642594 -0.107025 
0.00897843 0.0136914 -0.000257757 -0.783449 -0.6264 -7.96471e-005 4.90845 -0.613806 -0.107218 
0.00898 0.0137433 -0.000258006 -0.743614 -0.673741 -8.26902e-005 4.91155 -0.584999 -0.107407 
0.00898143 0.0137952 -0.000258251 -0.700975 -0.718519 -8.63844e-005 4.91449 -0.556171 -0.107593 
0.00898272 0.0138472 -0.000258493 -0.655695 -0.760574 -9.07156e-005 4.91727 -0.527325 -0.107775 
0.00898386 0.0138992 -0.000258732 -0.607947 -0.799754 -9.56675e-005 4.91989 -0.498461 -0.107954 
0.00898486 0.0139512 -0.000258968 -0.557913 -0.835918 -0.000101221 4.92235 -0.469581 -0.108129 
0.00898571 0.0140032 -0.0002592 -0.50578 -0.868935 -0.000107357 4.92465 -0.440684 -0.1083 
0.00898641 0.0140553 -0.000259429 -0.451744 -0.898689 -0.000114051 4.92679 -0.411773 -0.108468 
0.00898696 0.0141074 -0.000259654 -0.396007 -0.925072 -0.00012128 4.92876 -0.382847 -0.108633 
0.00898736 0.0141595 -0.000259876 -0.338776 -0.947991 -0.000129016 4.93058 -0.353909 -0.108794 
0.00898762 0.0142116 -0.000260095 -0.280263 -0.967363 -0.000137232 4.93223 -0.324959 -0.108951 
0.00898772 0.0142637 -0.00026031 -0.220685 -0.983121 -0.000145898 4.93372 -0.295997 -0.109105 
0.00898768 0.0143159 -0.000260522 -0.160262 -0.995207 -0.000154982 4.93505 -0.267025 -0.109255 
0.00898748 0.0143681 -0.00026073 -0.0992164 -1.00358 -0.000164451 4.93622 -0.238044 -0.109402 
0.00898713 0.0144203 -0.000260935 -0.0377727 -1.0082 -0.000174271 4.93722 -0.209055 -0.109545 
0.00898662 0.0144725 -0.000261137 0.023843 -1.00907 -0.000184407 4.93807 -0.180058 -0.109684 
0.00898596 0.0145248 -0.000261335 0.0854038 -1.00617 -0.000194822 4.93875 -0.151055 -0.10982 
0.00898515 0.014577 -0.00026153 0.146683 -0.999507 -0.000205479 4.93927 -0.122047 -0.109952 
0.00898418 0.0146293 -0.000261721 0.207455 -0.989114 -0.000216338 4.93963 -0.0930339 -0.110081 
0.00898306 0.0146816 -0.000261909 0.267496 -0.975023 -0.000227361 4.93982 -0.0640174 -0.110206 
0.00898177 0.0147339 -0.000262094 0.326583 -0.957282 -0.000238507 4.93986 -0.0349983 -0.110328 
0.00898033 0.0147862 -0.000262275 0.384498 -0.935954 -0.000249736 4.93973 -0.00597754 -0.110445 
0.00897874 0.0148385 -0.000262453 0.441025 -0.911113 -0.000261008 4.93944 0.0230439 -0.11056 
0.00897698 0.0148909 -0.000262627 0.495954 -0.882847 -0.000272281 4.93898 0.052065 -0.11067 
0.00897506 0.0149432 -0.000262798 0.549078 -0.851255 -0.000283513 4.93837 0.0810849 -0.110777 
0.00897299 0.0149956 -0.000262965 0.600198 -0.816448 -0.000294664 4.93759 0.110103 -0.11088 
0.00897075 0.0150479 -0.000263129 0.64912 -0.778552 -0.000305693 4.93665 0.139117 -0.11098 
0.00896835 0.0151003 -0.000263289 0.695659 -0.737701 -0.000316558 4.93555 0.168128 -0.111076 
0.00896579 0.0151527 -0.000263446 0.739636 -0.694042 -0.000327219 4.93428 0.197133 -0.111168 
0.00896307 0.015205 -0.000263599 0.780881 -0.647732 -0.000337637 4.93285 0.226133 -0.111257 
0.00896018 0.0152574 -0.000263749 0.819234 -0.598938 -0.000347772 4.93126 0.255125 -0.111342 
0.00895713 0.0153098 -0.000263896 0.854544 -0.547838 -0.000357585 4.92951 0.28411 -0.111423 
0.00895392 0.0153621 -0.000264039 0.886671 -0.494619 -0.000367041 4.9276 0.313086 -0.111501 
0.00895054 0.0154145 -0.000264178 0.915487 -0.439476 -0.000376101 4.92552 0.342052 -0.111575 
0.008947 0.0154669 -0.000264314 0.940873 -0.382612 -0.000384732 4.92329 0.371007 -0.111646 
0.0089433 0.0155192 -0.000264447 0.962725 -0.324239 -0.000392901 4.92089 0.39995 -0.111712 
0.00893942 0.0155716 -0.000264576 0.980951 -0.264574 -0.000400574 4.91832 0.428881 -0.111775 
0.00893539 0.0156239 -0.000264701 0.99547 -0.203841 -0.000407723 4.9156 0.457798 -0.111835 
0.00893119 0.0156762 -0.000264823 1.00622 -0.14227 -0.000414318 4.91271 0.486701 -0.11189 
0.00892682 0.0157285 -0.000264942 1.01314 -0.0800926 -0.000420333 4.90967 0.515588 -0.111942 
0.00892229 0.0157808 -0.000265057 1.0162 -0.0175473 -0.000425743 4.90646 0.544458 -0.111991 
0.0089176 0.0158331 -0.000265168 1.01538 0.0451264 -0.000430528 4.90308 0.573311 -0.112035 
0.00891274 0.0158854 -0.000265276 1.01067 0.107687 -0.000434666 4.89955 0.602146 -0.112076 
0.00890771 0.0159376 -0.000265381 1.00207 0.169891 -0.000438141 4.89586 0.630961 -0.112113 
0.00890252 0.0159898 -0.000265482 0.989616 0.231496 -0.000440937 4.892 0.659756 -0.112147 
0.00889716 0.016042 -0.000265579 0.973335 0.292262 -0.000443042 4.88799 0.68853 -0.112177 
0.00889164 0.0160942 -0.000265673 0.953284 0.351947 -0.000444447 4.88381 0.717282 -0.112203 
0.00888596 0.0161464 -0.000265764 0.929532 0.410316 -0.000445144 4.87947 0.74601 -0.112225 
0.00888011 0.0161985 -0.000265851 0.902162 0.467137 -0.00044513 4.87497 0.774714 -0.112244 
0.0088741 0.0162506 -0.000265934 0.871274 0.522181 -0.000444403 4.87031 0.803394 -0.112259 
0.00886793 0.0163026 -0.000266014 0.836981 0.575227 -0.000442964 4.86549 0.832047 -0.112271 
0.00886159 0.0163547 -0.00026609 0.79941 0.626062 -0.00044082 4.86051 0.860673 -0.112278 
0.00885509 0.0164067 -0.000266163 0.758704 0.674478 -0.000437976 4.85537 0.889272 -0.112282 
0.00884843 0.0164586 -0.000266233 0.715017 0.720279 -0.000434443 4.85006 0.917841 -0.112282 
0.00884162 0.0165106 -0.000266298 0.668518 0.763277 -0.000430234 4.8446 0.946381 -0.112279 
0.00883464 0.0165624 -0.000266361 0.619388 0.803296 -0.000425366 4.83898 0.97489 -0.112272 
0.0088275 0.0166143 -0.00026642 0.567817 0.840171 -0.000419856 4.8332 1.00337 -0.112261 
0.0088202 0.0166661 -0.000266475 0.514009 0.87375 -0.000413728 4.82726 1.03181 -0.112246 
0.00881275 0.0167179 -0.000266527 0.458177 0.903894 -0.000407003 4.82116 1.06022 -0.112228 
0.00880514 0.0167696 -0.000266575 0.400541 0.930479 -0.000399711 4.8149 1.0886 -0.112206 
0.00879738 0.0168212 -0.00026662 0.341332 0.953393 -0.000391878 4.80849 1.11694 -0.112181 
0.00878946 0.0168729 -0.000266661 0.280786 0.972543 -0.000383538 4.80191 1.14525 -0.112151 
0.00878138 0.0169245 -0.000266699 0.219145 0.987847 -0.000374722 4.79518 1.17351 -0.112118 
0.00877316 0.016976 -0.000266733 0.156657 0.999244 -0.000365468 4.78828 1.20174 -0.112081 
0.00876478 0.0170275 -0.000266763 0.0935743 1.00669 -0.000355812 4.78123 1.22993 -0.112041 
0.00875625 0.0170789 -0.000266791 0.0301494 1.01014 -0.000345793 4.77403 1.25808 -0.111997 
0.00874757 0.0171303 -0.000266814 -0.0333617 1.0096 -0.000335452 4.76666 1.28619 -0.111949 
0.00873874 0.0171816 -0.000266834 -0.0967036 1.00506 -0.000324831 4.75914 1.31426 -0.111898 
0.00872977 0.0172329 -0.000266851 -0.159621 0.996546 -0.000313973 4.75146 1.34229 -0.111842 
0.00872065 0.0172841 -0.000266864 -0.221862 0.984093 -0.000302922 4.74362 1.37027 -0.111784 
0.00871138 0.0173353 -0.000266874 -0.283176 0.967754 -0.000291722 4.73563 1.3982 -0.111721 
0.00870197 0.0173864 -0.00026688 -0.343318 0.947598 -0.00028042 4.72748 1.42609 -0.111655 
0.00869241 0.0174375 -0.000266883 -0.402048 0.923711 -0.00026906 4.71918 1.45394 -0.111585 
0.00868271 0.0174885 -0.000266882 -0.459133 0.896193 -0.000257688 4.71072 1.48173 -0.111511 
0.00867287 0.0175394 -0.000266878 -0.514347 0.86516 -0.00024635 4.7021 1.50948 -0.111434 
0.00866289 0.0175903 -0.00026687 -0.567472 0.830741 -0.000235091 4.69333 1.53718 -0.111353 
0.00865276 0.0176412 -0.000266859 -0.6183 0.79308 -0.000223957 4.68441 1.56483 -0.111268 
0.0086425 0.017692 -0.000266844 -0.666632 0.752333 -0.00021299 4.67533 1.59243 -0.11118 
0.0086321 0.0177427 -0.000266826 -0.712283 0.708667 -0.000202234 4.66609 1.61997 -0.111088 
0.00862157 0.0177933 -0.000266804 -0.755076 0.662262 -0.000191732 4.6567 1.64747 -0.110993 
0.00861089 0.0178439 -0.000266779 -0.794849 0.613309 -0.000181524 4.64716 1.6749 -0.110893 
0.00860008 0.0178945 -0.00026675 -0.831452 0.562006 -0.00017165 4.63747 1.70229 -0.110791 
0.00858914 0.017945 -0.000266718 -0.864749 0.508561 -0.000162148 4.62762 1.72962 -0.110684 
0.00857806 0.0179954 -0.000266682 -0.894616 0.45319 -0.000153055 4.61762 1.75689 -0.110574 
0.00856684 0.0180458 -0.000266643 -0.920947 0.396114 -0.000144404 4.60747 1.7841 -0.11046 
0.00855549 0.0180961 -0.000266601 -0.943647 0.337561 -0.000136228 4.59717 1.81126 -0.110342 
0.00854402 0.0181463 -0.000266555 -0.962638 0.277764 -0.000128558 4.58672 1.83836 -0.110221 
0.0085324 0.0181965 -0.000266505 -0.977857 0.216958 -0.000121422 4.57611 1.8654 -0.110097 
0.00852066 0.0182466 -0.000266453 -0.989255 0.155382 -0.000114845 4.56535 1.89237 -0.109968 
0.00850878 0.0182967 -0.000266396 -0.996798 0.0932766 -0.000108853 4.55445 1.91929 -0.109836 
0.00849678 0.0183467 -0.000266337 -1.00047 0.0308818 -0.000103465 4.54339 1.94614 -0.109701 
0.00848464 0.0183966 -0.000266273 -1.00026 -0.0315613 -9.87005e-005 4.53219 1.97293 -0.109562 
0.00847238 0.0184465 -0.000266207 -0.996195 -0.0938132 -9.4576e-005 4.52083 1.99965 -0.109419 
0.00845998 0.0184963 -0.000266137 -0.988288 -0.155636 -9.11053e-005 4.50933 2.02631 -0.109272 
0.00844746 0.0185461 -0.000266064 -0.976584 -0.216796 -8.82993e-005 4.49768 2.0529 -0.109122 
0.0084348 0.0185958 -0.000265987 -0.961137 -0.277062 -8.61668e-005 4.48588 2.07943 -0.108969 
0.00842202 0.0186454 -0.000265907 -0.942017 -0.336208 -8.47137e-005 4.47393 2.10588 -0.108812 
0.00840911 0.018695 -0.000265823 -0.919304 -0.394013 -8.39435e-005 4.46183 2.13227 -0.108651 
0.00839606 0.0187445 -0.000265736 -0.893094 -0.450262 -8.3857e-005 4.44959 2.15859 -0.108487 
0.00838289 0.018794 -0.000265646 -0.863494 -0.504747 -8.44526e-005 4.43721 2.18484 -0.108319 
0.00836959 0.0188434 -0.000265552 -0.830622 -0.557268 -8.57262e-005 4.42467 2.21102 -0.108147 
0.00835617 0.0188927 -0.000265455 -0.794609 -0.607632 -8.76711e-005 4.41199 2.23712 -0.107972 
0.00834261 0.018942 -0.000265354 -0.755597 -0.655655 -9.02782e-005 4.39917 2.26316 -0.107794 
0.00832893 0.0189912 -0.000265251 -0.713736 -0.701164 -9.35361e-005 4.3862 2.28911 -0.107612 
0.00831511 0.0190403 -0.000265144 -0.669188 -0.743993 -9.7431e-005 4.37309 2.315 -0.107426 
0.00830117 0.0190894 -0.000265033 -0.622124 -0.783988 -0.000101947 4.35984 2.34081 -0.107237 
0.0082871 0.0191384 -0.000264919 -0.572723 -0.821005 -0.000107066 4.34644 2.36654 -0.107045 
0.0082729 0.0191874 -0.000264802 -0.521169 -0.85491 -0.000112767 4.3329 2.39219 -0.106848 
0.00825857 0.0192363 -0.000264681 -0.467658 -0.885584 -0.000119028 4.31921 2.41777 -0.106649 
0.00824411 0.0192851 -0.000264558 -0.412389 -0.912916 -0.000125826 4.30539 2.44327 -0.106446 
0.00822952 0.0193338 -0.00026443 -0.355569 -0.936808 -0.000133133 4.29142 2.46868 -0.106239 
0.0082148 0.0193825 -0.0002643 -0.297407 -0.957176 -0.000140922 4.27731 2.49402 -0.106029 
0.00819995 0.0194312 -0.000264166 -0.238119 -0.973946 -0.000149164 4.26307 2.51928 -0.105815 
0.00818498 0.0194797 -0.000264029 -0.177925 -0.98706 -0.000157827 4.24868 2.54445 -0.105598 
0.00816987 0.0195282 -0.000263889 -0.117046 -0.99647 -0.000166878 4.23416 2.56955 -0.105378 
0.00815463 0.0195766 -0.000263745 -0.0557067 -1.00214 -0.000176284 4.21949 2.59455 -0.105154 
0.00813926 0.019625 -0.000263598 0.00586775 -1.00405 -0.00018601 4.20469 2.61948 -0.104927 
0.00812376 0.0196733 -0.000263448 0.0674504 -1.0022 -0.000196018 4.18975 2.64432 -0.104696 
0.00810813 0.0197215 -0.000263295 0.128815 -0.996589 -0.000206273 4.17467 2.66907 -0.104461 
0.00809237 0.0197696 -0.000263138 0.189734 -0.987234 -0.000216735 4.15946 2.69373 -0.104224 
0.00807648 0.0198177 -0.000262979 0.249985 -0.97417 -0.000227365 4.14411 2.71831 -0.103983 
0.00806045 0.0198657 -0.000262815 0.309344 -0.957442 -0.000238125 4.12862 2.7428 -0.103738 
0.0080443 0.0199136 -0.000262649 0.36759 -0.937108 -0.000248973 4.113 2.7672 -0.10349 
0.00802801 0.0199615 -0.00026248 0.424509 -0.913239 -0.000259868 4.09725 2.79151 -0.103239 
0.00801159 0.0200092 -0.000262307 0.479887 -0.885919 -0.000270771 4.08136 2.81573 -0.102985 
0.00799504 0.0200569 -0.000262131 0.533518 -0.855245 -0.000281639 4.06534 2.83986 -0.102727 
0.00797836 0.0201045 -0.000261952 0.5852 -0.821324 -0.000292432 4.04918 2.86389 -0.102465 
0.00796154 0.0201521 -0.00026177 0.634737 -0.784278 -0.000303109 4.0329 2.88784 -0.102201 
0.0079446 0.0201995 -0.000261584 0.681941 -0.744238 -0.000313629 4.01648 2.91169 -0.101933 
0.00792752 0.0202469 -0.000261396 0.726633 -0.701349 -0.000323952 3.99993 2.93544 -0.101661 
0.00791031 0.0202942 -0.000261204 0.768639 -0.655763 -0.000334038 3.98325 2.9591 -0.101387 
0.00789296 0.0203414 -0.000261009 0.807796 -0.607647 -0.000343848 3.96644 2.98266 -0.101109 
0.00787549 0.0203886 -0.000260811 0.843952 -0.557174 -0.000353343 3.9495 3.00613 -0.100828 
0.00785788 0.0204356 -0.00026061 0.876964 -0.504529 -0.000362487 3.93243 3.0295 -0.100543 
0.00784015 0.0204826 -0.000260406 0.906698 -0.449905 -0.000371243 3.91524 3.05277 -0.100255 
0.00782228 0.0205294 -0.000260198 0.933034 -0.393504 -0.000379577 3.89792 3.07594 -0.0999644 
0.00780428 0.0205762 -0.000259988 0.955865 -0.335533 -0.000387454 3.88047 3.09902 -0.0996702 
0.00778615 0.0206229 -0.000259774 0.975092 -0.27621 -0.000394842 3.86289 3.12199 -0.0993727 
0.00776789 0.0206695 -0.000259558 0.990635 -0.215756 -0.000401712 3.84519 3.14486 -0.0990719 
0.0077495 0.020716 -0.000259338 1.00242 -0.154399 -0.000408034 3.82736 3.16763 -0.098768 
0.00773098 0.0207624 -0.000259116 1.0104 -0.0923715 -0.000413783 3.80941 3.1903 -0.0984608 
0.00771233 0.0208087 -0.00025889 1.01452 -0.0299097 -0.000418932 3.79134 3.21286 -0.0981504 
0.00769355 0.0208549 -0.000258661 1.01477 0.0327472 -0.00042346 3.77314 3.23532 -0.0978369 
0.00767465 0.020901 -0.000258429 1.01113 0.0953579 -0.000427347 3.75482 3.25768 -0.0975202 
0.00765561 0.020947 -0.000258195 1.00359 0.15768 -0.000430575 3.73638 3.27993 -0.0972003 
0.00763645 0.0209929 -0.000257957 0.992193 0.219471 -0.000433127 3.71782 3.30207 -0.0968773 
0.00761717 0.0210387 -0.000257716 0.976957 0.280488 -0.000434993 3.69914 3.32411 -0.0965511 
0.00759776 0.0210844 -0.000257472 0.957934 0.340491 -0.00043616 3.68033 3.34604 -0.0962218 
0.00757822 0.02113 -0.000257226 0.93519 0.399244 -0.000436622 3.66141 3.36786 -0.0958894 
0.00755856 0.0211755 -0.000256976 0.908803 0.456511 -0.000436375 3.64237 3.38958 -0.0955539 
0.00753878 0.0212208 -0.000256724 0.878869 0.512065 -0.000435416 3.62321 3.41118 -0.0952153 
0.00751888 0.0212661 -0.000256468 0.845497 0.565682 -0.000433746 3.60394 3.43268 -0.0948736 
0.00749885 0.0213113 -0.00025621 0.808811 0.617145 -0.000431369 3.58454 3.45406 -0.0945289 
0.00747871 0.0213563 -0.000255949 0.768948 0.666247 -0.000428293 3.56504 3.47534 -0.0941811 
0.00745845 0.0214012 -0.000255684 0.726061 0.712786 -0.000424526 3.54541 3.4965 -0.0938303 
0.00743807 0.021446 -0.000255417 0.680314 0.756575 -0.000420082 3.52568 3.51755 -0.0934764 
0.00741757 0.0214907 -0.000255147 0.631884 0.797431 -0.000414976 3.50582 3.53848 -0.0931195 
0.00739696 0.0215353 -0.000254875 0.580959 0.835188 -0.000409225 3.48586 3.55931 -0.0927597 
0.00737624 0.0215798 -0.000254599 0.52774 0.869691 -0.000402852 3.46578 3.58002 -0.0923968 
0.0073554 0.0216241 -0.000254321 0.472437 0.900795 -0.00039588 3.44559 3.60061 -0.092031 
0.00733446 0.0216683 -0.000254039 0.415267 0.928373 -0.000388334 3.4253 3.62109 -0.0916622 
0.0073134 0.0217124 -0.000253755 0.35646 0.95231 -0.000380244 3.40489 3.64145 -0.0912904 
0.00729224 0.0217564 -0.000253468 0.296249 0.972507 -0.00037164 3.38437 3.66169 -0.0909157 
0.00727096 0.0218003 -0.000253179 0.234876 0.988879 -0.000362557 3.36374 3.68182 -0.0905381 
0.00724959 0.021844 -0.000252886 0.172587 1.00136 -0.000353028 3.343 3.70183 -0.0901576 
0.0072281 0.0218876 -0.000252591 0.109631 1.0099 -0.000343091 3.32216 3.72172 -0.0897742 
0.00720652 0.0219311 -0.000252293 0.0462638 1.01445 -0.000332786 3.30121 3.7415 -0.0893879 
0.00718483 0.0219744 -0.000251993 -0.0172613 1.01502 -0.000322152 3.28015 3.76115 -0.0889987 
0.00716305 0.0220177 -0.000251689 -0.0806881 1.01158 -0.000311231 3.25899 3.78068 -0.0886067 
0.00714117 0.0220608 -0.000251383 -0.143762 1.00416 -0.000300067 3.23772 3.80009 -0.0882119 
0.00711919 0.0221037 -0.000251075 -0.206228 0.992787 -0.000288702 3.21635 3.81938 -0.0878142 
0.00709711 0.0221466 -0.000250763 -0.267837 0.977513 -0.000277183 3.19488 3.83855 -0.0874137 
0.00707494 0.0221893 -0.000250449 -0.328342 0.958401 -0.000265554 3.17331 3.8576 -0.0870104 
0.00705268 0.0222319 -0.000250132 -0.387501 0.935533 -0.000253861 3.15163 3.87652 -0.0866043 
0.00703033 0.0222743 -0.000249813 -0.445079 0.909005 -0.00024215 3.12985 3.89532 -0.0861955 
0.00700788 0.0223167 -0.000249491 -0.500848 0.878927 -0.000230466 3.10797 3.91399 -0.0857839 
0.00698535 0.0223589 -0.000249167 -0.554588 0.845427 -0.000218855 3.086 3.93254 -0.0853695 
0.00696274 0.022401 -0.00024884 -0.606087 0.808642 -0.000207362 3.06392 3.95097 -0.0849525 
0.00694003 0.0224429 -0.00024851 -0.655145 0.768726 -0.000196032 3.04175 3.96927 -0.0845327 
0.00691725 0.0224847 -0.000248178 -0.701572 0.725844 -0.000184907 3.01948 3.98744 -0.0841102 
0.00689438 0.0225264 -0.000247843 -0.745189 0.680173 -0.00017403 2.99711 4.00549 -0.0836851 
0.00687142 0.022568 -0.000247505 -0.78583 0.631898 -0.000163444 2.97465 4.02341 -0.0832573 
0.00684839 0.0226094 -0.000247166 -0.823341 0.581217 -0.000153186 2.95209 4.0412 -0.0828268 
0.00682528 0.0226507 -0.000246823 -0.857582 0.528336 -0.000143297 2.92944 4.05886 -0.0823937 
0.00680209 0.0226919 -0.000246478 -0.888427 0.473467 -0.000133812 2.9067 4.0764 -0.081958 
0.00677882 0.0227329 -0.000246131 -0.915763 0.416832 -0.000124766 2.88386 4.0938 -0.0815197 
0.00675547 0.0227739 -0.000245781 -0.939493 0.358655 -0.000116193 2.86093 4.11108 -0.0810788 
0.00673205 0.0228147 -0.000245429 -0.959534 0.299169 -0.000108123 2.83791 4.12823 -0.0806353 
0.00670856 0.0228553 -0.000245075 -0.975819 0.238609 -0.000100585 2.8148 4.14524 -0.0801893 
0.00668499 0.0228959 -0.000244717 -0.988294 0.177212 -9.36053e-005 2.7916 4.16212 -0.0797407 
0.00666135 0.0229363 -0.000244358 -0.996923 0.115218 -8.72079e-005 2.76832 4.17888 -0.0792896 
0.00663764 0.0229766 -0.000243996 -1.00168 0.0528679 -8.14147e-005 2.74494 4.1955 -0.078836 
0.00661386 0.0230167 -0.000243632 -1.00257 -0.00959719 -7.62448e-005 2.72148 4.21199 -0.0783799 
0.00659001 0.0230567 -0.000243265 -0.999579 -0.0719374 -7.17149e-005 2.69793 4.22834 -0.0779213 
0.00656608 0.0230967 -0.000242896 -0.992746 -0.133915 -6.78394e-005 2.6743 4.24456 -0.0774602 
0.00654209 0.0231364 -0.000242525 -0.982104 -0.195294 -6.46297e-005 2.65058 4.26065 -0.0769967 
0.00651803 0.0231761 -0.000242152 -0.967702 -0.255842 -6.20949e-005 2.62678 4.2766 -0.0765308 
0.00649391 0.0232156 -0.000241776 -0.949605 -0.315333 -6.02414e-005 2.6029 4.29242 -0.0760624 
0.00646971 0.023255 -0.000241398 -0.927893 -0.373543 -5.90731e-005 2.57893 4.30811 -0.0755917 
0.00644545 0.0232943 -0.000241017 -0.902655 -0.430256 -5.85912e-005 2.55488 4.32366 -0.0751185 
0.00642112 0.0233335 -0.000240635 -0.873995 -0.485263 -5.87946e-005 2.53075 4.33907 -0.074643 
0.00639673 0.0233725 -0.00024025 -0.842031 -0.53836 -5.96793e-005 2.50655 4.35435 -0.0741652 
0.00637227 0.0234114 -0.000239863 -0.806887 -0.589353 -6.12391e-005 2.48226 4.36949 -0.073685 
0.00634775 0.0234502 -0.000239474 -0.768704 -0.638055 -6.34653e-005 2.45789 4.38449 -0.0732025 
0.00632316 0.0234889 -0.000239082 -0.72763 -0.68429 -6.63468e-005 2.43345 4.39935 -0.0727177 
0.00629851 0.0235274 -0.000238689 -0.683823 -0.72789 -6.98702e-005 2.40893 4.41408 -0.0722307 
0.00627379 0.0235658 -0.000238293 -0.637451 -0.768698 -7.40196e-005 2.38434 4.42867 -0.0717413 
0.00624901 0.0236041 -0.000237895 -0.588691 -0.806566 -7.87773e-005 2.35967 4.44312 -0.0712497 
0.00622417 0.0236423 -0.000237495 -0.537727 -0.84136 -8.41232e-005 2.33493 4.45743 -0.0707559 
0.00619926 0.0236804 -0.000237093 -0.484751 -0.872953 -9.00353e-005 2.31011 4.47161 -0.0702599 
0.00617429 0.0237183 -0.000236689 -0.429961 -0.901234 -9.64895e-005 2.28522 4.48564 -0.0697616 
0.00614925 0.0237561 -0.000236283 -0.373562 -0.926102 -0.00010346 2.26026 4.49953 -0.0692612 
0.00612415 0.0237938 -0.000235874 -0.315762 -0.947467 -0.000110919 2.23523 4.51328 -0.0687586 
0.00609899 0.0238313 -0.000235464 -0.256777 -0.965254 -0.000118837 2.21013 4.52689 -0.0682539 
0.00607377 0.0238688 -0.000235052 -0.196823 -0.9794 -0.000127183 2.18496 4.54037 -0.067747 
0.00604849 0.0239061 -0.000234637 -0.136124 -0.989853 -0.000135925 2.15972 4.55369 -0.067238 
0.00602314 0.0239433 -0.000234221 -0.0749006 -0.996577 -0.000145029 2.13442 4.56688 -0.066727 
0.00599773 0.0239804 -0.000233802 -0.0133801 -0.999547 -0.000154461 2.10905 4.57993 -0.0662138 
0.00597226 0.0240173 -0.000233382 0.0482117 -0.998752 -0.000164182 2.08361 4.59283 -0.0656986 
0.00594672 0.0240541 -0.00023296 0.109648 -0.994193 -0.000174158 2.05811 4.60559 -0.0651814 
0.00592113 0.0240908 -0.000232536 0.170703 -0.985887 -0.000184348 2.03254 4.61821 -0.0646621 
0.00589547 0.0241274 -0.00023211 0.23115 -0.973861 -0.000194715 2.00691 4.63068 -0.0641408 
0.00586975 0.0241638 -0.000231682 0.290768 -0.958157 -0.000205218 1.98122 4.64302 -0.0636175 
0.00584397 0.0242001 -0.000231252 0.349334 -0.93883 -0.000215818 1.95546 4.6552 -0.0630923 
0.00581812 0.0242363 -0.00023082 0.406632 -0.915948 -0.000226473 1.92965 4.66725 -0.062565 
0.00579222 0.0242724 -0.000230387 0.462449 -0.88959 -0.000237144 1.90378 4.67914 -0.0620359 
0.00576625 0.0243083 -0.000229951 0.516575 -0.859849 -0.000247788 1.87784 4.6909 -0.0615048 
0.00574023 0.0243441 -0.000229514 0.568807 -0.826831 -0.000258365 1.85185 4.70251 -0.0609719 
0.00571414 0.0243798 -0.000229075 0.618949 -0.790653 -0.000268833 1.8258 4.71397 -0.060437 
0.00568799 0.0244154 -0.000228634 0.66681 -0.751443 -0.000279152 1.7997 4.72529 -0.0599003 
0.00566179 0.0244508 -0.000228192 0.712207 -0.709343 -0.000289282 1.77354 4.73646 -0.0593617 
0.00563552 0.0244861 -0.000227748 0.754966 -0.664503 -0.000299182 1.74732 4.74749 -0.0588213 
0.00560919 0.0245213 -0.000227302 0.794921 -0.617085 -0.000308814 1.72105 4.75837 -0.0582791 
0.00558281 0.0245563 -0.000226854 0.831916 -0.567262 -0.000318139 1.69473 4.76911 -0.0577351 
0.00555636 0.0245912 -0.000226405 0.865806 -0.515214 -0.000327119 1.66836 4.77969 -0.0571893 
0.00552986 0.0246259 -0.000225954 0.896454 -0.461132 -0.000335718 1.64193 4.79014 -0.0566417 
0.00550329 0.0246606 -0.000225501 0.923737 -0.405216 -0.000343901 1.61546 4.80043 -0.0560925 
0.00547668 0.0246951 -0.000225047 0.947542 -0.347673 -0.000351635 1.58893 4.81058 -0.0555414 
0.00545 0.0247294 -0.000224591 0.967771 -0.288716 -0.000358886 1.56236 4.82058 -0.0549887 
0.00542327 0.0247637 -0.000224133 0.984337 -0.228566 -0.000365625 1.53573 4.83043 -0.0544343 
0.00539648 0.0247977 -0.000223674 0.997165 -0.167449 -0.000371821 1.50907 4.84013 -0.0538783 
0.00536963 0.0248317 -0.000223213 1.0062 -0.105596 -0.00037745 1.48235 4.84969 -0.0533205 
0.00534273 0.0248655 -0.000222751 1.01139 -0.0432432 -0.000382484 1.45559 4.85909 -0.0527612 
0.00531578 0.0248992 -0.000222287 1.0127 0.0193717 -0.000386902 1.42878 4.86835 -0.0522002 
0.00528878 0.0249327 -0.000221822 1.01013 0.0820077 -0.000390683 1.40193 4.87746 -0.0516377 
0.00526172 0.0249661 -0.000221355 1.00367 0.144422 -0.000393808 1.37504 4.88643 -0.0510735 
0.00523461 0.0249993 -0.000220887 0.993336 0.206373 -0.000396262 1.34811 4.89524 -0.0505079 
0.00520745 0.0250324 -0.000220417 0.979154 0.267618 -0.000398032 1.32113 4.9039 -0.0499406 
0.00518024 0.0250654 -0.000219946 0.961169 0.327915 -0.000399107 1.29412 4.91242 -0.0493719 
0.00515298 0.0250982 -0.000219473 0.939444 0.387027 -0.000399478 1.26706 4.92078 -0.0488016 
0.00512567 0.0251308 -0.000218999 0.914053 0.444719 -0.000399142 1.23997 4.929 -0.0482299 
0.00509832 0.0251633 -0.000218524 0.885087 0.500759 -0.000398094 1.21284 4.93706 -0.0476567 
0.00507092 0.0251957 -0.000218047 0.852651 0.554925 -0.000396337 1.18567 4.94498 -0.047082 
0.00504348 0.0252279 -0.000217569 0.816865 0.606996 -0.000393873 1.15847 4.95275 -0.0465059 
0.00501599 0.02526 -0.000217089 0.777863 0.656762 -0.000390709 1.13123 4.96036 -0.0459285 
0.00498847 0.0252919 -0.000216608 0.735793 0.704022 -0.000386853 1.10395 4.96783 -0.0453496 
0.0049609 0.0253237 -0.000216126 0.690817 0.748581 -0.000382318 1.07665 4.97514 -0.0447693 
0.00493329 0.0253553 -0.000215643 0.643107 0.790257 -0.000377118 1.04931 4.98231 -0.0441877 
0.00490565 0.0253867 -0.000215158 0.592849 0.82888 -0.000371271 1.02194 4.98932 -0.0436048 
0.00487796 0.0254181 -0.000214672 0.54024 0.864289 -0.000364798 0.994535 4.99619 -0.0430205 
0.00485025 0.0254492 -0.000214185 0.485488 0.896339 -0.000357722 0.967103 5.0029 -0.042435 
0.0048225 0.0254802 -0.000213697 0.428808 0.924897 -0.000350068 0.939642 5.00946 -0.0418481 
0.00479472 0.0255111 -0.000213207 0.370426 0.949844 -0.000341864 0.912152 5.01587 -0.04126 
0.00476691 0.0255418 -0.000212716 0.310575 0.971077 -0.000333141 0.884636 5.02214 -0.0406707 
0.00473906 0.0255723 -0.000212224 0.249495 0.988507 -0.000323931 0.857092 5.02824 -0.0400801 
0.0047112 0.0256027 -0.000211731 0.187429 1.00206 -0.00031427 0.829523 5.0342 -0.0394884 
0.0046833 0.0256329 -0.000211237 0.124628 1.01169 -0.000304194 0.801929 5.04001 -0.0388954 
0.00465538 0.025663 -0.000210742 0.061344 1.01734 -0.000293741 0.774311 5.04567 -0.0383013 
0.00462744 0.0256929 -0.000210245 -0.00216834 1.019 -0.000282952 0.74667 5.05117 -0.037706 
0.00459948 0.0257227 -0.000209748 -0.0656534 1.01666 -0.000271868 0.719006 5.05653 -0.0371096 
0.0045715 0.0257523 -0.000209249 -0.128856 1.01033 -0.000260533 0.691321 5.06173 -0.0365121 
0.0045435 0.0257817 -0.00020875 -0.191521 1.00004 -0.000248989 0.663616 5.06678 -0.0359135 
0.00451548 0.025811 -0.000208249 -0.253398 0.985833 -0.000237281 0.63589 5.07168 -0.0353139 
0.00448745 0.0258402 -0.000207747 -0.31424 0.967768 -0.000225455 0.608146 5.07643 -0.0347132 
0.00445941 0.0258691 -0.000207245 -0.373802 0.945922 -0.000213556 0.580383 5.08102 -0.0341114 
0.00443135 0.025898 -0.000206741 -0.431847 0.920387 -0.00020163 0.552603 5.08547 -0.0335086 
0.00440328 0.0259266 -0.000206237 -0.488146 0.891271 -0.000189723 0.524807 5.08976 -0.0329049 
0.00437521 0.0259552 -0.000205731 -0.542476 0.858695 -0.00017788 0.496995 5.0939 -0.0323001 
0.00434712 0.0259835 -0.000205225 -0.594624 0.822795 -0.000166147 0.469169 5.09789 -0.0316944 
0.00431903 0.0260117 -0.000204718 -0.644385 0.78372 -0.000154569 0.441328 5.10173 -0.0310878 
0.00429094 0.0260398 -0.00020421 -0.691566 0.741632 -0.000143188 0.413475 5.10542 -0.0304802 
0.00426284 0.0260677 -0.000203701 -0.735987 0.696704 -0.000132048 0.385609 5.10895 -0.0298717 
0.00423474 0.0260955 -0.000203191 -0.777475 0.64912 -0.000121191 0.357732 5.11234 -0.0292623 
0.00420664 0.0261231 -0.00020268 -0.815876 0.599074 -0.000110657 0.329844 5.11557 -0.0286521 
0.00417854 0.0261505 -0.000202169 -0.851044 0.546769 -0.000100484 0.301947 5.11865 -0.0280411 
0.00415044 0.0261778 -0.000201657 -0.882849 0.492417 -9.07103e-005 0.274041 5.12158 -0.0274292 
0.00412235 0.026205 -0.000201144 -0.911175 0.436236 -8.13707e-005 0.246127 5.12436 -0.0268164 
0.00409426 0.026232 -0.00020063 -0.935921 0.37845 -7.24986e-005 0.218205 5.12699 -0.0262029 
0.00406617 0.0262588 -0.000200115 -0.957 0.319291 -6.41256e-005 0.190278 5.12946 -0.0255887 
0.00403809 0.0262855 -0.0001996 -0.974339 0.258991 -5.62809e-005 0.162344 5.13178 -0.0249737 
0.00401002 0.0263121 -0.000199084 -0.987882 0.197787 -4.89915e-005 0.134406 5.13396 -0.0243579 
0.00398195 0.0263385 -0.000198568 -0.997587 0.13592 -4.22822e-005 0.106465 5.13598 -0.0237414 
0.0039539 0.0263648 -0.000198051 -1.00343 0.0736301 -3.61752e-005 0.0785199 5.13785 -0.0231243 
0.00392585 0.0263909 -0.000197533 -1.00539 0.0111579 -3.06905e-005 0.0505729 5.13957 -0.0225064 
0.00389781 0.0264169 -0.000197014 -1.00348 -0.0512561 -2.58453e-005 0.0226245 5.14114 -0.0218879 
0.00386979 0.0264428 -0.000196495 -0.99772 -0.113373 -2.16545e-005 -0.00532443 5.14256 -0.0212688 
0.00384177 0.0264685 -0.000195975 -0.988136 -0.174957 -1.81303e-005 -0.0332731 5.14382 -0.020649 
0.00381377 0.026494 -0.000195455 -0.974776 -0.235775 -1.52823e-005 -0.0612207 5.14494 -0.0200286 
0.00378578 0.0265194 -0.000194934 -0.957703 -0.295597 -1.31177e-005 -0.0891663 5.14591 -0.0194077 
0.00375781 0.0265447 -0.000194413 -0.93699 -0.3542 -1.16408e-005 -0.117109 5.14672 -0.0187862 
0.00372984 0.0265699 -0.000193891 -0.912725 -0.411366 -1.08537e-005 -0.145049 5.14738 -0.0181641 
0.0037019 0.0265949 -0.000193369 -0.885008 -0.466883 -1.07554e-005 -0.172984 5.1479 -0.0175415 
0.00367397 0.0266197 -0.000192846 -0.853952 -0.520546 -1.1343e-005 -0.200913 5.14826 -0.0169184 
0.00364605 0.0266445 -0.000192323 -0.819682 -0.572158 -1.26106e-005 -0.228837 5.14848 -0.0162948 
0.00361815 0.0266691 -0.000191799 -0.782331 -0.62153 -1.455e-005 -0.256754 5.14854 -0.0156708 
0.00359026 0.0266935 -0.000191275 -0.742047 -0.668483 -1.71507e-005 -0.284664 5.14845 -0.0150462 
0.00356239 0.0267178 -0.00019075 -0.698986 -0.712847 -2.03998e-005 -0.312565 5.14822 -0.0144213 
0.00353454 0.026742 -0.000190225 -0.653312 -0.754461 -2.42821e-005 -0.340456 5.14783 -0.0137959 
0.00350671 0.0267661 -0.0001897 -0.6052 -0.793175 -2.878e-005 -0.368338 5.1473 -0.0131702 
0.00347889 0.02679 -0.000189174 -0.554831 -0.82885 -3.38741e-005 -0.396209 5.14661 -0.012544 
0.00345109 0.0268138 -0.000188648 -0.502397 -0.86136 -3.95427e-005 -0.424068 5.14578 -0.0119175 
0.00342331 0.0268375 -0.000188122 -0.448093 -0.890586 -4.57622e-005 -0.451915 5.1448 -0.0112907 
0.00339554 0.026861 -0.000187595 -0.392122 -0.916426 -5.2507e-005 -0.479748 5.14367 -0.0106635 
0.00336779 0.0268844 -0.000187068 -0.334693 -0.938787 -5.97498e-005 -0.507568 5.14238 -0.0100361 
0.00334006 0.0269077 -0.000186541 -0.276017 -0.95759 -6.74616e-005 -0.535372 5.14096 -0.00940829 
0.00331235 0.0269308 -0.000186013 -0.216313 -0.972768 -7.56118e-005 -0.563161 5.13938 -0.00878027 
0.00328466 0.0269538 -0.000185486 -0.155801 -0.984266 -8.41682e-005 -0.590934 5.13765 -0.008152 
0.00325698 0.0269767 -0.000184958 -0.094703 -0.992044 -9.30972e-005 -0.618689 5.13578 -0.00752349 
0.00322932 0.0269994 -0.00018443 -0.0332449 -0.996073 -0.000102364 -0.646427 5.13376 -0.00689478 
0.00320168 0.0270221 -0.000183901 0.0283475 -0.996339 -0.000111933 -0.674145 5.13159 -0.00626587 
0.00317406 0.0270446 -0.000183373 0.0898473 -0.992839 -0.000121766 -0.701844 5.12927 -0.00563678 
0.00314646 0.0270669 -0.000182844 0.151028 -0.985586 -0.000131826 -0.729522 5.1268 -0.00500753 
0.00311887 0.0270892 -0.000182315 0.211664 -0.974605 -0.000142073 -0.75718 5.12419 -0.00437815 
0.00309131 0.0271113 -0.000181786 0.271532 -0.959933 -0.000152469 -0.784815 5.12143 -0.00374865 
0.00306376 0.0271332 -0.000181257 0.33041 -0.941621 -0.000162973 -0.812428 5.11853 -0.00311904 
0.00303623 0.0271551 -0.000180728 0.38808 -0.919734 -0.000173544 -0.840017 5.11547 -0.00248935 
0.00300872 0.0271768 -0.000180199 0.444327 -0.894347 -0.000184142 -0.867582 5.11228 -0.00185959 
0.00298123 0.0271984 -0.00017967 0.498941 -0.865551 -0.000194725 -0.895122 5.10893 -0.00122978 
0.00295376 0.0272199 -0.000179141 0.551717 -0.833448 -0.000205253 -0.922636 5.10544 -0.000599945 
0.00292631 0.0272412 -0.000178612 0.602457 -0.79815 -0.000215683 -0.950124 5.1018 2.99042e-005 
0.00289887 0.0272624 -0.000178082 0.650968 -0.759785 -0.000225976 -0.977584 5.09802 0.000659747 
0.00287146 0.0272835 -0.000177553 0.697065 -0.718488 -0.00023609 -1.00502 5.09409 0.00128957 
0.00284406 0.0273044 -0.000177024 0.740572 -0.674409 -0.000245986 -1.03242 5.09002 0.00191934 
0.00281669 0.0273252 -0.000176495 0.781321 -0.627706 -0.000255624 -1.05979 5.0858 0.00254906 
0.00278934 0.0273459 -0.000175966 0.819152 -0.578548 -0.000264965 -1.08714 5.08144 0.0031787 
0.002762 0.0273665 -0.000175437 0.853917 -0.527115 -0.000273972 -1.11445 5.07693 0.00380824 
0.00273469 0.0273869 -0.000174908 0.885477 -0.473595 -0.000282609 -1.14173 5.07228 0.00443767 
0.0027074 0.0274072 -0.00017438 0.913706 -0.418184 -0.000290838 -1.16898 5.06749 0.00506697 
0.00268012 0.0274274 -0.000173851 0.938487 -0.361087 -0.000298628 -1.19619 5.06255 0.00569612 
0.00265288 0.0274474 -0.000173323 0.959718 -0.302516 -0.000305944 -1.22337 5.05747 0.0063251 
0.00262565 0.0274673 -0.000172794 0.977309 -0.24269 -0.000312755 -1.25052 5.05224 0.0069539 
0.00259844 0.0274871 -0.000172266 0.991181 -0.181834 -0.000319033 -1.27763 5.04688 0.00758249 
0.00257126 0.0275067 -0.000171738 1.00127 -0.120178 -0.00032475 -1.3047 5.04137 0.00821086 
0.00254411 0.0275262 -0.000171211 1.00753 -0.0579553 -0.00032988 -1.33174 5.03571 0.008839 
0.00251697 0.0275456 -0.000170684 1.00993 0.00459591 -0.000334399 -1.35873 5.02992 0.00946688 
0.00248986 0.0275648 -0.000170156 1.00844 0.0672354 -0.000338288 -1.38569 5.02398 0.0100945 
0.00246278 0.0275839 -0.00016963 1.00306 0.129721 -0.000341526 -1.41261 5.01791 0.0107218 
0.00243573 0.0276028 -0.000169103 0.993798 0.191811 -0.000344098 -1.43949 5.01169 0.0113488 
0.0024087 0.0276217 -0.000168577 0.98068 0.253261 -0.00034599 -1.46633 5.00533 0.0119755 
0.0023817 0.0276404 -0.000168051 0.963747 0.313831 -0.00034719 -1.49313 4.99883 0.0126018 
0.00235472 0.0276589 -0.000167525 0.943055 0.373282 -0.000347689 -1.51989 4.99219 0.0132278 
0.00232778 0.0276773 -0.000167 0.918675 0.431378 -0.000347483 -1.5466 4.98541 0.0138534 
0.00230087 0.0276956 -0.000166475 0.890693 0.487886 -0.000346568 -1.57327 4.97849 0.0144786 
0.00227399 0.0277137 -0.000165951 0.85921 0.542581 -0.000344943 -1.5999 4.97143 0.0151034 
0.00224714 0.0277317 -0.000165427 0.824343 0.595242 -0.000342612 -1.62648 4.96423 0.0157278 
0.00222033 0.0277496 -0.000164903 0.786221 0.645656 -0.00033958 -1.65301 4.95689 0.0163517 
0.00219355 0.0277673 -0.00016438 0.744988 0.693619 -0.000335855 -1.6795 4.94942 0.0169752 
0.00216681 0.0277849 -0.000163857 0.700803 0.738933 -0.000331449 -1.70594 4.9418 0.0175981 
0.0021401 0.0278024 -0.000163335 0.653835 0.781415 -0.000326376 -1.73233 4.93405 0.0182206 
0.00211343 0.0278197 -0.000162813 0.604267 0.82089 -0.000320653 -1.75868 4.92616 0.0188426 
0.00208681 0.0278368 -0.000162292 0.552291 0.857194 -0.0003143 -1.78497 4.91814 0.019464 
0.00206022 0.0278539 -0.000161771 0.498114 0.890179 -0.000307339 -1.81122 4.90997 0.0200849 
0.00203367 0.0278708 -0.000161251 0.441948 0.919706 -0.000299796 -1.83741 4.90167 0.0207052 
0.00200717 0.0278875 -0.000160731 0.384017 0.945655 -0.000291697 -1.86355 4.89324 0.0213249 
0.00198072 0.0279041 -0.000160212 0.324552 0.967916 -0.000283073 -1.88964 4.88467 0.0219441 
0.00195431 0.0279206 -0.000159694 0.263789 0.986398 -0.000273956 -1.91568 4.87596 0.0225626 
0.00192794 0.0279369 -0.000159176 0.201974 1.00102 -0.00026438 -1.94167 4.86712 0.0231805 
0.00190163 0.0279531 -0.000158658 0.139353 1.01173 -0.000254382 -1.9676 4.85814 0.0237977 
0.00187537 0.0279691 -0.000158142 0.0761786 1.01848 -0.000243999 -1.99347 4.84903 0.0244143 
0.00184915 0.027985 -0.000157626 0.0127054 1.02124 -0.000233272 -2.01929 4.83979 0.0250301 
0.001823 0.0280008 -0.00015711 -0.0508115 1.02 -0.000222241 -2.04506 4.83041 0.0256453 
0.00179689 0.0280164 -0.000156596 -0.114116 1.01476 -0.000210949 -2.07076 4.8209 0.0262598 
0.00177084 0.0280319 -0.000156082 -0.176955 1.00555 -0.00019944 -2.09641 4.81125 0.0268735 
0.00174485 0.0280473 -0.000155568 -0.239074 0.992416 -0.000187758 -2.12201 4.80148 0.0274865 
0.00171892 0.0280625 -0.000155056 -0.300226 0.975403 -0.000175947 -2.14754 4.79157 0.0280987 
0.00169305 0.0280776 -0.000154544 -0.360165 0.954586 -0.000164054 -2.17301 4.78153 0.0287102 
0.00166724 0.0280925 -0.000154033 -0.418654 0.930053 -0.000152125 -2.19843 4.77135 0.0293208 
0.00164149 0.0281073 -0.000153523 -0.475458 0.901908 -0.000140204 -2.22378 4.76105 0.0299307 
0.00161581 0.028122 -0.000153013 -0.530355 0.870268 -0.000128339 -2.24907 4.75062 0.0305397 
0.00159019 0.0281366 -0.000152505 -0.583127 0.835264 -0.000116573 -2.2743 4.74005 0.0311478 
0.00156464 0.028151 -0.000151997 -0.633569 0.797044 -0.000104952 -2.29946 4.72936 0.0317551 
0.00153916 0.0281653 -0.00015149 -0.681483 0.755763 -9.35196e-005 -2.32457 4.71854 0.0323615 
0.00151374 0.0281794 -0.000150984 -0.726686 0.711594 -8.2319e-005 -2.34961 4.70758 0.032967 
0.0014884 0.0281934 -0.000150478 -0.769003 0.664716 -7.1392e-005 -2.37458 4.6965 0.0335716 
0.00146312 0.0282073 -0.000149974 -0.808273 0.615321 -6.07792e-005 -2.39949 4.68529 0.0341753 
0.00143792 0.0282211 -0.00014947 -0.84435 0.56361 -5.05196e-005 -2.42433 4.67396 0.034778 
0.00141279 0.0282347 -0.000148968 -0.877099 0.509793 -4.0651e-005 -2.44911 4.66249 0.0353798 
0.00138774 0.0282482 -0.000148466 -0.9064 0.454085 -3.12089e-005 -2.47382 4.6509 0.0359806 
0.00136276 0.0282616 -0.000147965 -0.932147 0.39671 -2.22274e-005 -2.49846 4.63918 0.0365805 
0.00133786 0.0282748 -0.000147465 -0.95425 0.337896 -1.37382e-005 -2.52304 4.62734 0.0371793 
0.00131303 0.028288 -0.000146967 -0.972631 0.277876 -5.77122e-006 -2.54754 4.61537 0.0377771 
0.00128828 0.028301 -0.000146469 -0.987231 0.216887 1.6461e-006 -2.57198 4.60327 0.0383738 
0.00126361 0.0283139 -0.000145972 -0.998002 0.155167 8.48846e-006 -2.59634 4.59105 0.0389695 
0.00123902 0.0283266 -0.000145476 -1.00492 0.0929569 1.4733e-005 -2.62063 4.57871 0.0395642 
0.00121451 0.0283393 -0.000144981 -1.00795 0.0304978 2.03593e-005 -2.64486 4.56624 0.0401577 
0.00119007 0.0283518 -0.000144488 -1.00712 -0.0319698 2.53493e-005 -2.66901 4.55365 0.0407502 
0.00116572 0.0283642 -0.000143995 -1.00242 -0.0942068 2.96877e-005 -2.69308 4.54093 0.0413415 
0.00114145 0.0283765 -0.000143503 -0.993888 -0.155976 3.33615e-005 -2.71709 4.5281 0.0419317 
0.00111726 0.0283887 -0.000143013 -0.981569 -0.217043 3.63606e-005 -2.74102 4.51514 0.0425208 
0.00109315 0.0284008 -0.000142523 -0.965516 -0.277179 3.86772e-005 -2.76488 4.50205 0.0431087 
0.00106913 0.0284127 -0.000142035 -0.945803 -0.336157 4.03061e-005 -2.78866 4.48885 0.0436955 
0.00104519 0.0284246 -0.000141548 -0.922511 -0.393757 4.1245e-005 -2.81236 4.47553 0.044281 
0.00102133 0.0284363 -0.000141062 -0.895738 -0.449767 4.14938e-005 -2.83599 4.46208 0.0448654 
0.000997551 0.028448 -0.000140577 -0.865594 -0.503979 4.1055e-005 -2.85954 4.44852 0.0454485 
0.000973857 0.0284595 -0.000140093 -0.832199 -0.556194 3.99338e-005 -2.88302 4.43483 0.0460304 
0.000950248 0.0284709 -0.000139611 -0.795686 -0.606221 3.81378e-005 -2.90642 4.42103 0.0466111 
0.000926721 0.0284822 -0.000139129 -0.756197 -0.653878 3.56768e-005 -2.92973 4.40711 0.0471905 
0.000903279 0.0284934 -0.000138649 -0.713886 -0.698992 3.25631e-005 -2.95297 4.39307 0.0477686 
0.00087992 0.0285045 -0.00013817 -0.668916 -0.741399 2.88115e-005 -2.97613 4.37891 0.0483454 
0.000856644 0.0285155 -0.000137693 -0.621458 -0.780947 2.44388e-005 -2.99921 4.36464 0.0489209 
0.000833453 0.0285264 -0.000137216 -0.571692 -0.817494 1.94638e-005 -3.02221 4.35024 0.0494951 
0.000810345 0.0285372 -0.000136741 -0.519807 -0.850909 1.39079e-005 -3.04513 4.33574 0.050068 
0.00078732 0.0285479 -0.000136268 -0.465997 -0.881073 7.79391e-006 -3.06796 4.32111 0.0506395 
0.000764379 0.0285585 -0.000135795 -0.410463 -0.907877 1.14698e-006 -3.09072 4.30637 0.0512096 
0.000741521 0.028569 -0.000135324 -0.353412 -0.931227 -6.00609e-006 -3.11339 4.29152 0.0517784 
0.000718747 0.0285795 -0.000134854 -0.295055 -0.951039 -1.36367e-005 -3.13597 4.27655 0.0523457 
0.000696056 0.0285898 -0.000134385 -0.235609 -0.967243 -2.17148e-005 -3.15848 4.26147 0.0529117 
0.000673448 0.0286 -0.000133918 -0.175293 -0.979782 -3.02085e-005 -3.18089 4.24627 0.0534762 
0.000650923 0.0286101 -0.000133452 -0.11433 -0.98861 -3.90848e-005 -3.20323 4.23096 0.0540394 
0.00062848 0.0286201 -0.000132988 -0.052943 -0.993696 -4.83091e-005 -3.22547 4.21554 0.054601 
0.00060612 0.02863 -0.000132525 0.00864073 -0.995021 -5.78459e-005 -3.24764 4.20001 0.0551612 
0.000583842 0.0286398 -0.000132063 0.070195 -0.99258 -6.76582e-005 -3.26971 4.18437 0.0557199 
0.000561646 0.0286496 -0.000131603 0.131493 -0.986381 -7.77085e-005 -3.2917 4.16861 0.0562772 
0.000539533 0.0286592 -0.000131144 0.192309 -0.976446 -8.79581e-005 -3.31359 4.15274 0.0568329 
0.000517501 0.0286688 -0.000130687 0.252419 -0.962807 -9.83676e-005 -3.33541 4.13677 0.0573871 
0.000495551 0.0286782 -0.000130231 0.3116 -0.945514 -0.000108897 -3.35713 4.12068 0.0579398 
0.000473682 0.0286876 -0.000129777 0.369633 -0.924625 -0.000119506 -3.37876 4.10449 0.0584909 
0.000451895 0.0286969 -0.000129324 0.426302 -0.900216 -0.000130154 -3.4003 4.08819 0.0590405 
0.000430188 0.028706 -0.000128872 0.481397 -0.87237 -0.0001408 -3.42175 4.07178 0.0595885 
0.000408563 0.0287151 -0.000128422 0.53471 -0.841188 -0.000151403 -3.44312 4.05526 0.0601349 
0.000387018 0.0287241 -0.000127974 0.586041 -0.806778 -0.000161921 -3.46439 4.03864 0.0606797 
0.000365555 0.028733 -0.000127527 0.635196 -0.769265 -0.000172314 -3.48556 4.0219 0.0612229 
0.000344172 0.0287418 -0.000127081 0.681988 -0.728781 -0.000182541 -3.50665 4.00507 0.0617645 
0.000322869 0.0287505 -0.000126638 0.726238 -0.685472 -0.000192562 -3.52764 3.98813 0.0623044 
0.000301647 0.0287592 -0.000126195 0.767775 -0.639495 -0.000202337 -3.54854 3.97108 0.0628427 
0.000280506 0.0287677 -0.000125755 0.806438 -0.591015 -0.000211829 -3.56935 3.95393 0.0633793 
0.000259445 0.0287761 -0.000125316 0.842076 -0.540209 -0.000220998 -3.59006 3.93667 0.0639142 
