5.75665e-006 3.05233e-007 -1.42827e-007 0.663651 0.743347 -0.000167721 -5.41069 -0.643079 0.123677 
2.32774e-005 1.23836e-006 -5.71917e-007 0.0901011 0.98922 -9.54761e-005 -5.37473 -0.902685 0.123953 
5.31303e-005 3.10395e-006 -1.2878e-006 -0.518438 0.850359 1.34279e-005 -5.32566 -1.16009 0.123926 
9.59027e-005 6.66312e-006 -2.29045e-006 -0.927353 0.382902 0.000116435 -5.26363 -1.41467 0.123598 
0.000151905 1.30525e-005 -3.57924e-006 -0.985982 -0.230264 0.000174251 -5.18878 -1.66581 0.122968 
0.000221013 2.35436e-005 -5.15292e-006 -0.681057 -0.759552 0.000166084 -5.10128 -1.91288 0.122039 
0.000302681 3.9282e-005 -7.00954e-006 -0.12995 -1.01531 9.56488e-005 -5.00134 -2.15529 0.120812 
0.000396095 6.11051e-005 -9.14653e-006 0.46778 -0.908248 -1.1844e-005 -4.88918 -2.39244 0.11929 
0.000500366 8.94638e-005 -1.15607e-005 0.897051 -0.474891 -0.000118543 -4.76507 -2.62374 0.117477 
0.000614745 0.000124449 -1.42481e-005 0.99736 0.131697 -0.00018611 -4.62929 -2.8486 0.115375 
0.000738801 0.000165929 -1.72046e-005 0.723069 0.687782 -0.00018918 -4.48214 -3.06648 0.11299 
0.000872508 0.000213787 -2.04252e-005 0.171494 0.978864 -0.000126318 -4.32395 -3.2768 0.110328 
0.00101616 0.000268188 -2.39045e-005 -0.44629 0.889415 -2.24884e-005 -4.15508 -3.47903 0.107392 
0.00117011 0.000329741 -2.76367e-005 -0.89158 0.455859 8.06708e-005 -3.97592 -3.67265 0.104191 
0.00133446 0.000399443 -3.16151e-005 -0.998709 -0.151346 0.000142602 -3.78687 -3.85713 0.10073 
0.00150892 0.000478454 -3.58328e-005 -0.736035 -0.703456 0.000139815 -3.58837 -4.03198 0.097018 
0.00169272 0.000567825 -4.02818e-005 -0.206303 -1.00162 7.30832e-005 -3.38086 -4.19672 0.0930625 
0.00188485 0.000668312 -4.49537e-005 0.397929 -0.941555 -3.45732e-005 -3.16483 -4.35089 0.0888726 
0.00208417 0.000780276 -4.98395e-005 0.859617 -0.543465 -0.000146162 -2.94079 -4.49404 0.0844576 
0.00228967 0.0009037 -5.49295e-005 1.00752 0.0527251 -0.000222625 -2.70927 -4.62576 0.0798277 
0.00250063 0.00103831 -6.02136e-005 0.778798 0.62845 -0.000236326 -2.4708 -4.74564 0.0749933 
0.00271675 0.0011838 -6.56809e-005 0.252734 0.962821 -0.000182616 -2.22598 -4.8533 0.0699659 
0.00293805 0.00134011 -7.13204e-005 -0.370275 0.923451 -8.3613e-005 -1.97538 -4.9484 0.0647571 
0.00316468 0.0015076 -7.71204e-005 -0.849171 0.52675 2.01173e-005 -1.71963 -5.0306 0.0593794 
0.00339658 0.00168702 -8.30687e-005 -1.00432 -0.0705732 8.68644e-005 -1.45936 -5.0996 0.0538458 
0.00363327 0.0018793 -8.91525e-005 -0.785679 -0.642119 9.04943e-005 -1.19523 -5.15513 0.0481698 
0.00387385 0.00208531 -9.53585e-005 -0.280609 -0.980906 2.88082e-005 -0.927908 -5.19694 0.0423656 
0.00411712 0.00230561 -0.000101673 0.326426 -0.968139 -7.75269e-005 -0.658096 -5.22484 0.0364476 
0.00436174 0.00254034 -0.000108081 0.817586 -0.607632 -0.000192622 -0.386497 -5.23862 0.030431 
0.00460648 0.00278928 -0.000114567 1.01196 -0.0254884 -0.000276896 -0.113837 -5.23816 0.0243314 
0.00485041 0.00305188 -0.000121118 0.830067 0.566173 -0.000300527 0.159147 -5.22334 0.0181648 
0.00509298 0.00332756 -0.000127716 0.332841 0.941616 -0.000255568 0.431704 -5.19409 0.0119478 
0.00533405 0.00361588 -0.000134346 -0.291365 0.95263 -0.000161036 0.703072 -5.15038 0.00569724 
0.0055736 0.00391683 -0.000140991 -0.800885 0.595475 -5.61024e-005 0.972482 -5.09221 -0.000569691 
0.00581147 0.00423079 -0.000147636 -1.00327 0.0118996 1.65804e-005 1.23916 -5.01962 -0.00683539 
0.00604714 0.00455834 -0.000154262 -0.830217 -0.575567 2.82503e-005 1.50231 -4.93271 -0.013082 
0.00627963 0.00490001 -0.000160854 -0.352972 -0.952964 -2.6363e-005 1.76117 -4.83161 -0.0192914 
0.00650769 0.00525602 -0.000167393 0.253141 -0.987545 -0.000129086 2.01494 -4.7165 -0.0254454 
0.00672991 0.00562619 -0.000173862 0.770655 -0.66673 -0.000245352 2.26284 -4.58759 -0.0315254 
0.00694499 0.00600996 -0.000180244 1.01007 -0.102209 -0.000335368 2.50409 -4.44515 -0.0375132 
0.00715191 0.0064064 -0.00018652 0.875956 0.501568 -0.000367407 2.73793 -4.2895 -0.0433901 
0.00735008 0.00681448 -0.000192673 0.410677 0.915568 -0.000330308 2.9636 -4.121 -0.0491377 
0.00753931 0.00723333 -0.000198686 -0.210709 0.9769 -0.000239771 3.18036 -3.94005 -0.0547377 
0.00771963 0.00766245 -0.000204541 -0.747673 0.66169 -0.000133139 3.38747 -3.74712 -0.0601719 
0.007891 0.00810173 -0.000210222 -0.996233 0.0956212 -5.35824e-005 3.58424 -3.54269 -0.0654227 
0.00805301 0.00855131 -0.000215713 -0.870043 -0.504164 -3.22874e-005 3.76999 -3.32731 -0.0704724 
0.0082049 0.00901128 -0.000220996 -0.423653 -0.917949 -7.7645e-005 3.94406 -3.10158 -0.075304 
0.00834557 0.00948148 -0.000226057 0.177818 -0.999679 -0.000174181 4.10582 -2.86614 -0.0799009 
0.00847383 0.00996136 -0.00023088 0.718428 -0.720448 -0.000288884 4.2547 -2.62164 -0.0842472 
0.00858855 0.0104499 -0.00023545 1.0012 -0.177027 -0.000381977 4.39015 -2.36882 -0.0883277 
0.00868892 0.0109459 -0.000239754 0.915492 0.434939 -0.000420121 4.51164 -2.10843 -0.0921277 
0.00877457 0.0114479 -0.000243778 0.485063 0.884682 -0.000389228 4.61873 -1.84126 -0.0956337 
0.00884557 0.0119545 -0.000247511 -0.129494 0.995887 -0.000301743 4.71099 -1.56813 -0.0988329 
0.0089023 0.0124648 -0.000250941 -0.69053 0.724709 -0.000192921 4.78805 -1.2899 -0.101714 
0.0089451 0.0129783 -0.000254058 -0.983883 0.179763 -0.000106022 4.8496 -1.00743 -0.104265 
0.00897403 0.0134948 -0.000256854 -0.905552 -0.428693 -7.42755e-005 4.89539 -0.72165 -0.106477 
0.0089888 0.014014 -0.00025932 -0.492862 -0.876463 -0.000109002 4.9252 -0.433463 -0.108343 
0.0089888 0.0145356 -0.00026145 0.100275 -1.00491 -0.000197459 4.9389 -0.143809 -0.109854 
0.00897331 0.0150588 -0.000263238 0.660613 -0.768932 -0.000308418 4.93639 0.146365 -0.111004 
0.00894171 0.0155825 -0.000264679 0.984807 -0.249957 -0.000402433 4.91766 0.436106 -0.111791 
0.00889364 0.0161051 -0.00026577 0.947865 0.366218 -0.000444759 4.88274 0.724461 -0.112209 
0.00882922 0.0166251 -0.000266511 0.554975 0.848619 -0.000418505 4.83174 1.01048 -0.112258 
0.00874903 0.017141 -0.0002669 -0.0487363 1.00888 -0.000332982 4.7648 1.29321 -0.111937 
0.00865398 0.0176518 -0.000266938 -0.630248 0.783505 -0.000221363 4.68216 1.57173 -0.111247 
0.008545 0.0181568 -0.000266628 -0.966686 0.263152 -0.000126861 4.58408 1.84512 -0.110191 
0.00842279 0.0186558 -0.000265975 -0.93688 -0.350299 -8.45453e-005 4.47092 2.11248 -0.108772 
0.00828765 0.0191486 -0.000264982 -0.560497 -0.82948 -0.000108471 4.34307 2.37295 -0.106996 
0.0081396 0.0196351 -0.000263655 0.020704 -1.00396 -0.000188482 4.20097 2.62569 -0.104869 
0.00797848 0.0201145 -0.000262004 0.597329 -0.812689 -0.000295103 4.04513 2.86988 -0.1024 
0.00780419 0.020586 -0.000260034 0.960826 -0.321362 -0.000389367 3.87609 3.10476 -0.0995962 
0.00761686 0.0210483 -0.000257758 0.972715 0.295047 -0.000435426 3.69445 3.3296 -0.0964692 
0.00741708 0.0215001 -0.000255184 0.619829 0.806824 -0.000413735 3.50085 3.5437 -0.09303 
0.00720585 0.0219402 -0.000252326 0.0309558 1.01496 -0.00033034 3.29596 3.74642 -0.089291 
0.00698455 0.0223677 -0.000249195 -0.567214 0.836874 -0.000216163 3.08049 3.93716 -0.0852657 
0.00675455 0.0227824 -0.000245806 -0.944673 0.344465 -0.000114294 2.85519 4.11538 -0.0809683 
0.00651702 0.0231844 -0.000242173 -0.963712 -0.270238 -6.16772e-005 2.62083 4.28057 -0.0764141 
0.00627269 0.0235739 -0.000238311 -0.625984 -0.778064 -7.51985e-005 2.37819 4.43229 -0.0716188 
0.00602196 0.0239511 -0.000234235 -0.0601871 -0.997642 -0.000147356 2.12809 4.57015 -0.0665991 
0.005765 0.0243159 -0.000229963 0.529261 -0.852242 -0.000250426 1.87136 4.69381 -0.061372 
0.00550197 0.0246679 -0.000225511 0.929756 -0.391575 -0.000345894 1.60884 4.80298 -0.0559551 
0.00523323 0.0250063 -0.000220895 0.990283 0.221123 -0.000396847 1.34138 4.89742 -0.0503664 
0.00495948 0.0253304 -0.000216133 0.67962 0.758844 -0.000381229 1.06982 4.97695 -0.0446243 
0.00468187 0.0256393 -0.000211242 0.109489 1.01341 -0.000301819 0.795036 5.04144 -0.0387472 
0.00440187 0.0259327 -0.000206241 -0.50136 0.883789 -0.000186977 0.517865 5.09081 -0.032754 
0.00412098 0.0262108 -0.000201148 -0.917445 0.422555 -7.93028e-005 0.239156 5.12503 -0.0266634 
0.00384047 0.026474 -0.000195979 -0.985308 -0.189567 -1.74881e-005 -0.0402509 5.14412 -0.0204942 
0.00356117 0.0267231 -0.000190755 -0.688339 -0.72304 -2.1372e-005 -0.319529 5.14814 -0.0142652 
0.00328352 0.0269588 -0.000185491 -0.141295 -0.98647 -8.63698e-005 -0.597865 5.1372 -0.00799511 
0.00300768 0.0271815 -0.000180205 0.457487 -0.887801 -0.000186775 -0.87446 5.11145 -0.00170236 
0.00273374 0.0273913 -0.000174916 0.892505 -0.460562 -0.000284717 -1.14854 5.0711 0.00459479 
0.00246193 0.027588 -0.000169639 1.0012 0.144563 -0.00034231 -1.41933 5.01637 0.0108784 
0.00219282 0.0277712 -0.000164391 0.734713 0.704672 -0.000334975 -1.6861 4.94753 0.0171307 
0.00192735 0.0279405 -0.000159189 0.187103 1.00394 -0.000262143 -1.94814 4.86489 0.0233346 
0.00166681 0.0280959 -0.000154049 -0.432361 0.923681 -0.000149392 -2.20476 4.76879 0.0294731 
0.00141256 0.0282377 -0.000148987 -0.884409 0.496705 -3.84744e-005 -2.45529 4.65961 0.0355299 
0.00116569 0.028367 -0.000144018 -1.00076 -0.108938 3.05093e-005 -2.69908 4.53774 0.041489 
0.000926914 0.0284848 -0.000139156 -0.746426 -0.664829 3.48815e-005 -2.93554 4.40361 0.0473349 
0.00069647 0.0285921 -0.000134416 -0.221395 -0.97056 -2.38103e-005 -3.16408 4.25768 0.0530528 
0.000474316 0.0286898 -0.000129811 0.383183 -0.919166 -0.000122148 -3.38415 4.10043 0.0586282 
0.000260298 0.0287781 -0.000125354 0.850055 -0.527855 -0.000223242 -3.59521 3.93235 0.0640475 
5.4363e-005 0.0288573 -0.000121059 1.00615 0.0659582 -0.000288549 -3.79679 3.75396 0.0692974 
-0.000143246 0.0289272 -0.000116936 0.785484 0.644811 -0.000291169 -3.98841 3.5658 0.0743652 
-0.000331893 0.0289876 -0.000112997 0.264012 0.986782 -0.000227152 -4.16964 3.36844 0.0792391 
-0.0005106 0.0290386 -0.000109253 -0.35995 0.956481 -0.000119033 -4.34008 3.16242 0.0839075 
-0.000678288 0.029081 -0.000105714 -0.845069 0.566657 -7.35984e-006 -4.49935 2.94834 0.0883598 
-0.000834086 0.0291156 -0.00010239 -1.00929 -0.0286004 6.66423e-005 -4.64712 2.7268 0.0925858 
-0.000977532 0.0291437 -9.92909e-005 -0.79924 -0.603492 7.76403e-005 -4.78306 2.49839 0.096576 
-0.00110861 0.0291666 -9.6424e-005 -0.299392 -0.949688 2.42028e-005 -4.90691 2.26373 0.100322 
-0.00122763 0.0291852 -9.37974e-005 0.307384 -0.94581 -7.26257e-005 -5.0184 2.02345 0.103814 
-0.00133504 0.0292001 -9.14182e-005 0.803245 -0.592676 -0.000177149 -5.11731 1.77816 0.107046 
-0.00143119 0.0292115 -8.92929e-005 1.00564 -0.0137802 -0.000250479 -5.20345 1.52851 0.110011 
-0.00151618 0.0292194 -8.74274e-005 0.832117 0.580101 -0.000263721 -5.27666 1.27513 0.112702 
-0.00158972 0.0292237 -8.58271e-005 0.340191 0.962515 -0.000209734 -5.33681 1.01866 0.115114 
-0.00165115 0.0292247 -8.44969e-005 -0.284127 0.982444 -0.000107916 -5.38378 0.759756 0.117241 
-0.00169966 0.0292228 -8.3441e-005 -0.799212 0.632449 2.72709e-006 -5.41751 0.499049 0.11908 
-0.00173464 0.0292191 -8.26631e-005 -1.01039 0.0514508 8.01796e-005 -5.43793 0.237187 0.120626 
-0.00175583 0.0292149 -8.21662e-005 -0.846052 -0.538878 9.65867e-005 -5.44504 -0.0251834 0.121876 
-0.00176346 0.0292114 -8.19529e-005 -0.374453 -0.923447 4.75652e-005 -5.43884 -0.287421 0.122828 
-0.00175808 0.0292097 -8.20248e-005 0.230879 -0.96704 -4.82129e-005 -5.41937 -0.548887 0.12348 
-0.00174039 0.0292104 -8.23829e-005 0.752673 -0.654088 -0.000156303 -5.38668 -0.808942 0.12383 
-0.00171105 0.0292138 -8.30279e-005 0.999989 -0.0935897 -0.000237628 -5.34087 -1.06696 0.123879 
-0.00167048 0.0292199 -8.39595e-005 0.874561 0.511549 -0.00026153 -5.28206 -1.3223 0.123626 
-0.00161869 0.0292285 -8.51771e-005 0.41534 0.93189 -0.000217893 -5.21038 -1.57435 0.123071 
-0.00155533 0.0292398 -8.66797e-005 -0.205212 1.00198 -0.000123038 -5.12602 -1.82249 0.122216 
-0.00147986 0.0292542 -8.84655e-005 -0.746954 0.694244 -1.42703e-005 -5.02916 -2.06612 0.121063 
-0.00139189 0.0292727 -9.05324e-005 -1.0039 0.131318 6.58905e-005 -4.92003 -2.30464 0.119615 
-0.00129137 0.0292965 -9.28774e-005 -0.886444 -0.470773 8.72604e-005 -4.79887 -2.53745 0.117874 
-0.00117872 0.0293269 -9.5497e-005 -0.44603 -0.891391 4.24826e-005 -4.66597 -2.76397 0.115844 
-0.00105471 0.0293647 -9.83871e-005 0.154193 -0.982136 -5.22339e-005 -4.52162 -2.98364 0.113529 
-0.0009203 0.0294106 -0.000101543 0.698694 -0.711134 -0.000163751 -4.36615 -3.1959 0.110935 
-0.000776414 0.029465 -0.000104959 0.989246 -0.172381 -0.000252852 -4.19991 -3.4002 0.108067 
-0.000623753 0.0295276 -0.000108629 0.912538 0.440199 -0.000287204 -4.02328 -3.59601 0.104931 
-0.00046264 0.0295983 -0.000112547 0.488916 0.895709 -0.000253802 -3.83666 -3.78281 0.101535 
-0.000293008 0.029677 -0.000116705 -0.123807 1.01554 -0.000165906 -3.64047 -3.96011 0.0978843 
-0.000114575 0.029764 -0.000121097 -0.688728 0.752216 -5.9028e-005 -3.43516 -4.12741 0.0939888 
7.28589e-005 0.0298602 -0.000125714 -0.989963 0.211085 2.39532e-005 -3.22121 -4.28426 0.0898564 
0.000269142 0.0299665 -0.000130546 -0.920296 -0.399 5.06661e-005 -2.99912 -4.4302 0.0854966 
0.00047368 0.030084 -0.000135586 -0.513849 -0.853131 1.08115e-005 -2.76941 -4.5648 0.0809193 
0.000685501 0.0302136 -0.000140823 0.077604 -0.990449 -8.20049e-005 -2.53262 -4.68767 0.0761349 
0.000903429 0.0303558 -0.000146246 0.641436 -0.762924 -0.000196135 -2.28932 -4.79841 0.0711544 
0.00112629 0.0305108 -0.000151845 0.973264 -0.249128 -0.000292344 -2.04011 -4.89667 0.0659897 
0.00135312 0.0306782 -0.000157606 0.94556 0.367044 -0.000336677 -1.78558 -4.98212 0.0606529 
0.00158332 0.0308578 -0.000163519 0.560151 0.854738 -0.000313215 -1.52638 -5.05443 0.055157 
0.0018167 0.0310491 -0.00016957 -0.0407692 1.02355 -0.000232023 -1.26315 -5.11334 0.0495152 
0.00205332 0.0312522 -0.000175746 -0.625248 0.806466 -0.000126619 -0.996561 -5.1586 0.0437415 
0.0022932 0.0314676 -0.000182034 -0.969005 0.290723 -4.00743e-005 -0.727304 -5.18998 0.0378505 
0.00253604 0.0316961 -0.00018842 -0.947768 -0.323516 -6.89866e-006 -0.456083 -5.2073 0.031857 
0.00278112 0.0319384 -0.000194888 -0.577899 -0.808427 -4.03585e-005 -0.183619 -5.2104 0.0257767 
0.00302731 0.0321953 -0.000201424 0.00115857 -0.991482 -0.000129545 0.0893536 -5.19917 0.0196253 
0.00327328 0.0324669 -0.000208012 0.580823 -0.808725 -0.000244513 0.362088 -5.17352 0.0134193 
0.00351768 0.0327532 -0.000214636 0.951706 -0.322954 -0.000346283 0.633824 -5.13342 0.00717546 
0.00375937 0.0330537 -0.00022128 0.972959 0.292937 -0.000399475 0.903794 -5.07884 0.000910973 
0.00399754 0.0333675 -0.000227927 0.628092 0.809611 -0.000385294 1.17122 -5.00984 -0.00535669 
0.00423184 0.0336941 -0.000234559 0.0428342 1.02628 -0.000310431 1.43533 -4.9265 -0.0116097 
0.00446219 0.0340331 -0.000241161 -0.557467 0.856941 -0.00020605 1.69533 -4.82892 -0.0178301 
0.00468854 0.0343844 -0.000247714 -0.941716 0.370001 -0.000115067 1.95044 -4.71728 -0.0239996 
0.00491058 0.0347486 -0.000254202 -0.969263 -0.244522 -7.39683e-005 2.19988 -4.59178 -0.0300998 
0.00512757 0.0351259 -0.000260606 -0.638394 -0.757294 -9.9049e-005 2.44286 -4.45269 -0.0361123 
0.00533839 0.0355168 -0.00026691 -0.0753026 -0.985006 -0.000182257 2.67862 -4.3003 -0.0420186 
0.00554173 0.035921 -0.000273096 0.516606 -0.848065 -0.000295532 2.9064 -4.13497 -0.0478001 
0.00573622 0.0363381 -0.000279146 0.924088 -0.393233 -0.000400389 3.12544 -3.95708 -0.0534386 
0.00592072 0.0367672 -0.000285043 0.993932 0.218486 -0.000460347 3.33503 -3.76709 -0.0589159 
0.00609445 0.0372071 -0.000290769 0.691655 0.76072 -0.000453997 3.53444 -3.56547 -0.064214 
0.00625707 0.0376568 -0.000296309 0.1258 1.02377 -0.000384658 3.723 -3.35277 -0.0693154 
0.0064086 0.0381152 -0.000301645 -0.48649 0.903326 -0.000280833 3.90004 -3.12957 -0.0742029 
0.00654917 0.0385821 -0.000306762 -0.908936 0.448386 -0.000184813 4.06493 -2.89648 -0.0788599 
0.00667866 0.0390572 -0.000311645 -0.985322 -0.162569 -0.000134683 4.21707 -2.65418 -0.0832701 
0.00679662 0.0395407 -0.000316279 -0.695661 -0.700138 -0.000149623 4.35591 -2.40337 -0.0874182 
0.00690222 0.0400323 -0.000320651 -0.152029 -0.971193 -0.000224543 4.48093 -2.14479 -0.0912895 
0.0069944 0.0405316 -0.000324746 0.448474 -0.880876 -0.000333515 4.59165 -1.87923 -0.09487 
0.00707213 0.0410378 -0.000328554 0.889904 -0.459721 -0.000438805 4.68764 -1.60751 -0.0981468 
0.00713453 0.0415496 -0.000332061 1.00768 0.143951 -0.000503047 4.76852 -1.33047 -0.101108 
0.00718114 0.0420655 -0.000335257 0.749764 0.708123 -0.000502471 4.83397 -1.04897 -0.103742 
0.00721197 0.042584 -0.000338134 0.206944 1.01573 -0.000437241 4.8837 -0.763932 -0.10604 
0.00722744 0.0431039 -0.000340682 -0.413394 0.944955 -0.000333186 4.91751 -0.476256 -0.107993 
0.00722811 0.0436244 -0.000342896 -0.871471 0.524977 -0.000231694 4.93524 -0.18688 -0.109592 
0.0072144 0.044145 -0.000344769 -0.996428 -0.0786133 -0.000172076 4.93677 0.103254 -0.110833 
0.00718639 0.0446656 -0.000346296 -0.749919 -0.6378 -0.000176105 4.92209 0.393192 -0.111711 
0.00714381 0.0451859 -0.000347475 -0.229114 -0.950668 -0.00024151 4.8912 0.681982 -0.112221 
0.00708618 0.0457052 -0.000348304 0.376303 -0.907549 -0.000344547 4.84419 0.968669 -0.112362 
0.00701298 0.0462226 -0.000348781 0.848865 -0.522622 -0.000448486 4.7812 1.25231 -0.112133 
0.00692387 0.0467369 -0.000348907 1.01364 0.0691934 -0.000515387 4.70245 1.53196 -0.111535 
0.0068189 0.0472465 -0.000348684 0.801596 0.651536 -0.000519264 4.6082 1.80672 -0.11057 
0.0066986 0.0477499 -0.000348115 0.285325 1.00153 -0.000457148 4.49876 2.07567 -0.109241 
0.00656391 0.0482459 -0.000347206 -0.338992 0.980849 -0.000352208 4.37453 2.33793 -0.107554 
0.00641597 0.0487336 -0.000345962 -0.82983 0.598564 -0.0002449 4.23594 2.59268 -0.105514 
0.00625581 0.0492128 -0.00034439 -1.00274 0.00609291 -0.000175687 4.08347 2.83907 -0.103129 
0.00608409 0.0496833 -0.000342499 -0.801031 -0.57142 -0.000168837 3.91767 3.07634 -0.100408 
0.00590114 0.0501451 -0.000340298 -0.306236 -0.924353 -0.0002248 3.73911 3.30375 -0.0973603 
0.005707 0.050598 -0.000337797 0.300443 -0.928752 -0.000321922 3.54843 3.52058 -0.0939977 
0.00550166 0.0510412 -0.000335009 0.801188 -0.582399 -0.00042445 3.34629 3.7262 -0.0903323 
0.00528522 0.0514739 -0.000331946 1.0118 -0.00616244 -0.000494019 3.13339 3.91998 -0.086377 
0.00505814 0.0518949 -0.00032862 0.846854 0.590505 -0.000502679 2.91047 4.10137 -0.0821461 
0.00482129 0.052303 -0.000325046 0.36049 0.980458 -0.000444369 2.67829 4.26985 -0.0776544 
0.00457597 0.0526974 -0.000321239 -0.263649 1.00995 -0.000339345 2.43764 4.42497 -0.0729177 
0.00432367 0.0530775 -0.000317215 -0.784075 0.667877 -0.000226896 2.18932 4.56632 -0.0679523 
0.00406578 0.0534436 -0.00031299 -1.00396 0.0902657 -0.000148576 1.93417 4.69355 -0.0627752 
0.0038033 0.0537958 -0.000308581 -0.848382 -0.502129 -0.000131272 1.67301 4.80635 -0.057404 
0.00353686 0.0541348 -0.000304004 -0.382582 -0.893127 -0.000178334 1.4067 4.90448 -0.0518564 
0.00326674 0.0544606 -0.000299277 0.221763 -0.94507 -0.000270337 1.13609 4.98774 -0.0461508 
0.00299311 0.0547732 -0.000294417 0.747645 -0.639378 -0.000372558 0.862026 5.05599 -0.0403056 
0.0027162 0.0550723 -0.000289443 1.0027 -0.0823093 -0.000446198 0.58537 5.10913 -0.0343396 
0.00243652 0.0553571 -0.000284371 0.885805 0.524785 -0.000461362 0.306965 5.14713 -0.0282715 
0.00215495 0.055627 -0.000279219 0.432515 0.952042 -0.000408946 0.0276546 5.16999 -0.0221201 
0.00187281 0.0558815 -0.000274007 -0.187277 1.03149 -0.000306163 -0.251733 5.17775 -0.0159043 
0.00159158 0.0561206 -0.00026875 -0.733879 0.731924 -0.000190751 -0.530379 5.17053 -0.00964272 
0.00131266 0.0563449 -0.000263468 -0.999406 0.172898 -0.00010502 -0.807481 5.14846 -0.00335389 
0.00103706 0.0565551 -0.000258178 -0.891009 -0.43076 -7.84046e-005 -1.08226 5.11173 0.00294385 
0.000765381 0.0567521 -0.000252896 -0.457015 -0.857544 -0.000117338 -1.35394 5.06055 0.00923248 
0.000497838 0.0569366 -0.00024764 0.141442 -0.956736 -0.000204923 -1.62178 4.9952 0.0154943 
0.000234473 0.057109 -0.000242425 0.689306 -0.693493 -0.000307764 -1.88507 4.91597 0.0217118 
-2.46496e-005 0.0572693 -0.000237269 0.987153 -0.15899 -0.000386854 -2.1431 4.8232 0.0278682 
-0.000279243 0.0574174 -0.000232186 0.91898 0.454627 -0.000410457 -2.3952 4.71724 0.0339468 
-0.000528644 0.0575529 -0.000227193 0.501712 0.916328 -0.000366364 -2.64074 4.59849 0.0399317 
-0.000771805 0.0576756 -0.000222302 -0.109598 1.04521 -0.000268558 -2.87908 4.46738 0.0458073 
-0.00100746 0.0577858 -0.00021753 -0.67879 0.790203 -0.000152927 -3.10965 4.32435 0.0515584 
-0.00123441 0.0578843 -0.00021289 -0.988338 0.253432 -6.21936e-005 -3.33187 4.16987 0.0571707 
-0.00145183 0.0579722 -0.000208395 -0.927887 -0.357728 -2.80868e-005 -3.54523 4.00444 0.0626302 
-0.00165934 0.0580506 -0.000204058 -0.528353 -0.817746 -6.00791e-005 -3.74922 3.82857 0.0679234 
-0.00185692 0.0581206 -0.000199891 0.060675 -0.96358 -0.000143948 -3.94336 3.6428 0.0730378 
-0.0020448 0.0581827 -0.000195906 0.627239 -0.744276 -0.000247907 -4.12722 3.44768 0.0779611 
-0.0022232 0.0582374 -0.000192113 0.965977 -0.235531 -0.00033308 -4.30038 3.24376 0.0826818 
-0.00239216 0.0582846 -0.000188522 0.946852 0.380732 -0.0003662 -4.46247 3.03164 0.0871889 
-0.00255134 0.0583242 -0.000185144 0.568292 0.87383 -0.000332119 -4.61314 2.8119 0.0914722 
-0.00270003 0.0583562 -0.000181988 -0.0304668 1.05132 -0.000241476 -4.75206 2.58515 0.0955221 
-0.00283727 0.0583809 -0.000179062 -0.618517 0.842648 -0.000127969 -4.87894 2.35199 0.0993294 
-0.00296211 0.0583992 -0.000176374 -0.970193 0.331694 -3.43863e-005 -4.99353 2.11305 0.102886 
-0.00307397 0.0584123 -0.000173932 -0.95819 -0.283111 5.44973e-006 -5.0956 1.86895 0.106184 
-0.00317269 0.0584215 -0.000171743 -0.595607 -0.773575 -2.08709e-005 -5.18494 1.62033 0.109216 
-0.00325852 0.0584279 -0.000169812 -0.0195317 -0.965148 -0.000101792 -5.26139 1.36782 0.111976 
-0.00333194 0.0584323 -0.000168146 0.562322 -0.790994 -0.000207233 -5.32481 1.11206 0.114457 
-0.00339349 0.0584351 -0.000166748 0.939788 -0.311 -0.000298663 -5.37507 0.8537 0.116656 
-0.0034435 0.0584365 -0.000165624 0.969697 0.304071 -0.000341583 -5.4121 0.59338 0.118567 
-0.003482 0.0584363 -0.000164777 0.632223 0.825346 -0.00031818 -5.43585 0.331746 0.120186 
-0.00350858 0.0584346 -0.000164209 0.0499744 1.05029 -0.000235846 -5.44628 0.0694422 0.12151 
-0.00352258 0.0584318 -0.000163925 -0.553075 0.889448 -0.000125913 -5.44339 -0.192889 0.122537 
-0.00352333 0.0584285 -0.000163925 -0.94472 0.407736 -3.08894e-005 -5.42722 -0.454606 0.123264 
-0.00351044 0.058426 -0.000164211 -0.981393 -0.20681 1.35595e-005 -5.39782 -0.715073 0.123689 
-0.00348399 0.0584256 -0.000164784 -0.658073 -0.72473 -7.878e-006 -5.35527 -0.973654 0.123813 
-0.00344443 0.0584285 -0.000165645 -0.0984376 -0.960863 -8.63384e-005 -5.29969 -1.22972 0.123635 
-0.00339252 0.0584354 -0.000166792 0.495181 -0.832802 -0.000193471 -5.2312 -1.48265 0.123155 
-0.00332904 0.0584468 -0.000168224 0.908965 -0.384358 -0.000291159 -5.14998 -1.73183 0.122375 
-0.00325465 0.0584629 -0.00016994 0.987555 0.225727 -0.000343811 -5.05622 -1.97664 0.121297 
-0.00316966 0.0584835 -0.000171937 0.693229 0.7718 -0.000331135 -4.95012 -2.21648 0.119922 
-0.003074 0.0585085 -0.000174213 0.131295 1.04272 -0.0002574 -4.83194 -2.45077 0.118253 
-0.00296726 0.0585382 -0.000176764 -0.482804 0.930886 -0.000151535 -4.70194 -2.67891 0.116295 
-0.00284903 0.0585733 -0.000179587 -0.911999 0.481674 -5.55779e-005 -4.56042 -2.90034 0.11405 
-0.00271912 0.0586148 -0.000182676 -0.997292 -0.128681 -6.81049e-006 -4.40769 -3.1145 0.111526 
-0.00257779 0.058664 -0.000186027 -0.715343 -0.670895 -2.33573e-005 -4.2441 -3.32083 0.108725 
-0.00242571 0.0587218 -0.000189635 -0.175573 -0.950153 -9.91484e-005 -4.07002 -3.51881 0.105656 
-0.00226386 0.0587892 -0.000193492 0.426195 -0.868863 -0.000207684 -3.88585 -3.7079 0.102323 
-0.00209327 0.0588665 -0.000197592 0.873652 -0.454576 -0.000311328 -3.692 -3.88762 0.0987355 
-0.00191487 0.0589537 -0.000201926 1.00025 0.146782 -0.000373444 -3.48892 -4.05746 0.0949003 
-0.00172927 0.0590507 -0.000206488 0.750807 0.714132 -0.000371303 -3.27708 -4.21695 0.0908261 
-0.00153669 0.0591571 -0.000211268 0.21281 1.02925 -0.000306045 -3.05697 -4.36565 0.0865221 
-0.00133699 0.0592731 -0.000216257 -0.408335 0.967245 -0.000204114 -2.82911 -4.50312 0.081998 
-0.00112996 0.0593991 -0.000221445 -0.872416 0.553589 -0.000106948 -2.59403 -4.62895 0.0772642 
-0.000915624 0.059536 -0.000226822 -1.00598 -0.048645 -5.33371e-005 -2.35231 -4.74275 0.0723316 
-0.000694401 0.0596847 -0.000232378 -0.767294 -0.611832 -6.41585e-005 -2.10451 -4.84415 0.0672117 
-0.00046715 0.0598463 -0.0002381 -0.250723 -0.932539 -0.000136189 -1.85125 -4.93282 0.0619166 
-0.000235028 0.0600213 -0.000243976 0.35551 -0.89844 -0.000244975 -1.59315 -5.00844 0.0564591 
6.983e-007 0.06021 -0.000249994 0.833784 -0.520716 -0.000353565 -1.33086 -5.07071 0.0508524 
0.000238865 0.0604123 -0.000256141 1.00739 0.0682319 -0.000424407 -1.06505 -5.1194 0.0451102 
0.000478604 0.0606277 -0.000262403 0.804249 0.653208 -0.000432352 -0.79639 -5.15425 0.0392471 
0.000719457 0.0608557 -0.000268766 0.293609 1.01045 -0.000375298 -0.525593 -5.17509 0.0332777 
0.000961322 0.0610961 -0.000275214 -0.330557 0.99873 -0.000276963 -0.25337 -5.18175 0.0272175 
0.00120423 0.061349 -0.000281735 -0.826638 0.623441 -0.000177929 0.0195455 -5.1741 0.0210823 
0.00144804 0.061615 -0.000288311 -1.00783 0.0332237 -0.000118364 0.29241 -5.15205 0.0148884 
0.0016922 0.0618946 -0.000294927 -0.814067 -0.547478 -0.000121923 0.564466 -5.11555 0.0086524 
0.00193577 0.0621887 -0.000301567 -0.323917 -0.907724 -0.000188321 0.834949 -5.06459 0.00239144 
0.00217746 0.0624976 -0.000308215 0.283065 -0.92098 -0.000295298 1.10308 -4.99918 -0.00387709 
0.00241589 0.0628211 -0.000314853 0.789109 -0.582027 -0.000406838 1.36809 -4.91939 -0.0101355 
0.00264975 0.0631589 -0.000321465 1.00843 -0.00910199 -0.000484759 1.62919 -4.82535 -0.0163657 
0.00287802 0.0635102 -0.000328032 0.852675 0.589727 -0.00050168 1.88559 -4.71719 -0.0225496 
0.00310012 0.0638742 -0.000334538 0.3726 0.986695 -0.000452227 2.13652 -4.59513 -0.0286688 
0.00331585 0.06425 -0.000340964 -0.250567 1.02537 -0.0003571 2.38118 -4.4594 -0.0347049 
0.00352519 0.0646374 -0.000347295 -0.775559 0.690982 -0.000255601 2.61881 -4.3103 -0.0406393 
0.00372802 0.0650365 -0.000353511 -1.00345 0.11659 -0.000188941 2.84865 -4.14815 -0.0464537 
0.00392385 0.0654475 -0.000359596 -0.856009 -0.478061 -0.000183464 3.06994 -3.97336 -0.0521295 
0.00411182 0.0658707 -0.000365532 -0.395376 -0.875718 -0.000241952 3.28195 -3.78634 -0.0576487 
0.00429073 0.0663061 -0.000371303 0.208631 -0.936244 -0.000344545 3.48397 -3.58757 -0.0629931 
0.00445926 0.0667533 -0.000376891 0.739246 -0.638054 -0.00045637 3.67529 -3.37758 -0.0681452 
0.00461622 0.0672113 -0.00038228 1.00271 -0.0846829 -0.000538869 3.85526 -3.15694 -0.0730876 
0.00476067 0.0676791 -0.000387454 0.89511 0.524111 -0.000562742 4.02324 -2.92626 -0.0778035 
0.00489213 0.0681552 -0.000392397 0.448597 0.958124 -0.000519552 4.17861 -2.68619 -0.0822767 
0.00501057 0.0686386 -0.000397094 -0.169559 1.04692 -0.000426909 4.32082 -2.43743 -0.0864916 
0.0051162 0.0691284 -0.000401532 -0.720178 0.755652 -0.000322464 4.44933 -2.18071 -0.0904332 
0.00520918 0.0696242 -0.000405697 -0.993528 0.200762 -0.000248019 4.56365 -1.91682 -0.0940874 
0.00528939 0.070126 -0.000409577 -0.893539 -0.404213 -0.000232287 4.66335 -1.64656 -0.0974411 
0.00535633 0.0706335 -0.000413159 -0.465355 -0.836961 -0.000281038 4.74803 -1.37076 -0.100482 
0.00540918 0.0711464 -0.000416434 0.131965 -0.94443 -0.000376955 4.81735 -1.09029 -0.103199 
0.00544704 0.071664 -0.000419392 0.683831 -0.688777 -0.000486585 4.87103 -0.80605 -0.105581 
0.00546908 0.0721851 -0.000422024 0.989609 -0.158371 -0.000571257 4.90883 -0.518944 -0.107621 
0.00547477 0.0727084 -0.000424322 0.930652 0.45642 -0.000599934 4.93057 -0.229903 -0.109309 
0.00546406 0.0732321 -0.00042628 0.520491 0.924506 -0.000561303 4.93615 0.0601302 -0.11064 
0.00543733 0.0737549 -0.000427894 -0.0886339 1.06276 -0.000470007 4.92551 0.350206 -0.111608 
0.0053953 0.0742757 -0.000429159 -0.661383 0.816529 -0.000361986 4.89865 0.639372 -0.11221 
0.0053387 0.0747939 -0.000430075 -0.978633 0.284673 -0.000279389 4.85565 0.926672 -0.112444 
0.00526799 0.0753092 -0.000430639 -0.92691 -0.32697 -0.000253021 4.79663 1.21116 -0.112307 
0.00518328 0.0758213 -0.000430852 -0.533888 -0.792318 -0.000291421 4.72178 1.49189 -0.111801 
0.00508434 0.07633 -0.000430716 0.0531005 -0.946167 -0.000379714 4.63136 1.76795 -0.110927 
0.00497086 0.0768344 -0.000430234 0.622806 -0.734605 -0.000485934 4.52568 2.03843 -0.109688 
0.00484256 0.0773336 -0.00042941 0.968868 -0.230434 -0.000571553 4.4051 2.30245 -0.10809 
0.00469943 0.0778261 -0.000428249 0.958747 0.386373 -0.000604082 4.27004 2.55914 -0.106137 
0.00454192 0.0783106 -0.000426758 0.587513 0.885329 -0.000569386 4.12099 2.80769 -0.103837 
0.00437092 0.0787857 -0.000424945 -0.0085648 1.07203 -0.000479048 3.95846 3.04731 -0.101199 
0.00418768 0.0792504 -0.00042282 -0.599716 0.872439 -0.000367219 3.78302 3.27724 -0.0982317 
0.00399345 0.0797043 -0.000420393 -0.958957 0.367019 -0.000276371 3.5953 3.49678 -0.0949466 
0.00378926 0.0801474 -0.000417675 -0.955971 -0.247583 -0.000239418 3.39595 3.70525 -0.0913555 
0.00357574 0.0805797 -0.000414678 -0.600571 -0.742856 -0.000267684 3.18567 3.90203 -0.0874711 
0.00335317 0.0810013 -0.000411417 -0.0274357 -0.942268 -0.000348715 2.96517 4.08656 -0.0833075 
0.00312165 0.0814118 -0.000407904 0.556658 -0.776096 -0.000451977 2.73523 4.2583 -0.0788794 
0.0028813 0.0818107 -0.000404154 0.940783 -0.301266 -0.000539066 2.49661 4.41679 -0.0742023 
0.00263243 0.082197 -0.000400184 0.979428 0.313594 -0.000576167 2.25013 4.56161 -0.0692923 
0.00237576 0.0825697 -0.000396007 0.649454 0.840056 -0.000546498 1.9966 4.69239 -0.0641664 
0.00211243 0.0829279 -0.000391642 0.0703781 1.07387 -0.000458493 1.73686 4.80881 -0.0588419 
0.00184392 0.0832711 -0.000387105 -0.535254 0.922244 -0.000344169 1.47176 4.91062 -0.0533366 
0.00157174 0.0835992 -0.000382413 -0.93423 0.446553 -0.000246066 1.20214 4.9976 -0.0476686 
0.00129713 0.0839126 -0.000377584 -0.980107 -0.16721 -0.000199197 0.928856 5.0696 -0.0418565 
0.00102093 0.084212 -0.000372636 -0.664538 -0.689513 -0.000217868 0.652766 5.12652 -0.0359188 
0.000743592 0.0844979 -0.000367587 -0.108651 -0.933376 -0.000292298 0.374719 5.16829 -0.0298744 
0.000465311 0.0847704 -0.000362455 0.48636 -0.813592 -0.000393574 0.0955555 5.19492 -0.023742 
0.000186236 0.0850296 -0.000357256 0.906153 -0.37098 -0.000483515 -0.18389 5.20644 -0.0175405 
-9.33285e-005 0.085275 -0.000352009 0.993226 0.23803 -0.000526982 -0.462796 5.20294 -0.0112886 
-0.00037274 0.0855061 -0.000346732 0.706593 0.788495 -0.000504523 -0.740358 5.18456 -0.00500487 
-0.000650946 0.0857224 -0.000341442 0.148357 1.06783 -0.000421358 -1.01579 5.15146 0.00129235 
-0.000926573 0.0859237 -0.000336156 -0.467727 0.965195 -0.000307128 -1.28831 5.10386 0.00758492 
-0.0011982 0.0861105 -0.000330891 -0.903888 0.522391 -0.000204044 -1.55718 5.04202 0.013855 
-0.00146464 0.0862836 -0.000325665 -0.998431 -0.0866529 -0.000148945 -1.82167 4.96622 0.0200852 
-0.00172515 0.0864439 -0.000320492 -0.724669 -0.632852 -0.000159119 -2.08107 4.87679 0.0262584 
-0.0019794 0.0865923 -0.00031539 -0.18933 -0.919748 -0.000227675 -2.33471 4.77408 0.0323579 
-0.00222736 0.0867296 -0.000310373 0.413084 -0.84703 -0.000327642 -2.58194 4.65848 0.0383677 
-0.00246908 0.086856 -0.000305456 0.865966 -0.439251 -0.00042138 -2.82214 4.53041 0.0442719 
-0.0027045 0.0869716 -0.000300653 1.00083 0.160116 -0.00047267 -3.05469 4.39031 0.0500554 
-0.00293326 0.0870761 -0.000295979 0.75933 0.730982 -0.000459475 -3.27905 4.23864 0.0557036 
-0.0031546 0.0871694 -0.000291447 0.225632 1.05396 -0.000383678 -3.49467 4.07589 0.0612025 
-0.00336743 0.0872514 -0.000287069 -0.396809 1.00106 -0.000272257 -3.70103 3.90257 0.0665384 
-0.00357057 0.0873229 -0.000282858 -0.867368 0.594126 -0.000166758 -3.89767 3.71922 0.0716985 
-0.00376305 0.0873848 -0.000278826 -1.01009 -0.00628866 -0.000105565 -4.08413 3.52637 0.0766706 
-0.00394436 0.0874382 -0.000274984 -0.779887 -0.573042 -0.000108788 -4.26 3.3246 0.0814428 
-0.00411439 0.0874845 -0.000271342 -0.26831 -0.901256 -0.000172432 -4.42489 3.11447 0.0860041 
-0.00427336 0.0875244 -0.00026791 0.337933 -0.875976 -0.000271636 -4.57843 2.89657 0.0903441 
-0.00442161 0.0875586 -0.000264698 0.821123 -0.505389 -0.000369577 -4.7203 2.67151 0.094453 
-0.00455939 0.0875871 -0.000261715 1.00283 0.0806745 -0.000429291 -4.85021 2.43989 0.0983216 
-0.00468669 0.0876101 -0.000258967 0.807924 0.668257 -0.000426444 -4.96789 2.20233 0.101941 
-0.00480308 0.0876273 -0.000256463 0.302269 1.03273 -0.000359671 -5.0731 1.95945 0.105304 
-0.00490779 0.087639 -0.00025421 -0.322393 1.02999 -0.000253089 -5.16563 1.7119 0.108403 
-0.00499992 0.0876457 -0.000252214 -0.824343 0.661711 -0.000147209 -5.24531 1.4603 0.111232 
-0.00507876 0.0876485 -0.000250481 -1.01446 0.0738193 -8.16694e-005 -5.31199 1.20529 0.113783 
-0.00514402 0.0876487 -0.000249015 -0.829356 -0.509986 -7.92897e-005 -5.36554 0.947521 0.116053 
-0.00519581 0.0876475 -0.000247823 -0.344659 -0.877537 -0.000138942 -5.40587 0.68763 0.118036 
-0.00523463 0.087646 -0.000246906 0.261784 -0.899776 -0.000237894 -5.43293 0.426264 0.119728 
-0.00526109 0.0876447 -0.00024627 0.772307 -0.568492 -0.000340246 -5.44668 0.164066 0.121126 
-0.00527574 0.087644 -0.000245915 0.999598 0.000730281 -0.000408497 -5.44711 -0.0983181 0.122227 
-0.00527889 0.0876438 -0.000245844 0.852404 0.601284 -0.000416276 -5.43425 -0.360248 0.123029 
-0.00527043 0.087644 -0.000246059 0.378063 1.00486 -0.000359175 -5.40814 -0.621086 0.123529 
-0.00524991 0.0876448 -0.00024656 -0.244688 1.05236 -0.000258445 -5.36886 -0.880196 0.123729 
-0.00521671 0.0876467 -0.000247349 -0.77481 0.725281 -0.00015333 -5.31652 -1.13695 0.123626 
-0.00517033 0.0876508 -0.000248424 -1.01127 0.153755 -8.44184e-005 -5.25123 -1.39072 0.123221 
-0.00511069 0.0876581 -0.000249784 -0.872545 -0.443474 -7.70956e-005 -5.17317 -1.64089 0.122516 
-0.00503813 0.08767 -0.00025143 -0.417729 -0.84814 -0.000133147 -5.08251 -1.88684 0.121511 
-0.00495336 0.0876875 -0.000253358 0.185254 -0.917702 -0.000232032 -4.97947 -2.12798 0.12021 
-0.00485724 0.0877113 -0.000255565 0.719955 -0.627597 -0.000338812 -4.86428 -2.36371 0.118614 
-0.00475062 0.0877415 -0.000258048 0.991275 -0.0786237 -0.000415516 -4.7372 -2.59344 0.116728 
-0.00463409 0.0877781 -0.000260804 0.892563 0.531103 -0.000433851 -4.59851 -2.8166 0.114554 
-0.00450785 0.087821 -0.000263827 0.452549 0.971129 -0.000386473 -4.44855 -3.03262 0.112099 
-0.00437175 0.0878701 -0.000267114 -0.164199 1.06861 -0.000291795 -4.28763 -3.24095 0.109367 
-0.00422541 0.087926 -0.000270657 -0.719091 0.785012 -0.000187688 -4.11613 -3.44106 0.106364 
-0.00406856 0.0879893 -0.000274452 -1.00054 0.233621 -0.000115516 -3.93444 -3.63241 0.103096 
-0.00390131 0.0880613 -0.000278492 -0.90923 -0.373306 -0.000103084 -3.74296 -3.81451 0.0995713 
-0.00372418 0.088143 -0.000282769 -0.48715 -0.812646 -0.000155101 -3.54214 -3.98686 0.095797 
-0.00353808 0.0882354 -0.000287275 0.108704 -0.929068 -0.000253376 -3.33244 -4.14897 0.0917815 
-0.00334413 0.0883391 -0.000292002 0.664268 -0.681778 -0.000364075 -3.11434 -4.30041 0.0875339 
-0.00314341 0.0884541 -0.00029694 0.977779 -0.156329 -0.000448827 -2.88836 -4.44071 0.0830638 
-0.00293679 0.0885804 -0.00030208 0.927983 0.458733 -0.000477444 -2.65503 -4.56948 0.0783812 
-0.00272478 0.0887176 -0.000307411 0.525033 0.932324 -0.000439618 -2.41491 -4.68632 0.0734971 
-0.00250747 0.0888655 -0.000312923 -0.0816978 1.07918 -0.000350813 -2.16857 -4.79084 0.0684227 
-0.00228474 0.0890243 -0.000318604 -0.657801 0.841039 -0.000247372 -1.91661 -4.88271 0.0631701 
-0.0020565 0.0891945 -0.000324442 -0.982605 0.313436 -0.000171307 -1.65966 -4.96161 0.0577519 
-0.00182302 0.0893771 -0.000330426 -0.939473 -0.299377 -0.000152805 -1.39836 -5.02724 0.0521811 
-0.001585 0.0895729 -0.000336542 -0.55282 -0.770747 -0.000199517 -1.13336 -5.07933 0.0464714 
-0.00134352 0.0897828 -0.000342777 0.0322589 -0.933308 -0.000295724 -0.865344 -5.11766 0.040637 
-0.00109986 0.090007 -0.000349116 0.605237 -0.730234 -0.00040893 -0.595013 -5.14201 0.0346927 
-0.000855333 0.0902456 -0.000355545 0.958829 -0.231446 -0.000500586 -0.323078 -5.15221 0.0286537 
-0.000611029 0.090498 -0.000362049 0.958048 0.385085 -0.000538725 -0.0502659 -5.14814 0.0225357 
-0.000367682 0.0907638 -0.000368613 0.594621 0.889133 -0.000510039 0.222681 -5.12969 0.0163549 
-0.000125609 0.0910424 -0.000375221 0.00181761 1.08439 -0.000426821 0.495011 -5.09679 0.0101278 
0.000115148 0.0913336 -0.000381856 -0.591814 0.893369 -0.000323554 0.765958 -5.04943 0.00387143 
0.000354542 0.0916376 -0.000388503 -0.958063 0.393053 -0.000242642 1.03475 -4.98761 -0.00239686 
0.000592235 0.0919549 -0.000395145 -0.963595 -0.221788 -0.000216578 1.30061 -4.91141 -0.00865943 
0.000827466 0.0922861 -0.000401764 -0.61488 -0.72235 -0.000256059 1.56276 -4.8209 -0.0148984 
0.00105909 0.0926317 -0.000408345 -0.0441743 -0.930082 -0.000347984 1.8204 -4.71625 -0.0210955 
0.00128576 0.0929916 -0.000414868 0.542664 -0.772383 -0.000461383 2.07277 -4.59763 -0.0272326 
0.00150608 0.0933655 -0.000421316 0.933981 -0.303246 -0.0005578 2.31906 -4.46528 -0.0332911 
0.00171888 0.0937526 -0.000427673 0.981991 0.310865 -0.000603784 2.55852 -4.31948 -0.0392526 
0.00192335 0.0941519 -0.000433919 0.66026 0.842042 -0.000583177 2.79037 -4.16056 -0.0450986 
0.00211912 0.0945625 -0.000440038 0.0851784 1.0844 -0.000504986 3.01386 -3.98888 -0.0508107 
0.00230614 0.0949837 -0.000446013 -0.522194 0.941787 -0.000401453 3.22825 -3.80486 -0.0563706 
0.00248444 0.0954151 -0.000451826 -0.927715 0.472054 -0.000314919 3.43283 -3.60897 -0.0617603 
0.00265381 0.0958569 -0.000457461 -0.982103 -0.140954 -0.000279908 3.62688 -3.40173 -0.0669619 
0.00281363 0.0963093 -0.000462901 -0.673637 -0.66771 -0.000310138 3.80974 -3.18369 -0.0719582 
0.00296295 0.0967721 -0.00046813 -0.120836 -0.919404 -0.000395309 3.98076 -2.95545 -0.0767321 
0.00310058 0.0972451 -0.000473132 0.476239 -0.807998 -0.000506219 4.13933 -2.71765 -0.0812673 
0.00322532 0.0977275 -0.000477892 0.902715 -0.371333 -0.000604733 4.28487 -2.47099 -0.085548 
0.00333619 0.0982182 -0.000482397 0.998984 0.236465 -0.000656155 4.41684 -2.21619 -0.0895591 
0.00343257 0.0987157 -0.000486631 0.720848 0.79123 -0.000641757 4.53475 -1.95401 -0.0932862 
0.00351432 0.0992187 -0.000490583 0.16717 1.079 -0.000567402 4.63813 -1.68526 -0.096716 
0.00358171 0.099726 -0.00049424 -0.450052 0.985753 -0.000462946 4.72659 -1.41076 -0.0998359 
0.00363511 0.100237 -0.000497592 -0.892401 0.549665 -0.000370291 4.79977 -1.13137 -0.102634 
0.00367472 0.100751 -0.000500629 -0.995526 -0.0576915 -0.000325591 4.85737 -0.847989 -0.105101 
0.00370041 0.101268 -0.000503343 -0.729373 -0.607516 -0.00034534 4.89914 -0.561511 -0.107227 
0.00371168 0.101789 -0.000505725 -0.197907 -0.901743 -0.000422003 4.9249 -0.272865 -0.109003 
0.00370783 0.102311 -0.000507769 0.405734 -0.837312 -0.000528311 4.93452 0.0170096 -0.110424 
0.00368816 0.102835 -0.000509469 0.864625 -0.435759 -0.000626748 4.92792 0.307164 -0.111483 
0.00365212 0.103358 -0.000510822 1.00835 0.161881 -0.000681628 4.9051 0.596646 -0.112177 
0.0035996 0.10388 -0.000511825 0.775435 0.736521 -0.000671766 4.86611 0.8845 -0.112502 
0.00353094 0.104399 -0.000512477 0.246738 1.06769 -0.000599972 4.81107 1.16978 -0.112457 
0.0034469 0.104913 -0.000512777 -0.376315 1.02438 -0.000493758 4.74015 1.45153 -0.112043 
0.00334844 0.105423 -0.000512728 -0.85276 0.624767 -0.00039451 4.65358 1.72885 -0.111261 
0.00323637 0.105926 -0.000512331 -1.00416 0.0268284 -0.000339851 4.55167 2.0008 -0.110113 
0.00311118 0.106424 -0.000511591 -0.782097 -0.54283 -0.000348877 4.43477 2.26651 -0.108603 
0.00297298 0.106915 -0.000510513 -0.275231 -0.877945 -0.000416674 4.30328 2.5251 -0.106738 
0.00282167 0.1074 -0.000509104 0.331309 -0.860931 -0.000517836 4.15766 2.77576 -0.104524 
0.00265707 0.107878 -0.000507372 0.819726 -0.496934 -0.000615529 3.99844 3.01768 -0.101969 
0.00247918 0.108347 -0.000505324 1.00984 0.0867813 -0.000673322 3.82616 3.25009 -0.0990834 
0.00228834 0.108807 -0.000502971 0.823512 0.677482 -0.000667807 3.64145 3.47228 -0.0958765 
0.00208534 0.109256 -0.000500325 0.323235 1.04973 -0.000598677 3.44493 3.68357 -0.0923605 
0.00187141 0.109692 -0.000497396 -0.301515 1.05659 -0.000490893 3.23731 3.88332 -0.0885479 
0.00164795 0.110116 -0.000494199 -0.809009 0.69607 -0.000385198 3.01929 4.07095 -0.0844526 
0.00141624 0.110528 -0.000490747 -1.00786 0.111297 -0.000320702 2.79163 4.24593 -0.080089 
0.00117724 0.110927 -0.000487055 -0.83136 -0.474823 -0.000319218 2.5551 4.40777 -0.0754724 
0.000931477 0.111313 -0.000483137 -0.352159 -0.848944 -0.000378567 2.3105 4.55603 -0.0706189 
0.000679205 0.111688 -0.000479011 0.253665 -0.879505 -0.000475248 2.05865 4.69034 -0.0655453 
0.00042056 0.11205 -0.000474692 0.768609 -0.555273 -0.00057309 1.80038 4.81037 -0.0602686 
0.000155775 0.112398 -0.000470196 1.00383 0.0108626 -0.000634905 1.53653 4.91584 -0.0548067 
-0.000114627 0.112733 -0.000465542 0.865169 0.613746 -0.000635135 1.26796 5.00653 -0.0491775 
-0.000389704 0.113053 -0.000460746 0.39657 1.02452 -0.000570432 0.99551 5.08228 -0.0433996 
-0.000668119 0.113358 -0.000455826 -0.225706 1.08147 -0.000462989 0.720041 5.14296 -0.0374915 
-0.000948341 0.113647 -0.000450799 -0.760932 0.762448 -0.000352512 0.442402 5.18851 -0.0314719 
-0.00122896 0.113921 -0.000445685 -1.00606 0.194582 -0.000279368 0.163439 5.21891 -0.0253597 
-0.00150892 0.114181 -0.000440501 -0.876287 -0.404455 -0.000268146 -0.116013 5.23419 -0.0191737 
-0.00178761 0.114427 -0.000435265 -0.427637 -0.815422 -0.000319658 -0.39513 5.23443 -0.0129326 
-0.00206475 0.114659 -0.000429994 0.173906 -0.893405 -0.000412605 -0.673101 5.21974 -0.00665502 
-0.00234024 0.114879 -0.000424706 0.712274 -0.610856 -0.000511711 -0.949134 5.19029 -0.000359445 
-0.00261393 0.115086 -0.000419418 0.991072 -0.0657839 -0.000579154 -1.22245 5.14628 0.00593596 
-0.00288543 0.115279 -0.000414147 0.900882 0.545379 -0.000587236 -1.4923 5.08797 0.0122133 
-0.00315398 0.115459 -0.000408909 0.467015 0.991915 -0.000529473 -1.75795 5.01562 0.0184551 
-0.00341842 0.115624 -0.000403721 -0.148633 1.09858 -0.000425112 -2.01868 4.92955 0.024644 
-0.00367738 0.115776 -0.000398599 -0.708081 0.823217 -0.000312504 -2.27383 4.83012 0.0307635 
-0.00392959 0.115914 -0.000393559 -0.997982 0.275963 -0.000232917 -2.52271 4.71769 0.0367971 
-0.00417415 0.116041 -0.000388616 -0.915838 -0.332281 -0.000213525 -2.76472 4.59269 0.042729 
-0.0044106 0.116156 -0.000383783 -0.500464 -0.777659 -0.000258187 -2.99923 4.45554 0.048544 
-0.00463886 0.116261 -0.000379076 0.0932486 -0.902592 -0.000348048 -3.22568 4.30671 0.0542273 
-0.00485904 0.116357 -0.000374508 0.651818 -0.663343 -0.000449054 -3.44353 4.14668 0.0597647 
-0.00507126 0.116443 -0.000370091 0.972404 -0.142614 -0.000523077 -3.65225 3.97595 0.0651424 
-0.00527545 0.11652 -0.000365837 0.931166 0.472942 -0.000540519 -3.85135 3.79505 0.0703476 
-0.00547113 0.116587 -0.00036176 0.53484 0.952276 -0.000491802 -4.04039 3.60451 0.0753676 
-0.00565748 0.116645 -0.000357869 -0.0700769 1.10796 -0.00039302 -4.21894 3.40491 0.0801907 
-0.00583341 0.116693 -0.000354176 -0.65008 0.878176 -0.000280818 -4.38659 3.19681 0.0848056 
-0.00599792 0.116733 -0.00035069 -0.98299 0.35515 -0.00019705 -4.543 2.98079 0.0892017 
-0.00615032 0.116766 -0.000347422 -0.949094 -0.258481 -0.000171281 -4.68781 2.75746 0.0933691 
-0.00629038 0.116793 -0.000344381 -0.569566 -0.73558 -0.000210335 -4.82073 2.52741 0.0972984 
-0.00641827 0.116815 -0.000341574 0.0127811 -0.906686 -0.000297846 -4.94148 2.29128 0.100981 
-0.00653439 0.116833 -0.000339009 0.588194 -0.712072 -0.000401152 -5.04982 2.04967 0.104409 
-0.00663916 0.116847 -0.000336693 0.94852 -0.218765 -0.000482092 -5.14553 1.80322 0.107574 
-0.00673281 0.116858 -0.000334633 0.95637 0.39733 -0.00050948 -5.22842 1.55257 0.11047 
-0.00681523 0.116864 -0.000332834 0.600101 0.906321 -0.000470883 -5.29835 1.29835 0.113091 
-0.00688592 0.116868 -0.000331301 0.00992823 1.11002 -0.000379241 -5.35518 1.04121 0.115432 
-0.0069441 0.116867 -0.00033004 -0.586826 0.927441 -0.000269225 -5.39882 0.781788 0.117487 
-0.00698901 0.116865 -0.000329054 -0.96071 0.432135 -0.000182915 -5.42919 0.520729 0.119252 
-0.0070202 0.116861 -0.000328346 -0.975418 -0.182996 -0.000152072 -5.44626 0.258679 0.120723 
-0.00703768 0.116857 -0.000327921 -0.634131 -0.688913 -0.000186464 -5.45001 -0.00371904 0.121898 
-0.00704183 0.116854 -0.00032778 -0.0666607 -0.905135 -0.000272227 -5.44046 -0.265822 0.122775 
-0.00703332 0.116853 -0.000327924 0.522116 -0.756217 -0.000378131 -5.41764 -0.526992 0.123351 
-0.00701285 0.116855 -0.000328354 0.919877 -0.293218 -0.000466086 -5.38164 -0.786592 0.123625 
-0.00698095 0.116859 -0.000329071 0.976611 0.3196 -0.000503508 -5.33254 -1.04399 0.123598 
-0.00693785 0.116865 -0.000330075 0.662602 0.85494 -0.000475312 -5.27047 -1.29856 0.123268 
-0.00688334 0.116874 -0.000331365 0.0910489 1.10533 -0.000391394 -5.19557 -1.54969 0.122638 
-0.00681694 0.116886 -0.000332939 -0.518546 0.971273 -0.000284364 -5.10804 -1.79675 0.121708 
-0.00673813 0.116901 -0.000334796 -0.931103 0.507025 -0.000196286 -5.00806 -2.03914 0.12048 
-0.00664667 0.116921 -0.000336933 -0.994489 -0.105685 -0.000160883 -4.89587 -2.27627 0.118957 
-0.00654276 0.116946 -0.000339348 -0.69365 -0.637333 -0.000190833 -4.77173 -2.50755 0.117143 
-0.00642701 0.116979 -0.000342036 -0.144514 -0.89735 -0.000274884 -4.63591 -2.7324 0.115041 
-0.00630031 0.117019 -0.000344994 0.454046 -0.794925 -0.000383322 -4.48873 -2.95025 0.112655 
-0.00616362 0.117067 -0.000348216 0.886697 -0.36493 -0.000478175 -4.33051 -3.16056 0.109991 
-0.00601776 0.117124 -0.000351696 0.991782 0.240846 -0.000525513 -4.16161 -3.36276 0.107055 
-0.00586325 0.117188 -0.000355429 0.721914 0.799074 -0.000507661 -3.98242 -3.55635 0.103853 
-0.00570018 0.117261 -0.000359408 0.172684 1.09452 -0.000431488 -3.79334 -3.7408 0.100392 
-0.00552834 0.117341 -0.000363626 -0.445771 1.00996 -0.000327477 -3.5948 -3.91562 0.0966787 
-0.00534745 0.11743 -0.000368076 -0.894446 0.579921 -0.000237546 -3.38727 -4.08033 0.0927225 
-0.00515745 0.117529 -0.000372748 -1.0063 -0.026433 -0.000197262 -3.17122 -4.23447 0.0885319 
-0.00495873 0.117638 -0.000377634 -0.747898 -0.580563 -0.000222151 -2.94716 -4.37759 0.0841163 
-0.00475208 0.117759 -0.000382725 -0.220476 -0.882807 -0.000303669 -2.71561 -4.50927 0.0794857 
-0.0045386 0.117892 -0.00038801 0.384208 -0.827411 -0.000413818 -2.47713 -4.62912 0.0746507 
-0.0043195 0.118037 -0.000393478 0.848983 -0.432918 -0.000514899 -2.23228 -4.73674 0.0696227 
-0.00409585 0.118196 -0.000399118 1.00156 0.162102 -0.000571699 -1.98167 -4.8318 0.0644134 
-0.00386843 0.118366 -0.000404919 0.777394 0.739624 -0.000563936 -1.7259 -4.91396 0.0590352 
-0.00363762 0.118548 -0.000410868 0.253999 1.07817 -0.000495334 -1.46562 -4.98292 0.0535012 
-0.00340344 0.118742 -0.000416952 -0.369301 1.04374 -0.000394036 -1.20148 -5.03841 0.0478248 
-0.00316581 0.118948 -0.000423158 -0.851309 0.650834 -0.000301624 -0.934153 -5.08019 0.0420202 
-0.00292484 0.119167 -0.000429472 -1.01112 0.0547512 -0.00025543 -0.664334 -5.10804 0.0361019 
-0.00268106 0.119399 -0.00043588 -0.796924 -0.518463 -0.000273866 -0.392731 -5.12179 0.030085 
-0.0024354 0.119645 -0.000442367 -0.294492 -0.861129 -0.000351183 -0.120069 -5.12128 0.0239852 
-0.00218911 0.119906 -0.000448917 0.31261 -0.853043 -0.000461271 0.152915 -5.10642 0.0178185 
-0.00194356 0.120181 -0.000455516 0.806541 -0.496353 -0.000566966 0.425469 -5.07713 0.0116013 
-0.00170003 0.120472 -0.000462146 1.00545 0.0842619 -0.000632007 0.696833 -5.03337 0.00535068 
-0.00145948 0.120775 -0.000468792 0.828215 0.677356 -0.000633593 0.966236 -4.97516 -0.000916273 
-0.00122248 0.121092 -0.000475437 0.333957 1.05674 -0.000572177 1.2329 -4.90253 -0.00718194 
-0.000989213 0.121422 -0.000482063 -0.290167 1.07272 -0.000473242 1.49605 -4.81558 -0.0134285 
-0.0007597 0.121763 -0.000488654 -0.80251 0.719599 -0.00037765 1.75489 -4.71443 -0.0196377 
-0.000534104 0.122118 -0.000495193 -1.00948 0.137637 -0.000324267 2.00864 -4.59928 -0.0257915 
-0.000312955 0.122485 -0.000501661 -0.841012 -0.45114 -0.0003344 2.25652 -4.47033 -0.0318713 
-9.71984e-005 0.122866 -0.000508042 -0.366726 -0.832199 -0.000405257 2.49776 -4.32785 -0.0378588 
0.000111915 0.123261 -0.000514318 0.239069 -0.871452 -0.000512811 2.73157 -4.17216 -0.0437353 
0.000313012 0.123669 -0.000520471 0.759021 -0.554658 -0.000620641 2.95722 -4.00363 -0.0494825 
0.000504816 0.124089 -0.000526484 1.00281 0.00797607 -0.000691719 3.17395 -3.82264 -0.055082 
0.000686345 0.124521 -0.000532339 0.873416 0.612797 -0.000701011 3.38103 -3.62967 -0.0605158 
0.000857048 0.124963 -0.00053802 0.411388 1.03048 -0.000645794 3.57777 -3.42521 -0.0657659 
0.0010168 0.125415 -0.00054351 -0.209544 1.09674 -0.000548681 3.76348 -3.2098 -0.070815 
0.0011657 0.125875 -0.000548792 -0.749029 0.785773 -0.000449381 3.93751 -2.98404 -0.0756459 
0.00130377 0.126344 -0.000553852 -1.00206 0.221666 -0.000387869 4.09924 -2.74857 -0.0802421 
0.00143072 0.126821 -0.000558673 -0.880576 -0.379077 -0.000388126 4.24808 -2.50405 -0.0845876 
0.00154587 0.127307 -0.000563243 -0.437448 -0.796296 -0.000450358 4.38349 -2.25121 -0.0886673 
0.00164826 0.127801 -0.000567546 0.16332 -0.88267 -0.00055284 4.50494 -1.9908 -0.0924665 
0.00173678 0.128302 -0.00057157 0.706025 -0.607647 -0.000660168 4.61198 -1.72361 -0.0959716 
0.00181045 0.12881 -0.000575302 0.992975 -0.0664655 -0.000734769 4.7042 -1.45046 -0.0991698 
0.00186859 0.129323 -0.000578732 0.91204 0.546139 -0.000749579 4.78122 -1.17221 -0.102049 
0.00191095 0.12984 -0.000581848 0.48513 0.999262 -0.000698921 4.84272 -0.889737 -0.1046 
0.00193777 0.130358 -0.000584643 -0.128591 1.11532 -0.000602608 4.88846 -0.603944 -0.106811 
0.00194956 0.130878 -0.000587108 -0.691818 0.848556 -0.000499006 4.91823 -0.315751 -0.108675 
0.00194684 0.131399 -0.000589236 -0.989494 0.305896 -0.000428862 4.93187 -0.0260939 -0.110185 
0.00192984 0.131919 -0.000591022 -0.915953 -0.303177 -0.000418524 4.92932 0.26408 -0.111335 
0.00189844 0.13244 -0.000592462 -0.506797 -0.754144 -0.000471011 4.91054 0.553819 -0.11212 
0.0018522 0.13296 -0.000593553 0.0852645 -0.887188 -0.000566889 4.87558 0.842168 -0.112537 
0.0017906 0.133479 -0.000594293 0.647349 -0.655593 -0.000671951 4.82452 1.12818 -0.112585 
0.00171316 0.133996 -0.000594681 0.975522 -0.139201 -0.000748386 4.75754 1.4109 -0.112263 
0.00161972 0.13451 -0.000594719 0.943372 0.477204 -0.000767313 4.67485 1.6894 -0.111572 
0.00151056 0.135018 -0.000594408 0.554259 0.962658 -0.000720122 4.57673 1.96278 -0.110515 
0.00138641 0.135519 -0.000593753 -0.0482212 1.12765 -0.000623804 4.46353 2.23012 -0.109095 
0.00124836 0.136013 -0.000592759 -0.631559 0.906834 -0.000515368 4.33563 2.49057 -0.107318 
0.0010975 0.136498 -0.000591431 -0.972129 0.389078 -0.000436286 4.19349 2.74328 -0.10519 
0.000934682 0.136975 -0.000589778 -0.94715 -0.224644 -0.000415213 4.03761 2.98745 -0.10272 
0.000760369 0.137444 -0.000587808 -0.574535 -0.706774 -0.000457918 3.86853 3.2223 -0.0999151 
0.000574708 0.137903 -0.00058553 0.0052448 -0.885791 -0.000547175 3.68686 3.4471 -0.0967872 
0.000377678 0.138354 -0.000582956 0.583276 -0.699045 -0.000649919 3.49322 3.66117 -0.093347 
0.000169295 0.138795 -0.000580097 0.950538 -0.21063 -0.000728158 3.2883 3.86386 -0.0896072 
-5.01887e-005 0.139225 -0.000576966 0.967224 0.405604 -0.000751413 3.0728 4.05456 -0.085581 
-0.000280114 0.139643 -0.000573576 0.618356 0.920094 -0.00070828 2.84747 4.23274 -0.0812829 
-0.000519371 0.140047 -0.000569942 0.0311115 1.13283 -0.000612745 2.61308 4.3979 -0.0767279 
-0.000766528 0.140438 -0.000566079 -0.568489 0.959411 -0.000500161 2.37042 4.54958 -0.0719319 
-0.00102012 0.140814 -0.000562003 -0.949843 0.469908 -0.000412596 2.1203 4.6874 -0.0669115 
-0.00127895 0.141176 -0.00055773 -0.973703 -0.144706 -0.000381096 1.86355 4.81101 -0.0616838 
-0.0015422 0.141525 -0.000553277 -0.639944 -0.655204 -0.000414383 1.60102 4.92014 -0.0562663 
-0.00180945 0.141861 -0.000548661 -0.0758892 -0.879213 -0.000497633 1.33354 5.01453 -0.0506772 
-0.00208051 0.142184 -0.000543898 0.514632 -0.738451 -0.000599017 1.06198 5.09402 -0.0449346 
-0.00235521 0.142494 -0.000539008 0.918672 -0.280996 -0.000680374 0.787181 5.15846 -0.0390572 
-0.00263318 0.142789 -0.000534007 0.983984 0.33113 -0.000709601 0.510004 5.20779 -0.0330636 
-0.00291373 0.14307 -0.000528913 0.677561 0.871217 -0.000672515 0.231292 5.24196 -0.0269727 
-0.00319573 0.143336 -0.000523745 0.109447 1.13023 -0.000580042 -0.0481159 5.26101 -0.0208034 
-0.00347775 0.143586 -0.00051852 -0.502426 1.00537 -0.000465569 -0.327393 5.26498 -0.0145742 
-0.0037583 0.143821 -0.000513255 -0.922139 0.547346 -0.000371364 -0.605725 5.254 -0.00830404 
-0.00403616 0.144042 -0.000507969 -0.994781 -0.0643047 -0.000330701 -0.882313 5.22821 -0.00201125 
-0.00431053 0.144249 -0.000502679 -0.701956 -0.600137 -0.000355375 -1.15638 5.18781 0.00428588 
-0.00458102 0.144443 -0.000497403 -0.156966 -0.867854 -0.000433257 -1.42716 5.13304 0.0105694 
-0.00484753 0.144625 -0.000492155 0.442556 -0.773891 -0.000534081 -1.69392 5.06416 0.0168216 
-0.00511003 0.144794 -0.000486954 0.880879 -0.350125 -0.000619775 -1.95595 4.98148 0.0230253 
-0.00536834 0.144952 -0.000481815 0.994317 0.254051 -0.000656756 -2.21255 4.88535 0.0291637 
-0.005622 0.145096 -0.000476753 0.732269 0.816176 -0.000628042 -2.46306 4.77612 0.0352202 
-0.00587012 0.145228 -0.000471784 0.187052 1.11971 -0.000541324 -2.70683 4.65422 0.0411789 
-0.0061115 0.145348 -0.000466922 -0.433027 1.04429 -0.000427742 -2.94327 4.52005 0.0470245 
-0.00634486 0.145455 -0.000462182 -0.888417 0.620822 -0.000329434 -3.17178 4.37409 0.0527419 
-0.00656917 0.14555 -0.000457577 -1.00948 0.0160402 -0.000281615 -3.39182 4.2168 0.058317 
-0.00678382 0.145636 -0.000453121 -0.759448 -0.541869 -0.000299051 -3.60286 4.04869 0.0637357 
-0.00698864 0.145712 -0.000448826 -0.236777 -0.851705 -0.000372405 -3.80441 3.87027 0.0689851 
-0.00718375 0.14578 -0.000444704 0.368196 -0.805046 -0.000473222 -3.996 3.68209 0.0740524 
-0.00736939 0.145841 -0.000440766 0.838109 -0.417436 -0.000563845 -4.1772 3.4847 0.0789256 
-0.00754571 0.145894 -0.000437023 0.998865 0.175073 -0.000609534 -4.3476 3.27866 0.0835934 
-0.00771255 0.145939 -0.000433485 0.782803 0.75559 -0.000590723 -4.50684 3.06456 0.088045 
-0.00786937 0.145976 -0.000430162 0.264081 1.10163 -0.00051184 -4.65457 2.84299 0.0922704 
-0.00801528 0.146006 -0.000427063 -0.360085 1.07622 -0.000401493 -4.79048 2.61456 0.0962598 
-0.00814929 0.146029 -0.000424196 -0.848245 0.690182 -0.000301314 -4.91429 2.37989 0.100005 
-0.00827061 0.146046 -0.00042157 -1.01709 0.0961759 -0.000248218 -5.02575 2.13959 0.103497 
-0.00837885 0.146058 -0.000419191 -0.811483 -0.480373 -0.000259834 -5.12462 1.89429 0.106728 
-0.00847409 0.146066 -0.000417067 -0.314298 -0.830462 -0.0003296 -5.21073 1.64462 0.109692 
-0.00855671 0.146073 -0.000415202 0.292516 -0.831314 -0.000430938 -5.2839 1.39123 0.112382 
-0.00862725 0.146077 -0.000413603 0.791128 -0.482082 -0.000526773 -5.34401 1.13476 0.114793 
-0.00868614 0.146079 -0.000412274 0.998077 0.0951693 -0.000581468 -5.39094 0.875845 0.116919 
-0.00873357 0.14608 -0.000411219 0.82927 0.69036 -0.000573143 -5.42463 0.615133 0.118757 
-0.00876933 0.14608 -0.000410442 0.340421 1.07663 -0.000503124 -5.44501 0.35327 0.120302 
-0.00879285 0.146077 -0.000409946 -0.283694 1.10147 -0.000397399 -5.45208 0.0908982 0.121551 
-0.00880341 0.146074 -0.000409733 -0.801501 0.755514 -0.000296791 -5.44584 -0.171339 0.122503 
-0.00880045 0.146071 -0.000409806 -1.0172 0.176153 -0.00023961 -5.42633 -0.4328 0.123154 
-0.00878382 0.146069 -0.000410164 -0.857419 -0.415463 -0.000246266 -5.3936 -0.692851 0.123503 
-0.00875379 0.146069 -0.00041081 -0.38878 -0.803687 -0.000313017 -5.34776 -0.950857 0.123551 
-0.00871099 0.146073 -0.000411743 0.216222 -0.851977 -0.000415206 -5.2889 -1.20619 0.123297 
-0.00865622 0.146081 -0.000412962 0.740454 -0.543104 -0.000516388 -5.21719 -1.45823 0.122741 
-0.0085902 0.146094 -0.000414466 0.99217 0.0154224 -0.000580125 -5.13279 -1.70636 0.121886 
-0.00851343 0.146111 -0.000416253 0.871542 0.621511 -0.000582374 -5.03589 -1.94998 0.120732 
-0.00842601 0.146133 -0.00041832 0.415694 1.04546 -0.000521488 -4.92673 -2.18848 0.119282 
-0.00832767 0.146159 -0.000420666 -0.204258 1.12045 -0.000420841 -4.80554 -2.42127 0.11754 
-0.00821794 0.146189 -0.000423286 -0.748392 0.81699 -0.000320311 -4.6726 -2.64777 0.115509 
-0.00809648 0.146226 -0.000426176 -1.00972 0.256079 -0.000259393 -4.52822 -2.86742 0.113194 
-0.00796334 0.146269 -0.000429333 -0.896925 -0.346919 -0.00026114 -4.37272 -3.07966 0.110599 
-0.007819 0.146321 -0.000432749 -0.459756 -0.770936 -0.000324692 -4.20645 -3.28393 0.10773 
-0.00766429 0.146381 -0.00043642 0.139763 -0.866319 -0.000427465 -4.02978 -3.47972 0.104594 
-0.00750024 0.146451 -0.000440339 0.686366 -0.599551 -0.000533741 -3.84313 -3.66649 0.101196 
-0.00732785 0.146531 -0.000444499 0.981133 -0.0630869 -0.000606322 -3.64691 -3.84376 0.0975452 
-0.00714791 0.146621 -0.000448892 0.909267 0.550077 -0.000619029 -3.44158 -4.01103 0.0936489 
-0.0069608 0.14672 -0.000453509 0.489281 1.00893 -0.000567223 -3.2276 -4.16785 0.0895159 
-0.00676653 0.146829 -0.000458342 -0.122459 1.13362 -0.000471586 -3.00549 -4.31376 0.0851554 
-0.00656489 0.146947 -0.000463383 -0.689431 0.874765 -0.000370916 -2.77576 -4.44833 0.0805775 
-0.00635574 0.147075 -0.000468619 -0.994889 0.336014 -0.000305793 -2.53895 -4.57116 0.0757924 
-0.0061393 0.147215 -0.000474043 -0.92996 -0.274592 -0.000301862 -2.29564 -4.68187 0.0708114 
-0.00591622 0.147367 -0.000479641 -0.527031 -0.731848 -0.000361169 -2.0464 -4.78009 0.0656462 
-0.00568753 0.147532 -0.000485404 0.0633453 -0.873722 -0.000463366 -1.79186 -4.86549 0.0603089 
-0.00545446 0.147711 -0.000491317 0.628923 -0.650566 -0.000573687 -1.53265 -4.93777 0.0548125 
-0.00521826 0.147904 -0.000497369 0.96475 -0.139366 -0.000654338 -1.2694 -4.99664 0.0491703 
-0.00497994 0.148109 -0.000503546 0.941893 0.477017 -0.000677043 -1.00281 -5.04186 0.0433963 
-0.00474016 0.148328 -0.000509835 0.560351 0.967759 -0.000634086 -0.733544 -5.0732 0.0375049 
-0.00449916 0.148558 -0.00051622 -0.039219 1.14134 -0.000543231 -0.462318 -5.09047 0.0315111 
-0.00425695 0.148802 -0.000522688 -0.625402 0.928896 -0.000441917 -0.189851 -5.09353 0.0254305 
-0.00401355 0.149058 -0.000529224 -0.973205 0.415879 -0.000371618 0.0831219 -5.08226 0.019279 
-0.00376927 0.149327 -0.000535812 -0.956758 -0.198494 -0.000360571 0.355854 -5.05657 0.0130728 
-0.0035249 0.14961 -0.000542436 -0.590663 -0.686238 -0.000413838 0.627586 -5.01642 0.00682891 
-0.00328156 0.149908 -0.00054908 -0.0130532 -0.873747 -0.000513443 0.897551 -4.9618 0.000564389 
-0.00304062 0.150221 -0.000555727 0.567987 -0.695473 -0.000625789 1.16497 -4.89276 -0.00570326 
-0.00280345 0.150549 -0.00056236 0.942623 -0.212599 -0.000712762 1.42907 -4.80937 -0.0119562 
-0.00257122 0.15089 -0.000568962 0.968693 0.403117 -0.00074422 1.68905 -4.71175 -0.0181765 
-0.00234474 0.151245 -0.000575515 0.627897 0.922518 -0.00070941 1.94415 -4.60007 -0.0243458 
-0.00212439 0.151611 -0.000582002 0.0443424 1.14384 -0.000622956 2.19357 -4.47453 -0.0304458 
-0.00191021 0.15199 -0.000588406 -0.557313 0.979259 -0.00052053 2.43653 -4.3354 -0.036458 
-0.00170226 0.15238 -0.00059471 -0.945406 0.495361 -0.000444113 2.67227 -4.18297 -0.0423639 
-0.00150083 0.152782 -0.000600895 -0.97777 -0.118917 -0.000424362 2.90002 -4.0176 -0.048145 
-0.00130661 0.153196 -0.000606944 -0.650915 -0.634223 -0.000469435 3.11904 -3.83968 -0.0537831 
-0.00112067 0.153623 -0.00061284 -0.0896366 -0.866265 -0.000563946 3.3286 -3.64965 -0.0592598 
-0.000944296 0.154061 -0.000618566 0.503272 -0.733903 -0.000675684 3.52798 -3.448 -0.0645574 
-0.000778778 0.154512 -0.000624106 0.914239 -0.282259 -0.000766442 3.7165 -3.23527 -0.0696582 
-0.000625207 0.154972 -0.000629442 0.98884 0.328891 -0.000804485 3.8935 -3.01204 -0.074545 
-0.000484295 0.155442 -0.000634558 0.690813 0.873499 -0.00077627 4.05836 -2.77892 -0.0792013 
-0.000356289 0.15592 -0.000639441 0.127008 1.14103 -0.000693308 4.21046 -2.53659 -0.0836107 
-0.000241073 0.156405 -0.000644074 -0.486276 1.02543 -0.000589225 4.34926 -2.28576 -0.087758 
-0.000138429 0.156896 -0.000648444 -0.91234 0.573816 -0.000506071 4.47424 -2.02716 -0.0916284 
-4.83346e-005 0.157393 -0.000652538 -0.993539 -0.0365322 -0.00047655 4.58491 -1.76158 -0.0952081 
2.88695e-005 0.157896 -0.000656344 -0.708103 -0.576331 -0.000511768 4.68086 -1.48984 -0.098484 
9.24923e-005 0.158405 -0.000659851 -0.166638 -0.85158 -0.000599007 4.7617 -1.21278 -0.101444 
0.000141634 0.15892 -0.000663047 0.434485 -0.76592 -0.000707692 4.8271 -0.931278 -0.104077 
0.000175385 0.159439 -0.000665923 0.87912 -0.348229 -0.000799809 4.87679 -0.646227 -0.106374 
0.000193042 0.159961 -0.000668471 1.00157 0.254477 -0.000842228 4.91055 -0.358545 -0.108326 
0.000194288 0.160484 -0.000670683 0.748063 0.820644 -0.000818763 4.92823 -0.0691651 -0.109924 
0.000179295 0.161008 -0.000672555 0.207638 1.13252 -0.000737946 4.92972 0.220969 -0.111164 
0.000148644 0.16153 -0.000674081 -0.413309 1.06663 -0.000631358 4.91498 0.510905 -0.112041 
0.000103074 0.16205 -0.000675259 -0.874743 0.650234 -0.000540939 4.88404 0.79969 -0.11255 
4.31846e-005 0.162567 -0.000676086 -1.00447 0.0475986 -0.000501191 4.83699 1.08637 -0.11269 
-3.07646e-005 0.163082 -0.000676561 -0.762358 -0.513515 -0.000525947 4.77395 1.37 -0.11246 
-0.000118863 0.163593 -0.000676687 -0.244047 -0.830426 -0.00060503 4.69516 1.64964 -0.111861 
-0.000221425 0.164101 -0.000676463 0.361619 -0.792025 -0.000709503 4.60086 1.92438 -0.110894 
-0.000338793 0.164605 -0.000675894 0.837095 -0.410825 -0.000801724 4.49138 2.19331 -0.109564 
-0.000471137 0.165102 -0.000674984 1.00645 0.179634 -0.000847468 4.3671 2.45556 -0.107876 
-0.000618255 0.165593 -0.000673739 0.79895 0.763583 -0.000828044 4.22847 2.71027 -0.105835 
-0.000779475 0.166075 -0.000672166 0.285417 1.11761 -0.000748915 4.07596 2.95664 -0.103449 
-0.000953702 0.166547 -0.000670274 -0.339099 1.10182 -0.000639493 3.91012 3.19389 -0.100727 
-0.00113966 0.167009 -0.000668071 -0.832991 0.723351 -0.000541564 3.73153 3.42126 -0.0976784 
-0.00133619 0.16746 -0.00066557 -1.01058 0.132182 -0.000491453 3.54081 3.63807 -0.094315 
-0.00154248 0.1679 -0.00066278 -0.813398 -0.446942 -0.000505772 3.33864 3.84365 -0.0906486 
-0.0017581 0.16833 -0.000659716 -0.32139 -0.803744 -0.000576913 3.12571 4.03739 -0.0866925 
-0.00198291 0.168749 -0.00065639 0.285185 -0.812891 -0.000677549 2.90276 4.21874 -0.0824607 
-0.00221681 0.169157 -0.000652816 0.788555 -0.470505 -0.000770367 2.67055 4.38719 -0.0779683 
-0.00245963 0.169553 -0.000649009 1.00363 0.103995 -0.000820084 2.42988 4.54227 -0.0732309 
-0.00271086 0.169936 -0.000644984 0.843352 0.701876 -0.000805672 2.18154 4.68358 -0.0682648 
-0.00296955 0.170305 -0.000640759 0.360059 1.0956 -0.000729543 1.92637 4.81076 -0.0630872 
-0.00323438 0.170659 -0.000636348 -0.26386 1.12998 -0.000618646 1.66519 4.92352 -0.0577154 
-0.0035038 0.170998 -0.000631771 -0.787 0.791942 -0.000514274 1.39887 5.02161 -0.0521673 
-0.00377642 0.171322 -0.000627043 -1.01142 0.21599 -0.000454477 1.12824 5.10482 -0.0464612 
-0.00405119 0.171632 -0.000622182 -0.860473 -0.377673 -0.00045881 0.854173 5.17303 -0.0406157 
-0.00432749 0.171928 -0.000617208 -0.397728 -0.772332 -0.000522506 0.57751 5.22613 -0.0346493 
-0.00460503 0.172211 -0.000612136 0.206175 -0.829012 -0.000620092 0.299102 5.26408 -0.0285809 
-0.00488365 0.172481 -0.000606985 0.734388 -0.527487 -0.000714726 0.0197896 5.28689 -0.0224293 
-0.00516315 0.172737 -0.000601772 0.993768 0.0274907 -0.000770099 -0.259597 5.29461 -0.0162134 
-0.00544306 0.172978 -0.000596516 0.88165 0.635409 -0.000762795 -0.538239 5.28734 -0.00995167 
-0.00572252 0.173206 -0.000591234 0.431747 1.06617 -0.000692106 -0.815336 5.26523 -0.00366279 
-0.00600029 0.173418 -0.000585943 -0.187407 1.15046 -0.00058234 -1.0901 5.22845 0.00263496 
-0.00627491 0.173615 -0.000580661 -0.736367 0.855146 -0.00047393 -1.36177 5.17724 0.00892353 
-0.00654505 0.173798 -0.000575404 -1.00627 0.298144 -0.000406311 -1.62961 5.11185 0.0151852 
-0.00680974 0.173968 -0.00057019 -0.902564 -0.306413 -0.000401894 -1.89288 5.03258 0.0214026 
-0.00706846 0.174125 -0.000565034 -0.471877 -0.736609 -0.000458924 -2.15089 4.93976 0.0275588 
-0.00732104 0.174271 -0.000559952 0.1258 -0.840488 -0.000554093 -2.40298 4.83377 0.0336372 
-0.00756752 0.174406 -0.000554958 0.675689 -0.581569 -0.000651369 -2.64849 4.71498 0.0396217 
-0.00780792 0.17453 -0.000550069 0.977704 -0.0494822 -0.000713692 -2.88681 4.58383 0.0454969 
-0.00804202 0.174643 -0.000545297 0.914374 0.56458 -0.000715398 -3.11735 4.44077 0.0512477 
-0.00826926 0.174744 -0.000540658 0.500788 1.02951 -0.000652589 -3.33956 4.28626 0.0568595 
-0.00848866 0.174834 -0.000536163 -0.109473 1.16317 -0.000546666 -3.55289 4.12079 0.0623185 
-0.00869904 0.174913 -0.000531826 -0.680655 0.912605 -0.000436865 -3.75684 3.9449 0.0676113 
-0.00889931 0.174982 -0.000527659 -0.99439 0.378215 -0.000363708 -3.95096 3.7591 0.0727251 
-0.0090887 0.175042 -0.000523674 -0.938678 -0.233456 -0.000352269 -4.13478 3.56394 0.0776478 
-0.00926691 0.175094 -0.000519881 -0.542693 -0.696606 -0.000403773 -4.30792 3.36001 0.0823679 
-0.00943402 0.175138 -0.000516292 0.045212 -0.847038 -0.000497205 -4.46997 3.14786 0.0868743 
-0.00959034 0.175177 -0.000512915 0.613477 -0.632183 -0.000597584 -4.6206 2.9281 0.091157 
-0.00973617 0.17521 -0.00050976 0.956193 -0.126152 -0.000667415 -4.75949 2.70132 0.0952061 
-0.00987163 0.175237 -0.000506835 0.941939 0.490186 -0.00067909 -4.88634 2.46815 0.0990126 
-0.00999651 0.175259 -0.000504148 0.56732 0.986214 -0.000625675 -5.00089 2.22919 0.102568 
-0.0101101 0.175274 -0.000501706 -0.0299887 1.1684 -0.000525562 -5.10292 1.98508 0.105865 
-0.0102117 0.175284 -0.000499518 -0.619652 0.964341 -0.000416444 -5.19223 1.73644 0.108897 
-0.0103003 0.17529 -0.000497587 -0.975308 0.456117 -0.000339588 -5.26864 1.48392 0.111656 
-0.0103754 0.175292 -0.000495921 -0.968068 -0.158806 -0.000322582 -5.33201 1.22816 0.114137 
-0.010437 0.175291 -0.000494525 -0.609264 -0.652099 -0.000369611 -5.38224 0.96979 0.116334 
-0.0104853 0.17529 -0.000493401 -0.0346589 -0.848148 -0.000461967 -5.41923 0.709466 0.118244 
-0.010521 0.175289 -0.000492555 0.548552 -0.678539 -0.000565801 -5.44294 0.447829 0.119863 
-0.0105447 0.175288 -0.000491989 0.929773 -0.201536 -0.000643345 -5.45333 0.185524 0.121186 
-0.0105567 0.175288 -0.000491706 0.964541 0.413247 -0.000665271 -5.4504 -0.0768064 0.122212 
-0.0105572 0.175287 -0.000491707 0.631232 0.937142 -0.00062183 -5.43419 -0.338521 0.122937 
-0.0105459 0.175287 -0.000491994 0.0508144 1.16667 -0.000528458 -5.40475 -0.598983 0.123362 
-0.0105222 0.175288 -0.000492568 -0.553465 1.01058 -0.000421154 -5.36217 -0.857557 0.123485 
-0.0104855 0.17529 -0.000493428 -0.948861 0.531932 -0.000341631 -5.30654 -1.11362 0.123306 
-0.0104355 0.175295 -0.000494576 -0.9903 -0.0823355 -0.000319786 -5.23802 -1.36654 0.122826 
-0.0103722 0.175304 -0.000496009 -0.670974 -0.602764 -0.000362777 -5.15676 -1.6157 0.122045 
-0.0102964 0.175317 -0.000497726 -0.113155 -0.843227 -0.000454304 -5.06296 -1.8605 0.120965 
-0.0102087 0.175336 -0.000499724 0.48146 -0.719779 -0.000561706 -4.95683 -2.10033 0.119589 
-0.0101101 0.175362 -0.000502001 0.898745 -0.274585 -0.000646987 -4.83861 -2.33459 0.11792 
-0.0100012 0.175394 -0.000504554 0.982146 0.334851 -0.000679181 -4.70858 -2.56272 0.11596 
-0.00988251 0.175432 -0.000507377 0.692169 0.883221 -0.000645808 -4.56702 -2.78413 0.113715 
-0.00975398 0.175476 -0.000510467 0.132425 1.15858 -0.000559388 -4.41426 -2.99826 0.11119 
-0.0096153 0.175527 -0.000513819 -0.482519 1.0516 -0.000454147 -4.25064 -3.20457 0.108389 
-0.00946612 0.175584 -0.000517427 -0.915217 0.605773 -0.000372103 -4.07653 -3.40252 0.105318 
-0.00930632 0.175649 -0.000521284 -1.00525 -0.00390746 -0.000345314 -3.89233 -3.59159 0.101985 
-0.00913622 0.175724 -0.000525385 -0.727497 -0.548295 -0.000383873 -3.69845 -3.77128 0.0983966 
-0.00895657 0.175808 -0.00052972 -0.189885 -0.831714 -0.000474027 -3.49535 -3.94109 0.0945606 
-0.0087684 0.175904 -0.000534283 0.412504 -0.755081 -0.000584483 -3.28348 -4.10055 0.0904858 
-0.00857282 0.176011 -0.000539064 0.863182 -0.344285 -0.000677116 -3.06335 -4.24922 0.0861811 
-0.00837084 0.176129 -0.000544054 0.994502 0.256064 -0.000719351 -2.83546 -4.38665 0.0816564 
-0.00816313 0.176258 -0.000549243 0.749559 0.825372 -0.000695946 -2.60037 -4.51245 0.0769219 
-0.00794997 0.176397 -0.00055462 0.214086 1.14476 -0.000616395 -2.35862 -4.62621 0.0719887 
-0.00773131 0.176548 -0.000560176 -0.407523 1.08767 -0.000512981 -2.11081 -4.72758 0.0668682 
-0.00750699 0.176709 -0.000565898 -0.874841 0.677691 -0.000427877 -1.85753 -4.81621 0.0615727 
-0.0072771 0.176882 -0.000571774 -1.0131 0.0765249 -0.000395255 -1.59942 -4.89178 0.0561147 
-0.0070421 0.177068 -0.000577793 -0.778786 -0.488489 -0.000428175 -1.33712 -4.95402 0.0505075 
-0.00680291 0.177268 -0.00058394 -0.264708 -0.813167 -0.000515524 -1.0713 -5.00266 0.044765 
-0.00656074 0.177481 -0.000590203 0.341765 -0.783745 -0.000627587 -0.802631 -5.03748 0.0389015 
-0.00631691 0.177709 -0.000596566 0.822952 -0.409742 -0.000726356 -0.531828 -5.05828 0.0329319 
-0.00607263 0.177952 -0.000603015 1.00116 0.17784 -0.000777802 -0.259603 -5.06489 0.0268714 
-0.00582882 0.178208 -0.000609536 0.802631 0.764417 -0.000763927 0.0133137 -5.0572 0.020736 
-0.00558599 0.178476 -0.000616112 0.294825 1.12571 -0.000691018 0.286177 -5.03511 0.014542 
-0.00534427 0.178758 -0.000622728 -0.32943 1.11895 -0.00058909 0.55823 -4.99857 0.00830587 
-0.00510368 0.179052 -0.000629368 -0.828467 0.747591 -0.000500154 0.828707 -4.94756 0.00204486 
-0.00486437 0.179359 -0.000636015 -1.01429 0.158822 -0.000460363 1.09683 -4.8821 -0.00422366 
-0.00462692 0.17968 -0.000642653 -0.825048 -0.423351 -0.000485815 1.36183 -4.80228 -0.010482 
-0.00439227 0.180015 -0.000649265 -0.337717 -0.787359 -0.000568211 1.62292 -4.70819 -0.0167121 
-0.00416173 0.180364 -0.000655832 0.269119 -0.805293 -0.000679589 1.8793 -4.6 -0.0228958 
-0.00393668 0.180728 -0.000662338 0.77775 -0.470272 -0.000782298 2.13021 -4.47789 -0.0290148 
-0.00371843 0.181106 -0.000668765 1.00152 0.100926 -0.000841143 2.37485 -4.34212 -0.0350506 
-0.00350798 0.181496 -0.000675095 0.850458 0.700976 -0.000835574 2.61247 -4.19298 -0.0409847 
-0.00330591 0.181898 -0.000681311 0.373506 1.10175 -0.000768643 2.84228 -4.0308 -0.0467987 
-0.00311241 0.182311 -0.000687395 -0.249378 1.14537 -0.000667785 3.06354 -3.85597 -0.0524741 
-0.00292743 0.182734 -0.000693331 -0.777031 0.815137 -0.000574396 3.27553 -3.66891 -0.0579928 
-0.00275107 0.183168 -0.000699101 -1.00945 0.242552 -0.000526251 3.47751 -3.47011 -0.0633366 
-0.00258373 0.183613 -0.000704688 -0.866668 -0.353217 -0.000542391 3.6688 -3.26009 -0.0684881 
-0.00242624 0.184068 -0.000710076 -0.409164 -0.754413 -0.000617467 3.84874 -3.03942 -0.0734299 
-0.0022797 0.184534 -0.000715249 0.19431 -0.819598 -0.000725526 4.01667 -2.8087 -0.0781451 
-0.00214533 0.18501 -0.000720192 0.727173 -0.525535 -0.000829514 4.17201 -2.56861 -0.0826176 
-0.00202427 0.185494 -0.000724889 0.994902 0.0257522 -0.000893285 4.31418 -2.31982 -0.0868316 
-0.00191733 0.185987 -0.000729326 0.892056 0.635366 -0.000893984 4.44265 -2.06309 -0.0907724 
-0.00182488 0.186486 -0.000733491 0.448941 1.0729 -0.00083162 4.55693 -1.79917 -0.0944257 
-0.00174686 0.18699 -0.000737369 -0.168554 1.16659 -0.000731001 4.65658 -1.52889 -0.0977785 
-0.00168291 0.187497 -0.000740951 -0.721518 0.879655 -0.000632596 4.74122 -1.25308 -0.100818 
-0.00163273 0.188009 -0.000744224 -0.999264 0.326904 -0.000575407 4.8105 -0.972599 -0.103534 
-0.0015963 0.188524 -0.000747181 -0.904034 -0.278843 -0.000581127 4.86413 -0.688347 -0.105916 
-0.00157396 0.189042 -0.000749811 -0.479266 -0.714899 -0.000647258 4.90188 -0.401234 -0.107954 
-0.00156635 0.189563 -0.000752109 0.117143 -0.826992 -0.000749963 4.92357 -0.112189 -0.109641 
-0.00157422 0.190087 -0.000754066 0.67091 -0.575646 -0.000853047 4.9291 0.177846 -0.110971 
-0.00159823 0.19061 -0.00075568 0.98076 -0.0476712 -0.000919706 4.91841 0.467921 -0.111939 
-0.00163874 0.191134 -0.000756944 0.926587 0.567532 -0.000924925 4.89151 0.757082 -0.112539 
-0.00169564 0.191655 -0.000757859 0.520089 1.03882 -0.000865724 4.84846 1.04437 -0.112771 
-0.00176837 0.192173 -0.000758422 -0.0879835 1.18187 -0.000764325 4.78939 1.32885 -0.112634 
-0.00185603 0.192685 -0.000758633 -0.662728 0.940122 -0.000660235 4.7145 1.60958 -0.112126 
-0.00195773 0.193193 -0.000758496 -0.984202 0.41072 -0.000593563 4.62404 1.88562 -0.111251 
-0.00207283 0.193695 -0.000758012 -0.937293 -0.201354 -0.000588507 4.51831 2.15608 -0.110012 
-0.00220106 0.194191 -0.000757187 -0.547938 -0.669768 -0.000645296 4.39768 2.42007 -0.108412 
-0.00234245 0.194681 -0.000756025 0.0377833 -0.828187 -0.000742118 4.26258 2.67675 -0.106458 
-0.00249717 0.195165 -0.000754534 0.609047 -0.621093 -0.000843642 4.11349 2.92527 -0.104157 
-0.00266536 0.195641 -0.000752721 0.958973 -0.119691 -0.000912575 3.95092 3.16486 -0.101518 
-0.00284688 0.196108 -0.000750595 0.95365 0.497121 -0.000922004 3.77545 3.39476 -0.0985501 
-0.00304115 0.196565 -0.000748167 0.586328 0.998942 -0.000866003 3.58769 3.61427 -0.0952641 
-0.00324716 0.19701 -0.000745448 -0.00829702 1.19031 -0.000763995 3.38831 3.8227 -0.091672 
-0.00346356 0.197444 -0.00074245 -0.601057 0.99533 -0.000654329 3.17799 4.01945 -0.0877869 
-0.00368897 0.197864 -0.000739187 -0.964303 0.492675 -0.000578188 2.95747 4.20394 -0.0836224 
-0.00392227 0.198272 -0.000735674 -0.966143 -0.122003 -0.000562389 2.7275 4.37565 -0.0791935 
-0.00416276 0.198668 -0.000731923 -0.614623 -0.62008 -0.000610047 2.48886 4.5341 -0.0745157 
-0.00441005 0.199052 -0.000727952 -0.043085 -0.823975 -0.000701476 2.24235 4.67888 -0.069605 
-0.004664 0.199424 -0.000723775 0.542233 -0.662398 -0.000802225 1.9888 4.80961 -0.0644785 
-0.00492444 0.199783 -0.00071941 0.930006 -0.19065 -0.000874473 1.72905 4.92599 -0.0591534 
-0.00519101 0.200128 -0.000714873 0.973447 0.423812 -0.000889425 1.46393 5.02776 -0.0536476 
-0.00546298 0.200459 -0.000710181 0.647619 0.952796 -0.000838286 1.1943 5.11469 -0.0479792 
-0.00573918 0.200775 -0.000705351 0.0703877 1.19113 -0.000737573 0.921005 5.18665 -0.0421667 
-0.00601815 0.201075 -0.000700403 -0.536451 1.04422 -0.0006241 0.644908 5.24352 -0.0362287 
-0.00629837 0.201361 -0.000695353 -0.939175 0.571605 -0.000539797 0.366856 5.28525 -0.0301839 
-0.0065786 0.201631 -0.00069022 -0.989851 -0.0418596 -0.00051407 0.0876908 5.31183 -0.0240513 
-0.00685801 0.201887 -0.000685021 -0.678347 -0.566667 -0.000553142 -0.191754 5.32331 -0.0178496 
-0.00713617 0.20213 -0.000679774 -0.124372 -0.814887 -0.000639775 -0.470658 5.31977 -0.0115976 
-0.00741294 0.20236 -0.000674497 0.471532 -0.699783 -0.000740678 -0.748214 5.30134 -0.00531378 
-0.00768819 0.202576 -0.000669208 0.894744 -0.26053 -0.000817679 -1.02363 5.2682 0.000983458 
-0.00796168 0.20278 -0.000663922 0.986585 0.347697 -0.000840136 -1.29615 5.22056 0.00727599 
-0.00823282 0.20297 -0.000658658 0.704309 0.900337 -0.000796295 -1.56501 5.15867 0.013546 
-0.00850062 0.203145 -0.000653431 0.148301 1.18402 -0.000699597 -1.82948 5.08283 0.019776 
-0.00876378 0.203307 -0.000648258 -0.468581 1.0862 -0.000585042 -2.08887 4.99336 0.025949 
-0.00902095 0.203455 -0.000643156 -0.908213 0.646768 -0.000494946 -2.34249 4.89061 0.0320483 
-0.009271 0.20359 -0.000638138 -1.0075 0.0384093 -0.000461048 -2.5897 4.77498 0.0380578 
-0.00951325 0.203714 -0.000633222 -0.737969 -0.509963 -0.000492666 -2.82987 4.64687 0.0439617 
-0.00974747 0.203826 -0.00062842 -0.204851 -0.801049 -0.000575213 -3.06241 4.50673 0.0497448 
-0.00997368 0.203929 -0.000623746 0.398117 -0.733055 -0.000676876 -3.28674 4.35503 0.0553926 
-0.010192 0.204023 -0.000619215 0.854164 -0.328878 -0.000759467 -3.50233 4.19225 0.060891 
-0.0104025 0.204107 -0.000614838 0.993735 0.269345 -0.000790773 -3.70867 4.0189 0.0662264 
-0.0106049 0.204181 -0.000610628 0.756769 0.842035 -0.000756195 -3.90528 3.83552 0.071386 
-0.0107985 0.204246 -0.000606596 0.225665 1.16917 -0.000665953 -4.09171 3.64265 0.0763574 
-0.0109824 0.204301 -0.000602754 -0.397164 1.12115 -0.000552896 -4.26754 3.44084 0.081129 
-0.0111553 0.204347 -0.000599112 -0.8709 0.717878 -0.000459379 -4.4324 3.23069 0.0856897 
-0.0113165 0.204385 -0.000595681 -1.01829 0.11854 -0.000419248 -4.5859 3.01277 0.0900291 
-0.0114655 0.204416 -0.00059247 -0.792466 -0.450033 -0.000444822 -4.72775 2.78769 0.0941372 
-0.0116023 0.204442 -0.000589487 -0.283415 -0.782237 -0.000524183 -4.85762 2.55605 0.0980051 
-0.0117272 0.204463 -0.00058674 0.323028 -0.761691 -0.000627129 -4.97526 2.31847 0.101624 
-0.0118406 0.20448 -0.000584237 0.809105 -0.394917 -0.000715696 -5.08043 2.07559 0.104986 
-0.0119428 0.204494 -0.000581985 0.995419 0.189656 -0.000756392 -5.17293 1.82802 0.108084 
-0.0120339 0.204503 -0.00057999 0.805185 0.77871 -0.000732034 -5.25257 1.57641 0.110912 
-0.0121137 0.204509 -0.000578258 0.302463 1.14714 -0.000649701 -5.3192 1.32139 0.113463 
-0.0121813 0.204511 -0.000576793 -0.322178 1.14931 -0.000539902 -5.37271 1.06361 0.115731 
-0.012236 0.20451 -0.000575601 -0.826994 0.784959 -0.000444672 -5.41301 0.803717 0.117714 
-0.0122772 0.204507 -0.000574685 -1.02168 0.198532 -0.000399702 -5.44003 0.542347 0.119405 
-0.0123046 0.204503 -0.000574048 -0.841085 -0.386726 -0.000420262 -5.45374 0.280148 0.120802 
-0.0123185 0.204499 -0.000573695 -0.359216 -0.758041 -0.000497145 -5.45414 0.0177641 0.121902 
-0.0123194 0.204497 -0.000573625 0.247063 -0.784993 -0.0006018 -5.44123 -0.244164 0.122703 
-0.0123079 0.204497 -0.000573841 0.760169 -0.45771 -0.000696564 -5.41508 -0.504997 0.123203 
-0.0122848 0.204499 -0.000574344 0.991932 0.109689 -0.000746815 -5.37576 -0.764101 0.123401 
-0.0122504 0.204504 -0.000575133 0.849505 0.711357 -0.000732962 -5.32338 -1.02085 0.123297 
-0.0122047 0.204511 -0.000576209 0.378407 1.11866 -0.000659078 -5.25806 -1.27461 0.122892 
-0.0121473 0.20452 -0.000577571 -0.243921 1.17107 -0.000553303 -5.17996 -1.52476 0.122186 
-0.0120776 0.204533 -0.000579216 -0.776585 0.848165 -0.000457156 -5.08927 -1.7707 0.12118 
-0.0119953 0.204549 -0.000581144 -1.01749 0.278487 -0.000407928 -4.98619 -2.01183 0.119878 
-0.0119004 0.20457 -0.000583352 -0.883386 -0.319821 -0.000423743 -4.87096 -2.24754 0.118281 
-0.0117932 0.204597 -0.000585836 -0.431689 -0.728002 -0.000498204 -4.74384 -2.47725 0.116394 
-0.0116746 0.204632 -0.000588593 0.170759 -0.80223 -0.000604541 -4.60513 -2.70039 0.11422 
-0.0115454 0.204674 -0.000591618 0.707714 -0.51629 -0.000705454 -4.45513 -2.91639 0.111763 
-0.0114065 0.204725 -0.000594906 0.983337 0.0305379 -0.000765226 -4.29418 -3.1247 0.10903 
-0.0112588 0.204783 -0.00059845 0.889451 0.641016 -0.0007619 -4.12265 -3.32478 0.106026 
-0.0111024 0.204849 -0.000602246 0.452956 1.08451 -0.00069655 -3.94092 -3.51611 0.102758 
-0.0109372 0.204924 -0.000606286 -0.16298 1.18687 -0.000594881 -3.74942 -3.69818 0.0992325 
-0.010763 0.205006 -0.000610563 -0.720078 0.907664 -0.00049778 -3.54857 -3.87049 0.0954575 
-0.0105795 0.205097 -0.00061507 -1.00583 0.358491 -0.000444028 -3.33884 -4.03258 0.0914413 
-0.010387 0.205198 -0.000619797 -0.919224 -0.24913 -0.000454537 -3.12072 -4.18398 0.0871931 
-0.0101859 0.20531 -0.000624735 -0.500542 -0.691719 -0.000525772 -2.89472 -4.32425 0.0827222 
-0.00997734 0.205434 -0.000629876 0.0944022 -0.812735 -0.000632939 -2.66137 -4.45299 0.0780391 
-0.00976243 0.205571 -0.000635208 0.651873 -0.569756 -0.000739296 -2.42123 -4.56979 0.0731543 
-0.00954233 0.20572 -0.000640721 0.969482 -0.0467646 -0.000808127 -2.17487 -4.67427 0.0680794 
-0.00931797 0.205881 -0.000646403 0.924533 0.568679 -0.000815107 -1.9229 -4.76611 0.0628264 
-0.00908994 0.206055 -0.000652242 0.525349 1.04546 -0.000758199 -1.66593 -4.84497 0.0574076 
-0.00885839 0.206239 -0.000658226 -0.0801972 1.19712 -0.000660464 -1.40462 -4.91056 0.0518364 
-0.00862325 0.206436 -0.000664342 -0.658164 0.963554 -0.000561927 -1.13961 -4.96261 0.0461263 
-0.00838451 0.206645 -0.000670577 -0.987097 0.438526 -0.000502734 -0.871586 -5.00089 0.0402916 
-0.00814246 0.206867 -0.000676916 -0.948737 -0.174595 -0.000506622 -0.60125 -5.0252 0.034347 
-0.00789784 0.207102 -0.000683345 -0.565747 -0.64893 -0.000573014 -0.329311 -5.03536 0.0283077 
-0.00765179 0.207353 -0.00068985 0.0180498 -0.815993 -0.000679244 -0.0564975 -5.03125 0.0221895 
-0.00740563 0.207617 -0.000696414 0.592569 -0.617353 -0.00078937 0.216449 -5.01275 0.0160085 
-0.00716071 0.207897 -0.000703022 0.950026 -0.121328 -0.000865934 0.488775 -4.97981 0.00978127 
-0.00691816 0.208191 -0.000709658 0.954078 0.495204 -0.00088238 0.759717 -4.93241 0.00352486 
-0.00667874 0.208498 -0.000716305 0.594631 1.00213 -0.000833503 1.0285 -4.87055 -0.00274344 
-0.00644281 0.208817 -0.000722947 0.00337082 1.2021 -0.000739438 1.29435 -4.7943 -0.00900597 
-0.00621042 0.20915 -0.000729566 -0.591776 1.01578 -0.000638947 1.55649 -4.70376 -0.0152448 
-0.00598163 0.209494 -0.000736145 -0.961965 0.51837 -0.00057324 1.81412 -4.59906 -0.0214418 
-0.00575678 0.209852 -0.000742668 -0.972308 -0.0963946 -0.000568808 2.06647 -4.4804 -0.0275787 
-0.00553662 0.210223 -0.000749116 -0.627504 -0.599626 -0.000628188 2.31274 -4.34801 -0.0336369 
-0.00532229 0.210608 -0.000755472 -0.0584488 -0.811746 -0.000731054 2.55218 -4.20217 -0.0395981 
-0.00511511 0.211006 -0.000761719 0.529558 -0.658586 -0.000842468 2.78401 -4.04321 -0.0454438 
-0.00491646 0.211417 -0.000767838 0.924481 -0.192508 -0.00092448 3.00747 -3.87149 -0.0511554 
-0.00472747 0.211841 -0.000773813 0.977276 0.421211 -0.000948584 3.22184 -3.68744 -0.0567148 
-0.00454893 0.212275 -0.000779625 0.659715 0.954924 -0.000906568 3.42638 -3.49152 -0.0621039 
-0.00438114 0.21272 -0.000785259 0.0865249 1.20184 -0.000815537 3.6204 -3.28425 -0.067305 
-0.00422409 0.213173 -0.000790698 -0.522008 1.06404 -0.000712607 3.80322 -3.06617 -0.0723006 
-0.0040777 0.213635 -0.000795926 -0.931255 0.597506 -0.000639596 3.97421 -2.8379 -0.0770739 
-0.00394208 0.214106 -0.000800927 -0.990464 -0.0150572 -0.000625462 4.13274 -2.60008 -0.0816083 
-0.00381775 0.214586 -0.000805687 -0.686133 -0.544181 -0.000675819 4.27824 -2.35339 -0.0858882 
-0.00370557 0.215074 -0.00081019 -0.135344 -0.800133 -0.000772861 4.41017 -2.09857 -0.0898984 
-0.00360661 0.21557 -0.000814424 0.462521 -0.693353 -0.00088294 4.52804 -1.83637 -0.0936247 
-0.00352194 0.216074 -0.000818376 0.892328 -0.260032 -0.000967856 4.63138 -1.5676 -0.0970536 
-0.00345243 0.216583 -0.000822033 0.993309 0.346977 -0.000997344 4.71979 -1.29308 -0.100173 
-0.00339857 0.217097 -0.000825384 0.719512 0.903907 -0.000960377 4.79292 -1.01369 -0.10297 
-0.00336034 0.217614 -0.00082842 0.168073 1.19605 -0.000871143 4.85048 -0.730289 -0.105436 
-0.00333734 0.218132 -0.000831132 -0.449935 1.10767 -0.000765013 4.8922 -0.443803 -0.10756 
-0.00332905 0.218652 -0.000833513 -0.895767 0.675044 -0.000684125 4.91791 -0.155152 -0.109336 
-0.00333508 0.219173 -0.000835555 -1.00368 0.0684841 -0.000659584 4.92748 0.134725 -0.110755 
-0.0033554 0.219693 -0.000837254 -0.741857 -0.483407 -0.000699874 4.92084 0.424879 -0.111814 
-0.00339033 0.220214 -0.000838607 -0.212743 -0.78175 -0.000789651 4.89797 0.714357 -0.112506 
-0.00344039 0.220735 -0.000839609 0.391312 -0.722015 -0.000896666 4.85893 1.0022 -0.11283 
-0.00350613 0.221254 -0.00084026 0.853248 -0.324075 -0.000982743 4.80384 1.28747 -0.112785 
-0.00358789 0.22177 -0.00084056 1.00159 0.272381 -0.00101613 4.73288 1.56922 -0.112369 
-0.00368564 0.222282 -0.000840509 0.773167 0.8488 -0.000983042 4.64627 1.84651 -0.111586 
-0.00379887 0.222788 -0.000840111 0.247057 1.18411 -0.000894706 4.54431 2.11845 -0.110436 
-0.00392663 0.223287 -0.00083937 -0.376381 1.14569 -0.000784702 4.42736 2.38414 -0.108926 
-0.00406783 0.223779 -0.000838291 -0.856021 0.749785 -0.000695452 4.29583 2.64271 -0.10706 
-0.00422148 0.224262 -0.000836881 -1.01214 0.152989 -0.000660183 4.15017 2.89335 -0.104845 
-0.00438693 0.224737 -0.000835147 -0.794555 -0.418428 -0.000690214 3.99091 3.13523 -0.102289 
-0.00456393 0.225203 -0.000833098 -0.290346 -0.757498 -0.000772619 3.8186 3.36762 -0.099402 
-0.00475243 0.225661 -0.000830745 0.316248 -0.745224 -0.000876488 3.63384 3.58978 -0.0961942 
-0.00495248 0.22611 -0.000828098 0.807421 -0.385094 -0.000963668 3.4373 3.80103 -0.0926772 
-0.00516398 0.226548 -0.000825169 1.00205 0.197053 -0.00100106 3.22964 4.00075 -0.0888639 
-0.00538649 0.226975 -0.000821971 0.820343 0.789142 -0.000972333 3.01159 4.18835 -0.0847677 
-0.0056191 0.22739 -0.000818518 0.322991 1.16528 -0.000885657 2.7839 4.36329 -0.0804033 
-0.00586053 0.22779 -0.000814825 -0.301727 1.17702 -0.000772508 2.54735 4.52508 -0.075786 
-0.00610928 0.228177 -0.000810907 -0.812089 0.820447 -0.000675366 2.30273 4.6733 -0.0709318 
-0.00636401 0.228549 -0.000806779 -1.01554 0.237171 -0.000629599 2.05086 4.80757 -0.0658575 
-0.0066237 0.228909 -0.000802459 -0.843627 -0.350378 -0.000649567 1.79257 4.92756 -0.0605803 
-0.00688779 0.229254 -0.000797963 -0.367361 -0.728259 -0.000725 1.52871 5.03298 -0.0551178 
-0.00715598 0.229587 -0.000793309 0.238176 -0.763569 -0.000826488 1.26012 5.12363 -0.0494882 
-0.00742811 0.229907 -0.000788513 0.755586 -0.443419 -0.000915949 0.987661 5.19934 -0.0437099 
-0.00770394 0.230213 -0.000783593 0.9952 0.12078 -0.000958902 0.712184 5.25998 -0.0378014 
-0.00798295 0.230505 -0.000778566 0.861273 0.724663 -0.000936438 0.43454 5.30548 -0.0317815 
-0.00826422 0.230782 -0.000773452 0.395923 1.13907 -0.000853644 0.155574 5.33584 -0.025669 
-0.00854643 0.231044 -0.000768268 -0.225901 1.20088 -0.000739665 -0.123878 5.35107 -0.0194828 
-0.00882808 0.23129 -0.000763031 -0.763644 0.886011 -0.000636631 -0.402993 5.35126 -0.0132416 
-0.00910777 0.231521 -0.000757759 -1.01322 0.320005 -0.000581778 -0.680959 5.33653 -0.00696394 
-0.0093845 0.231738 -0.000752471 -0.888112 -0.280098 -0.000592551 -0.956985 5.30704 -0.000668337 
-0.00965769 0.231942 -0.000747183 -0.442655 -0.694594 -0.000661605 -1.23029 5.26299 0.00562705 
-0.00992712 0.232133 -0.000741912 0.158262 -0.777292 -0.000761377 -1.50013 5.20463 0.0119043 
-0.0101927 0.232312 -0.000736675 0.698799 -0.499 -0.000854157 -1.76577 5.13224 0.0181459 
-0.0104545 0.232479 -0.000731488 0.981843 0.0438001 -0.000904281 -2.02649 5.04613 0.0243347 
-0.010712 0.232633 -0.000726366 0.896472 0.655579 -0.000890279 -2.28161 4.94666 0.0304539 
-0.0109646 0.232775 -0.000721326 0.46616 1.10547 -0.00081401 -2.53048 4.8342 0.0364872 
-0.0112112 0.232903 -0.000716383 -0.148623 1.21694 -0.000702013 -2.77246 4.70916 0.0424189 
-0.0114506 0.233019 -0.00071155 -0.710225 0.945943 -0.000595739 -3.00695 4.57198 0.0482335 
-0.0116815 0.233123 -0.000706843 -1.0044 0.400911 -0.000533987 -3.23338 4.42311 0.0539164 
-0.0119031 0.233215 -0.000702275 -0.926974 -0.208019 -0.000537125 -3.4512 4.26305 0.0594533 
-0.012115 0.233299 -0.000697858 -0.51504 -0.656657 -0.000600782 -3.65989 4.09229 0.0648305 
-0.0123173 0.233373 -0.000693606 0.0777061 -0.78623 -0.000699457 -3.85896 3.91135 0.0700351 
-0.01251 0.23344 -0.000689529 0.638126 -0.551377 -0.000796124 -4.04797 3.72079 0.0750546 
-0.0126936 0.233499 -0.000685639 0.962782 -0.0332282 -0.000854262 -4.22649 3.52116 0.079877 
-0.0128678 0.23355 -0.000681947 0.926409 0.58257 -0.000850098 -4.39411 3.31304 0.0844913 
-0.0130325 0.233593 -0.000678462 0.533913 1.06497 -0.000782316 -4.55048 3.097 0.0888868 
-0.0131868 0.233628 -0.000675195 -0.0697315 1.22539 -0.000674631 -4.69526 2.87364 0.0930535 
-0.0133297 0.233656 -0.000672154 -0.651517 1.00015 -0.00056743 -4.82814 2.64358 0.096982 
-0.0134603 0.233676 -0.000669347 -0.988503 0.479701 -0.000500773 -4.94886 2.40743 0.100664 
-0.013578 0.233692 -0.000666783 -0.959361 -0.134224 -0.000497826 -5.05716 2.16581 0.104091 
-0.0136827 0.233703 -0.000664467 -0.583509 -0.614289 -0.000557171 -5.15283 1.91935 0.107255 
-0.0137746 0.233711 -0.000662408 -0.00247554 -0.789928 -0.000655422 -5.23569 1.66868 0.110151 
-0.0138542 0.233717 -0.00066061 0.574452 -0.599817 -0.00075637 -5.30558 1.41446 0.112771 
-0.013922 0.233721 -0.000659079 0.938637 -0.109376 -0.000822858 -5.36237 1.15731 0.115111 
-0.0139783 0.233724 -0.000657818 0.951358 0.506595 -0.000829072 -5.40597 0.897876 0.117165 
-0.0140231 0.233724 -0.000656833 0.599158 1.01835 -0.000770712 -5.4363 0.636813 0.118929 
-0.014056 0.233722 -0.000656127 0.0106474 1.22669 -0.00066866 -5.45333 0.374761 0.120399 
-0.0140762 0.233719 -0.000655702 -0.58751 1.0488 -0.000561996 -5.45704 0.112363 0.121574 
-0.0140832 0.233716 -0.000655561 -0.965251 0.556415 -0.000491711 -5.44745 -0.149739 0.122449 
-0.0140764 0.233713 -0.000655705 -0.984725 -0.0586143 -0.000483609 -5.4246 -0.410905 0.123024 
-0.0140561 0.233711 -0.000656136 -0.647339 -0.567184 -0.000539273 -5.38855 -0.670499 0.123298 
-0.0140227 0.233713 -0.000656855 -0.0815293 -0.787803 -0.00063751 -5.33941 -0.92789 0.123269 
-0.0139768 0.233718 -0.00065786 0.508408 -0.643468 -0.000742979 -5.2773 -1.18245 0.122939 
-0.0139194 0.233728 -0.000659151 0.909787 -0.183603 -0.000817957 -5.20237 -1.43356 0.122308 
-0.0138509 0.233742 -0.000660726 0.971358 0.42873 -0.000834703 -5.1148 -1.68061 0.121377 
-0.0137717 0.23376 -0.000662584 0.66162 0.966516 -0.00078605 -5.01479 -1.92299 0.120148 
-0.0136818 0.233782 -0.000664722 0.0920971 1.22142 -0.000690084 -4.90256 -2.16011 0.118625 
-0.0135805 0.233809 -0.000667137 -0.518517 1.09217 -0.000584473 -4.77838 -2.39137 0.116809 
-0.0134677 0.233841 -0.000669826 -0.934692 0.631169 -0.000510957 -4.64253 -2.6162 0.114706 
-0.0133429 0.233879 -0.000672784 -1.00283 0.0189579 -0.000497814 -4.49531 -2.83403 0.11232 
-0.0132066 0.233924 -0.000676006 -0.706101 -0.515015 -0.000549636 -4.33706 -3.04431 0.109655 
-0.0130594 0.233978 -0.000679488 -0.158972 -0.77927 -0.000647583 -4.16813 -3.24649 0.106718 
-0.0129023 0.234041 -0.000683222 0.440379 -0.681483 -0.000757329 -3.98891 -3.44005 0.103515 
-0.0127362 0.234114 -0.000687203 0.876379 -0.254871 -0.000840644 -3.7998 -3.62447 0.100053 
-0.0125622 0.234197 -0.000691422 0.98623 0.350059 -0.000867874 -3.60124 -3.79927 0.0963394 
-0.0123807 0.234289 -0.000695872 0.720797 0.910402 -0.000828963 -3.39368 -3.96395 0.0923825 
-0.012192 0.23439 -0.000700544 0.173942 1.21019 -0.000739107 -3.17761 -4.11805 0.0881912 
-0.0119959 0.234501 -0.000705431 -0.445151 1.13054 -0.000634426 -2.95352 -4.26114 0.0837749 
-0.0117921 0.234621 -0.000710522 -0.897186 0.704043 -0.000557286 -2.72196 -4.39279 0.0791437 
-0.0115808 0.234752 -0.000715807 -1.01376 0.0985827 -0.000538397 -2.48345 -4.5126 0.0743082 
-0.0113623 0.234895 -0.000721275 -0.759652 -0.457531 -0.000585376 -2.23859 -4.62019 0.0692796 
-0.0111375 0.235051 -0.000726916 -0.234576 -0.763832 -0.000681864 -1.98796 -4.71521 0.0640697 
-0.0109076 0.23522 -0.000732718 0.370519 -0.713106 -0.000794782 -1.73218 -4.79733 0.0586911 
-0.0106738 0.235402 -0.000738668 0.838346 -0.322232 -0.000885595 -1.47188 -4.86625 0.0531566 
-0.0104373 0.235598 -0.000744752 0.995586 0.271584 -0.000922817 -1.20773 -4.9217 0.0474798 
-0.0101989 0.235807 -0.000750959 0.775981 0.850871 -0.000893446 -0.940397 -4.96343 0.0416748 
-0.00995897 0.236028 -0.000757273 0.255281 1.19356 -0.000809584 -0.670572 -4.99124 0.0357562 
-0.00971769 0.236262 -0.000763681 -0.36828 1.16409 -0.000705502 -0.398965 -5.00495 0.0297391 
-0.00947499 0.236508 -0.000770168 -0.853374 0.775002 -0.000623941 -0.1263 -5.0044 0.023639 
-0.00923102 0.236767 -0.000776718 -1.01785 0.180199 -0.000597989 0.146683 -4.9895 0.0174721 
-0.00898633 0.23704 -0.000783317 -0.808112 -0.394646 -0.000638399 0.419235 -4.96016 0.0112549 
-0.00874191 0.237327 -0.000789947 -0.308355 -0.74117 -0.000731452 0.690594 -4.91636 0.00500412 
-0.00849902 0.237629 -0.000796594 0.298772 -0.737765 -0.000845502 0.95999 -4.85811 -0.00126286 
-0.00825906 0.237946 -0.000803238 0.795437 -0.384914 -0.000941973 1.22665 -4.78544 -0.00752849 
-0.00802331 0.238277 -0.000809865 0.998867 0.194136 -0.000987805 1.48978 -4.69844 -0.0137749 
-0.00779278 0.238622 -0.000816456 0.826289 0.788624 -0.000967155 1.74861 -4.59726 -0.0199841 
-0.00756805 0.238979 -0.000822995 0.335023 1.17193 -0.00088889 2.00234 -4.48206 -0.0261376 
-0.00734929 0.239349 -0.000829463 -0.288988 1.19286 -0.000785052 2.25021 -4.35307 -0.0322172 
-0.00713652 0.23973 -0.000835843 -0.80413 0.843803 -0.000698333 2.49142 -4.21055 -0.0382043 
-0.00692989 0.240123 -0.000842118 -1.01567 0.263488 -0.000663936 2.72521 -4.05483 -0.0440805 
-0.00672989 0.240528 -0.00084827 -0.851814 -0.326566 -0.000695766 2.95083 -3.88625 -0.0498273 
-0.00653744 0.240945 -0.000854283 -0.380522 -0.711266 -0.00078295 3.16753 -3.70523 -0.0554263 
-0.00635374 0.241375 -0.000860138 0.224912 -0.755189 -0.000895523 3.37459 -3.51222 -0.0608596 
-0.00618011 0.241817 -0.000865818 0.747264 -0.442437 -0.000995089 3.5713 -3.30773 -0.0661091 
-0.00601778 0.242271 -0.000871308 0.995401 0.118271 -0.00104725 3.75698 -3.09229 -0.0711576 
-0.00586767 0.242734 -0.00087659 0.870736 0.724092 -0.00103359 3.93097 -2.8665 -0.0759878 
-0.00573024 0.243205 -0.000881649 0.411982 1.14543 -0.000959827 4.09266 -2.631 -0.0805833 
-0.00560554 0.243685 -0.00088647 -0.208463 1.2166 -0.000855603 4.24147 -2.38646 -0.084928 
-0.00549338 0.244171 -0.000891038 -0.750442 0.909897 -0.000763149 4.37683 -2.13359 -0.0890068 
-0.00539362 0.244663 -0.00089534 -1.00793 0.34778 -0.000719377 4.49824 -1.87316 -0.0928052 
-0.00530642 0.245162 -0.000899363 -0.891169 -0.253892 -0.000741127 4.60524 -1.60595 -0.0963094 
-0.00523234 0.245667 -0.000903094 -0.451334 -0.674525 -0.000820387 4.69741 -1.33279 -0.0995067 
