100000 0.000100
-5.91414e-009 -1.72439e-010 0 0.998029 0.0887993 0 
-2.35647e-008 -1.38185e-009 0 0.992145 0.177251 0 
-5.26815e-008 -4.63058e-009 0 0.982441 0.265022 0 
-9.2833e-008 -1.08452e-008 0 0.969059 0.351802 0 
-1.43454e-007 -2.08482e-008 0 0.952188 0.437319 0 
-2.03875e-007 -3.53393e-008 0 0.932052 0.521338 0 
-2.7336e-007 -5.4886e-008 0 0.908895 0.603671 0 
-3.51135e-007 -7.99245e-008 0 0.882977 0.684173 0 
-4.36419e-007 -1.10766e-007 0 0.854557 0.76274 0 
-5.28443e-007 -1.4761e-007 0 0.823891 0.839307 0 
-6.26473e-007 -1.90557e-007 0 0.791225 0.913839 0 
-7.29816e-007 -2.39626e-007 0 0.756788 0.98633 0 
-8.37832e-007 -2.94771e-007 0 0.720796 1.0568 0 
-9.49933e-007 -3.55892e-007 0 0.683442 1.12527 0 
-1.06559e-006 -4.22852e-007 0 0.644905 1.1918 0 
-1.18432e-006 -4.95484e-007 0 0.605343 1.25644 0 
-1.3057e-006 -5.73601e-007 0 0.564898 1.31925 0 
-1.42935e-006 -6.57005e-007 0 0.523698 1.38029 0 
-1.55493e-006 -7.45491e-007 0 0.481854 1.43965 0 
-1.68215e-006 -8.38851e-007 0 0.439466 1.49738 0 
-1.81074e-006 -9.36878e-007 0 0.39662 1.55355 0 
-1.94047e-006 -1.03937e-006 0 0.353394 1.60824 0 
-2.07114e-006 -1.14613e-006 0 0.309854 1.6615 0 
-2.20258e-006 -1.25697e-006 0 0.266061 1.71341 0 
-2.33462e-006 -1.3717e-006 0 0.222065 1.76401 0 
-2.46714e-006 -1.49015e-006 0 0.177913 1.81338 0 
-2.6e-006 -1.61216e-006 0 0.133645 1.86157 0 
-2.73311e-006 -1.73755e-006 0 0.0892945 1.90862 0 
-2.86637e-006 -1.86619e-006 0 0.0448936 1.95459 0 
-2.9997e-006 -1.99793e-006 0 0.000468656 1.99953 0 
-3.13304e-006 -2.13263e-006 0 -0.0439567 2.04349 0 
-3.26631e-006 -2.27016e-006 0 -0.088362 2.08649 0 
-3.39948e-006 -2.41041e-006 0 -0.132729 2.1286 0 
-3.53248e-006 -2.55326e-006 0 -0.177043 2.16983 0 
-3.66527e-006 -2.6986e-006 0 -0.221288 2.21024 0 
-3.79783e-006 -2.84633e-006 0 -0.265454 2.24985 0 
-3.93012e-006 -2.99636e-006 0 -0.309531 2.2887 0 
-4.06211e-006 -3.14858e-006 0 -0.353508 2.32681 0 
-4.19379e-006 -3.30292e-006 0 -0.397378 2.36422 0 
-4.32512e-006 -3.45929e-006 0 -0.441134 2.40095 0 
-4.45609e-006 -3.61762e-006 0 -0.484771 2.43703 0 
-4.58668e-006 -3.77783e-006 0 -0.528283 2.47248 0 
-4.71689e-006 -3.93985e-006 0 -0.571666 2.50732 0 
-4.84671e-006 -4.10362e-006 0 -0.614916 2.54159 0 
-4.97611e-006 -4.26907e-006 0 -0.658031 2.57529 0 
-5.1051e-006 -4.43615e-006 0 -0.701007 2.60846 0 
-5.23367e-006 -4.6048e-006 0 -0.743843 2.6411 0 
-5.36181e-006 -4.77496e-006 0 -0.786537 2.67323 0 
-5.48953e-006 -4.94658e-006 0 -0.829087 2.70488 0 
-5.6168e-006 -5.11962e-006 0 -0.871493 2.73605 0 
-5.74365e-006 -5.29403e-006 0 -0.913753 2.76677 0 
-5.87005e-006 -5.46976e-006 0 -0.955868 2.79705 0 
-5.99602e-006 -5.64678e-006 0 -0.997837 2.8269 0 
-6.12155e-006 -5.82504e-006 0 -1.03966 2.85634 0 
-6.24664e-006 -6.0045e-006 0 -1.08134 2.88537 0 
-6.37129e-006 -6.18514e-006 0 -1.12287 2.91401 0 
-6.49551e-006 -6.3669e-006 0 -1.16425 2.94228 0 
-6.61929e-006 -6.54977e-006 0 -1.20549 2.97018 0 
-6.74263e-006 -6.7337e-006 0 -1.24659 2.99773 0 
-6.86555e-006 -6.91868e-006 0 -1.28754 3.02492 0 
-6.98804e-006 -7.10466e-006 0 -1.32835 3.05179 0 
-7.1101e-006 -7.29162e-006 0 -1.36901 3.07832 0 
-7.23173e-006 -7.47953e-006 0 -1.40954 3.10454 0 
-7.35295e-006 -7.66838e-006 0 -1.44992 3.13045 0 
-7.47374e-006 -7.85812e-006 0 -1.49017 3.15606 0 
-7.59413e-006 -8.04875e-006 0 -1.53027 3.18137 0 
-7.71409e-006 -8.24023e-006 0 -1.57024 3.2064 0 
-7.83366e-006 -8.43255e-006 0 -1.61008 3.23115 0 
-7.95281e-006 -8.62568e-006 0 -1.64977 3.25563 0 
-8.07156e-006 -8.8196e-006 0 -1.68934 3.27984 0 
-8.18992e-006 -9.0143e-006 0 -1.72877 3.3038 0 
-8.30788e-006 -9.20975e-006 0 -1.76807 3.32751 0 
-8.42545e-006 -9.40594e-006 0 -1.80724 3.35097 0 
-8.54263e-006 -9.60285e-006 0 -1.84628 3.37419 0 
-8.65943e-006 -9.80046e-006 0 -1.88519 3.39717 0 
-8.77584e-006 -9.99876e-006 0 -1.92397 3.41993 0 
-8.89188e-006 -1.01977e-005 0 -1.96263 3.44247 0 
-9.00755e-006 -1.03973e-005 0 -2.00117 3.46478 0 
-9.12284e-006 -1.05976e-005 0 -2.03958 3.48688 0 
-9.23777e-006 -1.07985e-005 0 -2.07787 3.50878 0 
-9.35234e-006 -1.1e-005 0 -2.11604 3.53047 0 
-9.46654e-006 -1.12021e-005 0 -2.15409 3.55196 0 
-9.58039e-006 -1.14048e-005 0 -2.19202 3.57325 0 
-9.69389e-006 -1.16081e-005 0 -2.22983 3.59435 0 
-9.80704e-006 -1.18119e-005 0 -2.26752 3.61527 0 
-9.91984e-006 -1.20163e-005 0 -2.3051 3.636 0 
-1.00323e-005 -1.22212e-005 0 -2.34257 3.65655 0 
-1.01444e-005 -1.24266e-005 0 -2.37993 3.67692 0 
-1.02562e-005 -1.26326e-005 0 -2.41717 3.69712 0 
-1.03677e-005 -1.28391e-005 0 -2.4543 3.71716 0 
-1.04788e-005 -1.3046e-005 0 -2.49132 3.73702 0 
-1.05896e-005 -1.32535e-005 0 -2.52823 3.75673 0 
-1.07001e-005 -1.34614e-005 0 -2.56504 3.77627 0 
-1.08102e-005 -1.36698e-005 0 -2.60174 3.79566 0 
-1.09201e-005 -1.38787e-005 0 -2.63833 3.81489 0 
-1.10296e-005 -1.4088e-005 0 -2.67482 3.83397 0 
-1.11388e-005 -1.42978e-005 0 -2.71121 3.85291 0 
-1.12477e-005 -1.4508e-005 0 -2.74749 3.8717 0 
-1.13563e-005 -1.47186e-005 0 -2.78367 3.89034 0 
-1.14646e-005 -1.49297e-005 0 -2.81976 3.90885 0 
-1.15727e-005 -1.51412e-005 0 -2.85574 3.92721 0 
-1.16804e-005 -1.5353e-005 0 -2.89162 3.94545 0 
-1.17878e-005 -1.55653e-005 0 -2.92741 3.96355 0 
-1.18949e-005 -1.5778e-005 0 -2.9631 3.98151 0 
-1.20018e-005 -1.5991e-005 0 -2.99869 3.99935 0 
-1.21083e-005 -1.62045e-005 0 -3.03419 4.01707 0 
-1.22146e-005 -1.64183e-005 0 -3.0696 4.03466 0 
-1.23206e-005 -1.66324e-005 0 -3.10491 4.05212 0 
-1.24263e-005 -1.6847e-005 0 -3.14013 4.06947 0 
-1.25318e-005 -1.70619e-005 0 -3.17526 4.0867 0 
-1.26369e-005 -1.72771e-005 0 -3.2103 4.10381 0 
-1.27419e-005 -1.74927e-005 0 -3.24525 4.12081 0 
-1.28465e-005 -1.77086e-005 0 -3.28011 4.13769 0 
-1.29509e-005 -1.79248e-005 0 -3.31488 4.15447 0 
-1.3055e-005 -1.81414e-005 0 -3.34957 4.17113 0 
-1.31588e-005 -1.83583e-005 0 -3.38416 4.18769 0 
-1.32624e-005 -1.85755e-005 0 -3.41868 4.20414 0 
-1.33658e-005 -1.87931e-005 0 -3.45311 4.22049 0 
-1.34689e-005 -1.90109e-005 0 -3.48745 4.23673 0 
-1.35717e-005 -1.9229e-005 0 -3.52171 4.25287 0 
-1.36743e-005 -1.94475e-005 0 -3.55589 4.26892 0 
-1.37767e-005 -1.96662e-005 0 -3.58999 4.28486 0 
-1.38788e-005 -1.98853e-005 0 -3.624 4.30071 0 
-1.39806e-005 -2.01046e-005 0 -3.65794 4.31646 0 
-1.40823e-005 -2.03242e-005 0 -3.69179 4.33212 0 
-1.41837e-005 -2.0544e-005 0 -3.72557 4.34769 0 
-1.42848e-005 -2.07642e-005 0 -3.75927 4.36316 0 
-1.43857e-005 -2.09846e-005 0 -3.79289 4.37854 0 
-1.44864e-005 -2.12053e-005 0 -3.82643 4.39384 0 
-1.45869e-005 -2.14262e-005 0 -3.8599 4.40905 0 
-1.46871e-005 -2.16475e-005 0 -3.89329 4.42417 0 
-1.47871e-005 -2.18689e-005 0 -3.9266 4.4392 0 
-1.48869e-005 -2.20906e-005 0 -3.95984 4.45415 0 
-1.49865e-005 -2.23126e-005 0 -3.99301 4.46902 0 
-1.50858e-005 -2.25348e-005 0 -4.02611 4.48381 0 
-1.51849e-005 -2.27573e-005 0 -4.05913 4.49851 0 
-1.52839e-005 -2.298e-005 0 -4.09208 4.51314 0 
-1.53825e-005 -2.32029e-005 0 -4.12496 4.52769 0 
-1.5481e-005 -2.34261e-005 0 -4.15776 4.54215 0 
-1.55793e-005 -2.36495e-005 0 -4.1905 4.55655 0 
-1.56774e-005 -2.38731e-005 0 -4.22317 4.57086 0 
-1.57752e-005 -2.40969e-005 0 -4.25577 4.5851 0 
-1.58729e-005 -2.4321e-005 0 -4.2883 4.59927 0 
-1.59703e-005 -2.45453e-005 0 -4.32076 4.61337 0 
-1.60676e-005 -2.47698e-005 0 -4.35315 4.62739 0 
-1.61646e-005 -2.49945e-005 0 -4.38548 4.64134 0 
-1.62614e-005 -2.52194e-005 0 -4.41774 4.65522 0 
-1.63581e-005 -2.54446e-005 0 -4.44993 4.66903 0 
-1.64545e-005 -2.56699e-005 0 -4.48206 4.68277 0 
-1.65508e-005 -2.58955e-005 0 -4.51413 4.69645 0 
-1.66468e-005 -2.61212e-005 0 -4.54612 4.71006 0 
-1.67427e-005 -2.63472e-005 0 -4.57806 4.7236 0 
-1.68384e-005 -2.65733e-005 0 -4.60993 4.73707 0 
-1.69339e-005 -2.67997e-005 0 -4.64174 4.75048 0 
-1.70292e-005 -2.70262e-005 0 -4.67349 4.76383 0 
-1.71243e-005 -2.72529e-005 0 -4.70517 4.77712 0 
-1.72192e-005 -2.74798e-005 0 -4.7368 4.79034 0 
-1.7314e-005 -2.77069e-005 0 -4.76836 4.8035 0 
-1.74085e-005 -2.79342e-005 0 -4.79986 4.81659 0 
-1.75029e-005 -2.81616e-005 0 -4.8313 4.82963 0 
-1.75971e-005 -2.83893e-005 0 -4.86268 4.84261 0 
-1.76911e-005 -2.86171e-005 0 -4.894 4.85553 0 
-1.7785e-005 -2.88451e-005 0 -4.92526 4.86839 0 
-1.78786e-005 -2.90733e-005 0 -4.95647 4.88119 0 
-1.79721e-005 -2.93016e-005 0 -4.98761 4.89394 0 
-1.80655e-005 -2.95301e-005 0 -5.0187 4.90662 0 
-1.81586e-005 -2.97588e-005 0 -5.04973 4.91926 0 
-1.82516e-005 -2.99876e-005 0 -5.08071 4.93183 0 
-1.83444e-005 -3.02166e-005 0 -5.11162 4.94436 0 
-1.84371e-005 -3.04458e-005 0 -5.14248 4.95682 0 
-1.85295e-005 -3.06751e-005 0 -5.17329 4.96924 0 
-1.86218e-005 -3.09046e-005 0 -5.20404 4.9816 0 
-1.8714e-005 -3.11343e-005 0 -5.23473 4.99391 0 
-1.8806e-005 -3.13641e-005 0 -5.26538 5.00616 0 
-1.88978e-005 -3.1594e-005 0 -5.29596 5.01837 0 
-1.89894e-005 -3.18241e-005 0 -5.32649 5.03052 0 
-1.90809e-005 -3.20544e-005 0 -5.35697 5.04263 0 
-1.91723e-005 -3.22848e-005 0 -5.3874 5.05468 0 
-1.92635e-005 -3.25154e-005 0 -5.41777 5.06668 0 
-1.93545e-005 -3.27461e-005 0 -5.44809 5.07864 0 
-1.94454e-005 -3.29769e-005 0 -5.47836 5.09054 0 
-1.95361e-005 -3.32079e-005 0 -5.50858 5.1024 0 
-1.96266e-005 -3.34391e-005 0 -5.53875 5.11421 0 
-1.9717e-005 -3.36703e-005 0 -5.56886 5.12598 0 
-1.98073e-005 -3.39018e-005 0 -5.59892 5.13769 0 
-1.98974e-005 -3.41333e-005 0 -5.62894 5.14936 0 
-1.99873e-005 -3.4365e-005 0 -5.6589 5.16099 0 
-2.00771e-005 -3.45969e-005 0 -5.68882 5.17257 0 
-2.01668e-005 -3.48288e-005 0 -5.71868 5.1841 0 
-2.02563e-005 -3.50609e-005 0 -5.7485 5.19559 0 
-2.03457e-005 -3.52932e-005 0 -5.77826 5.20704 0 
-2.04349e-005 -3.55255e-005 0 -5.80798 5.21844 0 
-2.05239e-005 -3.5758e-005 0 -5.83765 5.2298 0 
-2.06129e-005 -3.59906e-005 0 -5.86727 5.24112 0 
-2.07016e-005 -3.62234e-005 0 -5.89685 5.25239 0 
-2.07903e-005 -3.64563e-005 0 -5.92637 5.26362 0 
-2.08788e-005 -3.66893e-005 0 -5.95585 5.27481 0 
-2.09671e-005 -3.69224e-005 0 -5.98529 5.28596 0 
-2.10554e-005 -3.71557e-005 0 -6.01468 5.29707 0 
-2.11435e-005 -3.7389e-005 0 -6.04402 5.30813 0 
-2.12314e-005 -3.76225e-005 0 -6.07331 5.31916 0 
-2.13192e-005 -3.78561e-005 0 -6.10256 5.33015 0 
-2.14069e-005 -3.80899e-005 0 -6.13177 5.34109 0 
-2.14944e-005 -3.83237e-005 0 -6.16092 5.352 0 
-2.15818e-005 -3.85577e-005 0 -6.19004 5.36287 0 
-2.16691e-005 -3.87918e-005 0 -6.21911 5.3737 0 
-2.17562e-005 -3.9026e-005 0 -6.24814 5.38449 0 
-2.18432e-005 -3.92603e-005 0 -6.27712 5.39525 0 
-2.19301e-005 -3.94947e-005 0 -6.30606 5.40596 0 
-2.20169e-005 -3.97292e-005 0 -6.33495 5.41664 0 
-2.21035e-005 -3.99639e-005 0 -6.3638 5.42729 0 
-2.219e-005 -4.01986e-005 0 -6.39261 5.43789 0 
-2.22763e-005 -4.04335e-005 0 -6.42138 5.44846 0 
-2.23625e-005 -4.06685e-005 0 -6.4501 5.459 0 
-2.24486e-005 -4.09035e-005 0 -6.47878 5.46949 0 
-2.25346e-005 -4.11387e-005 0 -6.50742 5.47996 0 
-2.26205e-005 -4.1374e-005 0 -6.53602 5.49038 0 
-2.27062e-005 -4.16094e-005 0 -6.56457 5.50078 0 
-2.27918e-005 -4.18449e-005 0 -6.59309 5.51113 0 
-2.28773e-005 -4.20805e-005 0 -6.62156 5.52146 0 
-2.29627e-005 -4.23162e-005 0 -6.65 5.53175 0 
-2.30479e-005 -4.2552e-005 0 -6.67839 5.542 0 
-2.3133e-005 -4.27879e-005 0 -6.70674 5.55223 0 
-2.3218e-005 -4.30239e-005 0 -6.73505 5.56242 0 
-2.33029e-005 -4.326e-005 0 -6.76333 5.57257 0 
-2.33876e-005 -4.34962e-005 0 -6.79156 5.5827 0 
-2.34723e-005 -4.37325e-005 0 -6.81975 5.59279 0 
-2.35568e-005 -4.39689e-005 0 -6.8479 5.60285 0 
-2.36412e-005 -4.42054e-005 0 -6.87602 5.61287 0 
-2.37255e-005 -4.4442e-005 0 -6.9041 5.62287 0 
-2.38097e-005 -4.46787e-005 0 -6.93213 5.63283 0 
-2.38937e-005 -4.49155e-005 0 -6.96013 5.64277 0 
-2.39777e-005 -4.51523e-005 0 -6.98809 5.65267 0 
-2.40615e-005 -4.53893e-005 0 -7.01602 5.66254 0 
-2.41452e-005 -4.56263e-005 0 -7.0439 5.67238 0 
-2.42288e-005 -4.58635e-005 0 -7.07175 5.68219 0 
-2.43123e-005 -4.61007e-005 0 -7.09956 5.69197 0 
-2.43957e-005 -4.6338e-005 0 -7.12733 5.70172 0 
-2.44789e-005 -4.65754e-005 0 -7.15507 5.71144 0 
-2.45621e-005 -4.68129e-005 0 -7.18276 5.72113 0 
-2.46451e-005 -4.70505e-005 0 -7.21043 5.73079 0 
-2.47281e-005 -4.72882e-005 0 -7.23805 5.74043 0 
-2.48109e-005 -4.75259e-005 0 -7.26564 5.75003 0 
-2.48936e-005 -4.77638e-005 0 -7.2932 5.75961 0 
-2.49762e-005 -4.80017e-005 0 -7.32071 5.76916 0 
-2.50587e-005 -4.82397e-005 0 -7.3482 5.77867 0 
-2.51411e-005 -4.84778e-005 0 -7.37564 5.78817 0 
-2.52234e-005 -4.8716e-005 0 -7.40305 5.79763 0 
-2.53056e-005 -4.89543e-005 0 -7.43043 5.80707 0 
-2.53877e-005 -4.91926e-005 0 -7.45777 5.81648 0 
-2.54697e-005 -4.94311e-005 0 -7.48508 5.82586 0 
-2.55516e-005 -4.96696e-005 0 -7.51235 5.83521 0 
-2.56333e-005 -4.99081e-005 0 -7.53959 5.84454 0 
-2.5715e-005 -5.01468e-005 0 -7.56679 5.85384 0 
-2.57966e-005 -5.03856e-005 0 -7.59396 5.86312 0 
-2.5878e-005 -5.06244e-005 0 -7.62109 5.87237 0 
-2.59594e-005 -5.08633e-005 0 -7.64819 5.88159 0 
-2.60407e-005 -5.11023e-005 0 -7.67526 5.89079 0 
-2.61218e-005 -5.13413e-005 0 -7.7023 5.89996 0 
-2.62029e-005 -5.15805e-005 0 -7.7293 5.9091 0 
-2.62838e-005 -5.18197e-005 0 -7.75626 5.91822 0 
-2.63647e-005 -5.2059e-005 0 -7.7832 5.92732 0 
-2.64455e-005 -5.22983e-005 0 -7.8101 5.93639 0 
-2.65261e-005 -5.25378e-005 0 -7.83697 5.94544 0 
-2.66067e-005 -5.27773e-005 0 -7.86381 5.95446 0 
-2.66872e-005 -5.30169e-005 0 -7.89061 5.96345 0 
-2.67676e-005 -5.32565e-005 0 -7.91738 5.97243 0 
-2.68478e-005 -5.34962e-005 0 -7.94412 5.98137 0 
-2.6928e-005 -5.3736e-005 0 -7.97083 5.9903 0 
-2.70081e-005 -5.39759e-005 0 -7.99751 5.9992 0 
-2.70881e-005 -5.42159e-005 0 -8.02415 6.00807 0 
-2.7168e-005 -5.44559e-005 0 -8.05076 6.01693 0 
-2.72478e-005 -5.4696e-005 0 -8.07735 6.02576 0 
-2.73275e-005 -5.49361e-005 0 -8.1039 6.03456 0 
-2.74071e-005 -5.51763e-005 0 -8.13042 6.04335 0 
-2.74867e-005 -5.54166e-005 0 -8.15691 6.05211 0 
-2.75661e-005 -5.5657e-005 0 -8.18336 6.06084 0 
-2.76454e-005 -5.58974e-005 0 -8.20979 6.06956 0 
-2.77247e-005 -5.61379e-005 0 -8.23619 6.07825 0 
-2.78039e-005 -5.63785e-005 0 -8.26256 6.08692 0 
-2.78829e-005 -5.66191e-005 0 -8.28889 6.09557 0 
-2.79619e-005 -5.68598e-005 0 -8.3152 6.10419 0 
-2.80408e-005 -5.71006e-005 0 -8.34148 6.1128 0 
-2.81196e-005 -5.73414e-005 0 -8.36772 6.12138 0 
-2.81983e-005 -5.75823e-005 0 -8.39394 6.12994 0 
-2.82769e-005 -5.78232e-005 0 -8.42013 6.13848 0 
-2.83555e-005 -5.80643e-005 0 -8.44629 6.14699 0 
-2.84339e-005 -5.83053e-005 0 -8.47242 6.15549 0 
-2.85123e-005 -5.85465e-005 0 -8.49852 6.16396 0 
-2.85905e-005 -5.87877e-005 0 -8.52459 6.17242 0 
-2.86687e-005 -5.9029e-005 0 -8.55063 6.18085 0 
-2.87468e-005 -5.92703e-005 0 -8.57664 6.18926 0 
-2.88248e-005 -5.95117e-005 0 -8.60263 6.19765 0 
-2.89028e-005 -5.97532e-005 0 -8.62858 6.20602 0 
-2.89806e-005 -5.99947e-005 0 -8.65451 6.21437 0 
-2.90584e-005 -6.02363e-005 0 -8.68041 6.2227 0 
-2.9136e-005 -6.04779e-005 0 -8.70628 6.23101 0 
-2.92136e-005 -6.07196e-005 0 -8.73213 6.2393 0 
-2.92911e-005 -6.09614e-005 0 -8.75794 6.24757 0 
-2.93686e-005 -6.12032e-005 0 -8.78373 6.25582 0 
-2.94459e-005 -6.14451e-005 0 -8.80949 6.26405 0 
-2.95232e-005 -6.1687e-005 0 -8.83522 6.27226 0 
-2.96003e-005 -6.1929e-005 0 -8.86093 6.28046 0 
-2.96774e-005 -6.21711e-005 0 -8.88661 6.28863 0 
-2.97544e-005 -6.24132e-005 0 -8.91226 6.29678 0 
-2.98314e-005 -6.26554e-005 0 -8.93788 6.30491 0 
-2.99082e-005 -6.28976e-005 0 -8.96348 6.31303 0 
-2.9985e-005 -6.31399e-005 0 -8.98905 6.32112 0 
-3.00617e-005 -6.33822e-005 0 -9.01459 6.3292 0 
-3.01383e-005 -6.36246e-005 0 -9.04011 6.33726 0 
-3.02148e-005 -6.38671e-005 0 -9.0656 6.3453 0 
-3.02913e-005 -6.41096e-005 0 -9.09106 6.35332 0 
-3.03676e-005 -6.43522e-005 0 -9.1165 6.36132 0 
-3.04439e-005 -6.45948e-005 0 -9.14191 6.36931 0 
-3.05202e-005 -6.48375e-005 0 -9.16729 6.37727 0 
-3.05963e-005 -6.50802e-005 0 -9.19265 6.38522 0 
-3.06724e-005 -6.5323e-005 0 -9.21799 6.39315 0 
-3.07483e-005 -6.55658e-005 0 -9.24329 6.40106 0 
-3.08242e-005 -6.58087e-005 0 -9.26858 6.40896 0 
-3.09001e-005 -6.60516e-005 0 -9.29383 6.41684 0 
-3.09758e-005 -6.62946e-005 0 -9.31906 6.42469 0 
-3.10515e-005 -6.65377e-005 0 -9.34427 6.43254 0 
-3.11271e-005 -6.67808e-005 0 -9.36945 6.44036 0 
-3.12026e-005 -6.70239e-005 0 -9.3946 6.44817 0 
-3.12781e-005 -6.72671e-005 0 -9.41973 6.45596 0 
-3.13534e-005 -6.75104e-005 0 -9.44484 6.46373 0 
-3.14287e-005 -6.77537e-005 0 -9.46992 6.47149 0 
-3.1504e-005 -6.7997e-005 0 -9.49497 6.47923 0 
-3.15791e-005 -6.82405e-005 0 -9.52 6.48695 0 
-3.16542e-005 -6.84839e-005 0 -9.54501 6.49465 0 
-3.17292e-005 -6.87274e-005 0 -9.56999 6.50234 0 
-3.18041e-005 -6.8971e-005 0 -9.59495 6.51001 0 
-3.1879e-005 -6.92146e-005 0 -9.61988 6.51767 0 
-3.19538e-005 -6.94582e-005 0 -9.64479 6.52531 0 
-3.20285e-005 -6.97019e-005 0 -9.66967 6.53293 0 
-3.21031e-005 -6.99457e-005 0 -9.69453 6.54054 0 
-3.21777e-005 -7.01895e-005 0 -9.71937 6.54813 0 
-3.22522e-005 -7.04333e-005 0 -9.74418 6.5557 0 
-3.23266e-005 -7.06772e-005 0 -9.76897 6.56326 0 
-3.2401e-005 -7.09212e-005 0 -9.79374 6.5708 0 
-3.24753e-005 -7.11652e-005 0 -9.81848 6.57833 0 
-3.25495e-005 -7.14092e-005 0 -9.8432 6.58584 0 
-3.26236e-005 -7.16533e-005 0 -9.86789 6.59334 0 
-3.26977e-005 -7.18974e-005 0 -9.89256 6.60081 0 
-3.27717e-005 -7.21416e-005 0 -9.91721 6.60828 0 
-3.28456e-005 -7.23858e-005 0 -9.94184 6.61573 0 
-3.29195e-005 -7.26301e-005 0 -9.96644 6.62316 0 
-3.29933e-005 -7.28744e-005 0 -9.99102 6.63058 0 
-3.3067e-005 -7.31188e-005 0 -10.0156 6.63798 0 
-3.31407e-005 -7.33632e-005 0 -10.0401 6.64537 0 
-3.32143e-005 -7.36077e-005 0 -10.0646 6.65274 0 
-3.32878e-005 -7.38522e-005 0 -10.0891 6.6601 0 
-3.33613e-005 -7.40967e-005 0 -10.1136 6.66744 0 
-3.34346e-005 -7.43413e-005 0 -10.138 6.67477 0 
-3.3508e-005 -7.45859e-005 0 -10.1624 6.68209 0 
-3.35812e-005 -7.48306e-005 0 -10.1868 6.68938 0 
-3.36544e-005 -7.50753e-005 0 -10.2112 6.69667 0 
-3.37275e-005 -7.53201e-005 0 -10.2356 6.70394 0 
-3.38006e-005 -7.55649e-005 0 -10.2599 6.71119 0 
-3.38736e-005 -7.58097e-005 0 -10.2842 6.71843 0 
-3.39465e-005 -7.60546e-005 0 -10.3085 6.72566 0 
-3.40194e-005 -7.62996e-005 0 -10.3328 6.73287 0 
-3.40921e-005 -7.65445e-005 0 -10.357 6.74007 0 
-3.41649e-005 -7.67896e-005 0 -10.3812 6.74726 0 
-3.42375e-005 -7.70346e-005 0 -10.4054 6.75443 0 
-3.43101e-005 -7.72797e-005 0 -10.4296 6.76158 0 
-3.43827e-005 -7.75249e-005 0 -10.4538 6.76872 0 
-3.44551e-005 -7.77701e-005 0 -10.4779 6.77585 0 
-3.45275e-005 -7.80153e-005 0 -10.502 6.78297 0 
-3.45999e-005 -7.82606e-005 0 -10.5261 6.79007 0 
-3.46722e-005 -7.85059e-005 0 -10.5502 6.79716 0 
-3.47444e-005 -7.87512e-005 0 -10.5742 6.80423 0 
-3.48165e-005 -7.89966e-005 0 -10.5983 6.81129 0 
-3.48886e-005 -7.92421e-005 0 -10.6223 6.81834 0 
-3.49607e-005 -7.94875e-005 0 -10.6463 6.82537 0 
-3.50326e-005 -7.9733e-005 0 -10.6702 6.83239 0 
-3.51045e-005 -7.99786e-005 0 -10.6942 6.8394 0 
-3.51764e-005 -8.02242e-005 0 -10.7181 6.84639 0 
-3.52482e-005 -8.04698e-005 0 -10.742 6.85337 0 
-3.53199e-005 -8.07155e-005 0 -10.7659 6.86034 0 
-3.53915e-005 -8.09612e-005 0 -10.7898 6.86729 0 
-3.54631e-005 -8.1207e-005 0 -10.8136 6.87423 0 
-3.55347e-005 -8.14527e-005 0 -10.8374 6.88116 0 
-3.56061e-005 -8.16986e-005 0 -10.8612 6.88808 0 
-3.56775e-005 -8.19444e-005 0 -10.885 6.89498 0 
-3.57489e-005 -8.21903e-005 0 -10.9088 6.90187 0 
-3.58202e-005 -8.24363e-005 0 -10.9325 6.90875 0 
-3.58914e-005 -8.26823e-005 0 -10.9563 6.91561 0 
-3.59626e-005 -8.29283e-005 0 -10.98 6.92246 0 
-3.60337e-005 -8.31743e-005 0 -11.0037 6.9293 0 
-3.61048e-005 -8.34204e-005 0 -11.0273 6.93613 0 
-3.61758e-005 -8.36665e-005 0 -11.051 6.94295 0 
-3.62467e-005 -8.39127e-005 0 -11.0746 6.94975 0 
-3.63176e-005 -8.41589e-005 0 -11.0982 6.95654 0 
-3.63884e-005 -8.44051e-005 0 -11.1218 6.96332 0 
-3.64592e-005 -8.46514e-005 0 -11.1454 6.97008 0 
-3.65299e-005 -8.48977e-005 0 -11.1689 6.97684 0 
-3.66005e-005 -8.51441e-005 0 -11.1924 6.98358 0 
-3.66711e-005 -8.53905e-005 0 -11.2159 6.99031 0 
-3.67416e-005 -8.56369e-005 0 -11.2394 6.99703 0 
-3.68121e-005 -8.58833e-005 0 -11.2629 7.00373 0 
-3.68825e-005 -8.61298e-005 0 -11.2864 7.01043 0 
-3.69529e-005 -8.63764e-005 0 -11.3098 7.01711 0 
-3.70232e-005 -8.66229e-005 0 -11.3332 7.02378 0 
-3.70934e-005 -8.68695e-005 0 -11.3566 7.03044 0 
-3.71636e-005 -8.71161e-005 0 -11.38 7.03708 0 
-3.72338e-005 -8.73628e-005 0 -11.4033 7.04372 0 
-3.73038e-005 -8.76095e-005 0 -11.4267 7.05034 0 
-3.73739e-005 -8.78562e-005 0 -11.45 7.05696 0 
-3.74438e-005 -8.8103e-005 0 -11.4733 7.06356 0 
-3.75137e-005 -8.83498e-005 0 -11.4966 7.07015 0 
-3.75836e-005 -8.85967e-005 0 -11.5198 7.07673 0 
-3.76534e-005 -8.88435e-005 0 -11.5431 7.08329 0 
-3.77231e-005 -8.90904e-005 0 -11.5663 7.08985 0 
-3.77928e-005 -8.93374e-005 0 -11.5895 7.09639 0 
-3.78624e-005 -8.95843e-005 0 -11.6127 7.10293 0 
-3.7932e-005 -8.98314e-005 0 -11.6359 7.10945 0 
-3.80016e-005 -9.00784e-005 0 -11.659 7.11596 0 
-3.8071e-005 -9.03255e-005 0 -11.6822 7.12246 0 
-3.81404e-005 -9.05726e-005 0 -11.7053 7.12895 0 
-3.82098e-005 -9.08197e-005 0 -11.7284 7.13543 0 
-3.82791e-005 -9.10669e-005 0 -11.7515 7.14189 0 
-3.83484e-005 -9.13141e-005 0 -11.7746 7.14835 0 
-3.84176e-005 -9.15613e-005 0 -11.7976 7.1548 0 
-3.84867e-005 -9.18086e-005 0 -11.8206 7.16123 0 
-3.85558e-005 -9.20559e-005 0 -11.8436 7.16766 0 
-3.86249e-005 -9.23032e-005 0 -11.8666 7.17407 0 
-3.86939e-005 -9.25506e-005 0 -11.8896 7.18047 0 
-3.87628e-005 -9.2798e-005 0 -11.9126 7.18686 0 
-3.88317e-005 -9.30454e-005 0 -11.9355 7.19325 0 
-3.89005e-005 -9.32929e-005 0 -11.9584 7.19962 0 
-3.89693e-005 -9.35404e-005 0 -11.9814 7.20598 0 
-3.9038e-005 -9.37879e-005 0 -12.0042 7.21233 0 
-3.91067e-005 -9.40354e-005 0 -12.0271 7.21867 0 
-3.91753e-005 -9.4283e-005 0 -12.05 7.225 0 
-3.92439e-005 -9.45306e-005 0 -12.0728 7.23132 0 
-3.93124e-005 -9.47783e-005 0 -12.0956 7.23763 0 
-3.93809e-005 -9.50259e-005 0 -12.1184 7.24393 0 
-3.94493e-005 -9.52737e-005 0 -12.1412 7.25022 0 
-3.95177e-005 -9.55214e-005 0 -12.164 7.25649 0 
-3.9586e-005 -9.57692e-005 0 -12.1867 7.26276 0 
-3.96543e-005 -9.6017e-005 0 -12.2095 7.26902 0 
-3.97225e-005 -9.62648e-005 0 -12.2322 7.27527 0 
-3.97907e-005 -9.65126e-005 0 -12.2549 7.28151 0 
-3.98588e-005 -9.67605e-005 0 -12.2776 7.28774 0 
-3.99269e-005 -9.70084e-005 0 -12.3003 7.29396 0 
-3.99949e-005 -9.72564e-005 0 -12.3229 7.30017 0 
-4.00628e-005 -9.75044e-005 0 -12.3456 7.30636 0 
-4.01308e-005 -9.77524e-005 0 -12.3682 7.31255 0 
-4.01986e-005 -9.80004e-005 0 -12.3908 7.31873 0 
-4.02665e-005 -9.82485e-005 0 -12.4134 7.3249 0 
-4.03342e-005 -9.84966e-005 0 -12.4359 7.33106 0 
-4.0402e-005 -9.87447e-005 0 -12.4585 7.33722 0 
-4.04696e-005 -9.89928e-005 0 -12.481 7.34336 0 
-4.05373e-005 -9.9241e-005 0 -12.5035 7.34949 0 
-4.06048e-005 -9.94892e-005 0 -12.5261 7.35561 0 
-4.06724e-005 -9.97374e-005 0 -12.5485 7.36172 0 
-4.07398e-005 -9.99857e-005 0 -12.571 7.36783 0 
-4.08073e-005 -0.000100234 0 -12.5935 7.37392 0 
-4.08747e-005 -0.000100482 0 -12.6159 7.38 0 
-4.0942e-005 -0.000100731 0 -12.6383 7.38608 0 
-4.10093e-005 -0.000100979 0 -12.6608 7.39215 0 
-4.10765e-005 -0.000101227 0 -12.6831 7.3982 0 
-4.11437e-005 -0.000101476 0 -12.7055 7.40425 0 
-4.12109e-005 -0.000101724 0 -12.7279 7.41029 0 
-4.1278e-005 -0.000101973 0 -12.7502 7.41632 0 
-4.1345e-005 -0.000102221 0 -12.7726 7.42234 0 
-4.1412e-005 -0.00010247 0 -12.7949 7.42835 0 
-4.1479e-005 -0.000102718 0 -12.8172 7.43435 0 
-4.15459e-005 -0.000102967 0 -12.8395 7.44034 0 
-4.16128e-005 -0.000103216 0 -12.8617 7.44632 0 
-4.16796e-005 -0.000103464 0 -12.884 7.4523 0 
-4.17463e-005 -0.000103713 0 -12.9062 7.45827 0 
-4.18131e-005 -0.000103962 0 -12.9284 7.46422 0 
-4.18798e-005 -0.00010421 0 -12.9507 7.47017 0 
-4.19464e-005 -0.000104459 0 -12.9728 7.47611 0 
-4.2013e-005 -0.000104708 0 -12.995 7.48204 0 
-4.20795e-005 -0.000104957 0 -13.0172 7.48796 0 
-4.2146e-005 -0.000105206 0 -13.0393 7.49387 0 
-4.22125e-005 -0.000105454 0 -13.0615 7.49978 0 
-4.22789e-005 -0.000105703 0 -13.0836 7.50567 0 
-4.23452e-005 -0.000105952 0 -13.1057 7.51156 0 
-4.24116e-005 -0.000106201 0 -13.1278 7.51744 0 
-4.24778e-005 -0.00010645 0 -13.1498 7.52331 0 
-4.25441e-005 -0.000106699 0 -13.1719 7.52917 0 
-4.26102e-005 -0.000106948 0 -13.1939 7.53502 0 
-4.26764e-005 -0.000107197 0 -13.216 7.54087 0 
-4.27425e-005 -0.000107446 0 -13.238 7.5467 0 
-4.28085e-005 -0.000107695 0 -13.26 7.55253 0 
-4.28745e-005 -0.000107944 0 -13.2819 7.55835 0 
-4.29405e-005 -0.000108194 0 -13.3039 7.56416 0 
-4.30064e-005 -0.000108443 0 -13.3259 7.56996 0 
-4.30723e-005 -0.000108692 0 -13.3478 7.57576 0 
-4.31381e-005 -0.000108941 0 -13.3697 7.58154 0 
-4.32039e-005 -0.00010919 0 -13.3916 7.58732 0 
-4.32696e-005 -0.00010944 0 -13.4135 7.59309 0 
-4.33353e-005 -0.000109689 0 -13.4354 7.59885 0 
-4.3401e-005 -0.000109938 0 -13.4573 7.6046 0 
-4.34666e-005 -0.000110188 0 -13.4791 7.61035 0 
-4.35322e-005 -0.000110437 0 -13.501 7.61608 0 
-4.35977e-005 -0.000110686 0 -13.5228 7.62181 0 
-4.36632e-005 -0.000110936 0 -13.5446 7.62753 0 
-4.37286e-005 -0.000111185 0 -13.5664 7.63325 0 
-4.3794e-005 -0.000111435 0 -13.5882 7.63895 0 
-4.38594e-005 -0.000111684 0 -13.6099 7.64465 0 
-4.39247e-005 -0.000111934 0 -13.6317 7.65034 0 
-4.399e-005 -0.000112183 0 -13.6534 7.65602 0 
-4.40552e-005 -0.000112433 0 -13.6751 7.66169 0 
-4.41204e-005 -0.000112682 0 -13.6969 7.66735 0 
-4.41855e-005 -0.000112932 0 -13.7185 7.67301 0 
-4.42506e-005 -0.000113182 0 -13.7402 7.67866 0 
-4.43157e-005 -0.000113431 0 -13.7619 7.6843 0 
-4.43807e-005 -0.000113681 0 -13.7835 7.68994 0 
-4.44457e-005 -0.000113931 0 -13.8052 7.69556 0 
-4.45106e-005 -0.00011418 0 -13.8268 7.70118 0 
-4.45755e-005 -0.00011443 0 -13.8484 7.70679 0 
-4.46404e-005 -0.00011468 0 -13.87 7.7124 0 
-4.47052e-005 -0.00011493 0 -13.8916 7.71799 0 
-4.477e-005 -0.000115179 0 -13.9132 7.72358 0 
-4.48347e-005 -0.000115429 0 -13.9347 7.72916 0 
-4.48994e-005 -0.000115679 0 -13.9563 7.73473 0 
-4.4964e-005 -0.000115929 0 -13.9778 7.7403 0 
-4.50286e-005 -0.000116179 0 -13.9993 7.74585 0 
-4.50932e-005 -0.000116429 0 -14.0208 7.75141 0 
-4.51577e-005 -0.000116679 0 -14.0423 7.75695 0 
-4.52222e-005 -0.000116929 0 -14.0638 7.76248 0 
-4.52867e-005 -0.000117179 0 -14.0853 7.76801 0 
-4.53511e-005 -0.000117429 0 -14.1067 7.77353 0 
-4.54154e-005 -0.000117679 0 -14.1281 7.77905 0 
-4.54798e-005 -0.000117929 0 -14.1496 7.78455 0 
-4.55441e-005 -0.000118179 0 -14.171 7.79005 0 
-4.56083e-005 -0.000118429 0 -14.1924 7.79554 0 
-4.56725e-005 -0.000118679 0 -14.2138 7.80103 0 
-4.57367e-005 -0.000118929 0 -14.2351 7.8065 0 
-4.58008e-005 -0.000119179 0 -14.2565 7.81197 0 
-4.58649e-005 -0.00011943 0 -14.2778 7.81744 0 
-4.5929e-005 -0.00011968 0 -14.2992 7.82289 0 
-4.5993e-005 -0.00011993 0 -14.3205 7.82834 0 
-4.60569e-005 -0.00012018 0 -14.3418 7.83378 0 
-4.61209e-005 -0.000120431 0 -14.3631 7.83922 0 
-4.61848e-005 -0.000120681 0 -14.3844 7.84464 0 
-4.62486e-005 -0.000120931 0 -14.4056 7.85006 0 
-4.63124e-005 -0.000121181 0 -14.4269 7.85548 0 
-4.63762e-005 -0.000121432 0 -14.4481 7.86088 0 
-4.644e-005 -0.000121682 0 -14.4693 7.86628 0 
-4.65037e-005 -0.000121933 0 -14.4906 7.87167 0 
-4.65673e-005 -0.000122183 0 -14.5118 7.87706 0 
-4.6631e-005 -0.000122433 0 -14.5329 7.88244 0 
-4.66946e-005 -0.000122684 0 -14.5541 7.88781 0 
-4.67581e-005 -0.000122934 0 -14.5753 7.89317 0 
-4.68216e-005 -0.000123185 0 -14.5964 7.89853 0 
-4.68851e-005 -0.000123435 0 -14.6176 7.90388 0 
-4.69485e-005 -0.000123686 0 -14.6387 7.90922 0 
-4.70119e-005 -0.000123936 0 -14.6598 7.91456 0 
-4.70753e-005 -0.000124187 0 -14.6809 7.91989 0 
-4.71386e-005 -0.000124438 0 -14.702 7.92522 0 
-4.72019e-005 -0.000124688 0 -14.7231 7.93053 0 
-4.72651e-005 -0.000124939 0 -14.7441 7.93584 0 
-4.73284e-005 -0.00012519 0 -14.7652 7.94115 0 
-4.73915e-005 -0.00012544 0 -14.7862 7.94644 0 
-4.74547e-005 -0.000125691 0 -14.8073 7.95173 0 
-4.75178e-005 -0.000125942 0 -14.8283 7.95702 0 
-4.75808e-005 -0.000126192 0 -14.8493 7.9623 0 
-4.76439e-005 -0.000126443 0 -14.8703 7.96757 0 
-4.77069e-005 -0.000126694 0 -14.8912 7.97283 0 
-4.77698e-005 -0.000126945 0 -14.9122 7.97809 0 
-4.78327e-005 -0.000127196 0 -14.9332 7.98334 0 
-4.78956e-005 -0.000127446 0 -14.9541 7.98858 0 
-4.79585e-005 -0.000127697 0 -14.975 7.99382 0 
-4.80213e-005 -0.000127948 0 -14.9959 7.99905 0 
-4.8084e-005 -0.000128199 0 -15.0168 8.00428 0 
-4.81468e-005 -0.00012845 0 -15.0377 8.0095 0 
-4.82095e-005 -0.000128701 0 -15.0586 8.01471 0 
-4.82721e-005 -0.000128952 0 -15.0795 8.01992 0 
-4.83348e-005 -0.000129203 0 -15.1003 8.02512 0 
-4.83974e-005 -0.000129454 0 -15.1212 8.03031 0 
-4.84599e-005 -0.000129705 0 -15.142 8.0355 0 
-4.85224e-005 -0.000129956 0 -15.1628 8.04068 0 
-4.85849e-005 -0.000130207 0 -15.1837 8.04585 0 
-4.86474e-005 -0.000130458 0 -15.2044 8.05102 0 
-4.87098e-005 -0.000130709 0 -15.2252 8.05618 0 
-4.87722e-005 -0.00013096 0 -15.246 8.06134 0 
-4.88345e-005 -0.000131211 0 -15.2668 8.06649 0 
-4.88968e-005 -0.000131462 0 -15.2875 8.07163 0 
-4.89591e-005 -0.000131714 0 -15.3083 8.07677 0 
-4.90213e-005 -0.000131965 0 -15.329 8.0819 0 
-4.90835e-005 -0.000132216 0 -15.3497 8.08702 0 
-4.91457e-005 -0.000132467 0 -15.3704 8.09214 0 
-4.92079e-005 -0.000132718 0 -15.3911 8.09725 0 
-4.927e-005 -0.00013297 0 -15.4118 8.10236 0 
-4.9332e-005 -0.000133221 0 -15.4324 8.10746 0 
-4.93941e-005 -0.000133472 0 -15.4531 8.11256 0 
-4.94561e-005 -0.000133724 0 -15.4737 8.11764 0 
-4.9518e-005 -0.000133975 0 -15.4944 8.12273 0 
-4.95799e-005 -0.000134226 0 -15.515 8.1278 0 
-4.96418e-005 -0.000134478 0 -15.5356 8.13287 0 
-4.97037e-005 -0.000134729 0 -15.5562 8.13794 0 
-4.97655e-005 -0.00013498 0 -15.5768 8.143 0 
-4.98273e-005 -0.000135232 0 -15.5974 8.14805 0 
-4.98891e-005 -0.000135483 0 -15.618 8.1531 0 
-4.99508e-005 -0.000135735 0 -15.6385 8.15814 0 
-5.00125e-005 -0.000135986 0 -15.659 8.16317 0 
-5.00741e-005 -0.000136238 0 -15.6796 8.1682 0 
-5.01358e-005 -0.000136489 0 -15.7001 8.17322 0 
-5.01974e-005 -0.000136741 0 -15.7206 8.17824 0 
-5.02589e-005 -0.000136992 0 -15.7411 8.18325 0 
-5.03204e-005 -0.000137244 0 -15.7616 8.18826 0 
-5.03819e-005 -0.000137495 0 -15.7821 8.19326 0 
-5.04434e-005 -0.000137747 0 -15.8025 8.19825 0 
-5.05048e-005 -0.000137999 0 -15.823 8.20324 0 
-5.05662e-005 -0.00013825 0 -15.8434 8.20823 0 
-5.06276e-005 -0.000138502 0 -15.8639 8.2132 0 
-5.06889e-005 -0.000138753 0 -15.8843 8.21817 0 
-5.07502e-005 -0.000139005 0 -15.9047 8.22314 0 
-5.08114e-005 -0.000139257 0 -15.9251 8.2281 0 
-5.08727e-005 -0.000139509 0 -15.9455 8.23306 0 
-5.09339e-005 -0.00013976 0 -15.9659 8.238 0 
-5.0995e-005 -0.000140012 0 -15.9862 8.24295 0 
-5.10561e-005 -0.000140264 0 -16.0066 8.24789 0 
-5.11172e-005 -0.000140516 0 -16.0269 8.25282 0 
-5.11783e-005 -0.000140767 0 -16.0473 8.25774 0 
-5.12393e-005 -0.000141019 0 -16.0676 8.26267 0 
-5.13003e-005 -0.000141271 0 -16.0879 8.26758 0 
-5.13613e-005 -0.000141523 0 -16.1082 8.27249 0 
-5.14222e-005 -0.000141775 0 -16.1285 8.2774 0 
-5.14831e-005 -0.000142027 0 -16.1488 8.28229 0 
-5.1544e-005 -0.000142278 0 -16.1691 8.28719 0 
-5.16048e-005 -0.00014253 0 -16.1893 8.29208 0 
-5.16656e-005 -0.000142782 0 -16.2096 8.29696 0 
-5.17264e-005 -0.000143034 0 -16.2298 8.30184 0 
-5.17872e-005 -0.000143286 0 -16.25 8.30671 0 
-5.18479e-005 -0.000143538 0 -16.2703 8.31157 0 
-5.19086e-005 -0.00014379 0 -16.2905 8.31644 0 
-5.19692e-005 -0.000144042 0 -16.3107 8.32129 0 
-5.20298e-005 -0.000144294 0 -16.3308 8.32614 0 
-5.20904e-005 -0.000144546 0 -16.351 8.33099 0 
-5.2151e-005 -0.000144798 0 -16.3712 8.33583 0 
-5.22115e-005 -0.00014505 0 -16.3913 8.34066 0 
-5.2272e-005 -0.000145302 0 -16.4115 8.34549 0 
-5.23324e-005 -0.000145555 0 -16.4316 8.35031 0 
-5.23929e-005 -0.000145807 0 -16.4517 8.35513 0 
-5.24533e-005 -0.000146059 0 -16.4718 8.35995 0 
-5.25136e-005 -0.000146311 0 -16.492 8.36475 0 
-5.2574e-005 -0.000146563 0 -16.512 8.36956 0 
-5.26343e-005 -0.000146815 0 -16.5321 8.37435 0 
-5.26945e-005 -0.000147067 0 -16.5522 8.37915 0 
-5.27548e-005 -0.00014732 0 -16.5723 8.38393 0 
-5.2815e-005 -0.000147572 0 -16.5923 8.38872 0 
-5.28752e-005 -0.000147824 0 -16.6124 8.39349 0 
-5.29353e-005 -0.000148076 0 -16.6324 8.39826 0 
-5.29955e-005 -0.000148329 0 -16.6524 8.40303 0 
-5.30556e-005 -0.000148581 0 -16.6724 8.40779 0 
-5.31156e-005 -0.000148833 0 -16.6924 8.41255 0 
-5.31756e-005 -0.000149086 0 -16.7124 8.4173 0 
-5.32356e-005 -0.000149338 0 -16.7324 8.42205 0 
-5.32956e-005 -0.00014959 0 -16.7524 8.42679 0 
-5.33556e-005 -0.000149843 0 -16.7723 8.43152 0 
-5.34155e-005 -0.000150095 0 -16.7923 8.43626 0 
-5.34753e-005 -0.000150347 0 -16.8122 8.44098 0 
-5.35352e-005 -0.0001506 0 -16.8321 8.4457 0 
-5.3595e-005 -0.000150852 0 -16.8521 8.45042 0 
-5.36548e-005 -0.000151105 0 -16.872 8.45513 0 
-5.37146e-005 -0.000151357 0 -16.8919 8.45984 0 
-5.37743e-005 -0.00015161 0 -16.9118 8.46454 0 
-5.3834e-005 -0.000151862 0 -16.9316 8.46923 0 
-5.38937e-005 -0.000152115 0 -16.9515 8.47393 0 
-5.39533e-005 -0.000152367 0 -16.9714 8.47861 0 
-5.40129e-005 -0.00015262 0 -16.9912 8.48329 0 
-5.40725e-005 -0.000152872 0 -17.0111 8.48797 0 
-5.41321e-005 -0.000153125 0 -17.0309 8.49264 0 
-5.41916e-005 -0.000153377 0 -17.0507 8.49731 0 
-5.42511e-005 -0.00015363 0 -17.0705 8.50197 0 
-5.43106e-005 -0.000153882 0 -17.0903 8.50663 0 
-5.437e-005 -0.000154135 0 -17.1101 8.51128 0 
-5.44294e-005 -0.000154388 0 -17.1299 8.51593 0 
-5.44888e-005 -0.00015464 0 -17.1497 8.52057 0 
-5.45481e-005 -0.000154893 0 -17.1694 8.52521 0 
-5.46075e-005 -0.000155146 0 -17.1892 8.52984 0 
-5.46668e-005 -0.000155398 0 -17.2089 8.53447 0 
-5.4726e-005 -0.000155651 0 -17.2287 8.53909 0 
-5.47853e-005 -0.000155904 0 -17.2484 8.54371 0 
-5.48445e-005 -0.000156157 0 -17.2681 8.54833 0 
-5.49036e-005 -0.000156409 0 -17.2878 8.55294 0 
-5.49628e-005 -0.000156662 0 -17.3075 8.55754 0 
-5.50219e-005 -0.000156915 0 -17.3272 8.56214 0 
-5.5081e-005 -0.000157168 0 -17.3469 8.56674 0 
-5.51401e-005 -0.00015742 0 -17.3666 8.57133 0 
-5.51991e-005 -0.000157673 0 -17.3862 8.57591 0 
-5.52581e-005 -0.000157926 0 -17.4059 8.5805 0 
-5.53171e-005 -0.000158179 0 -17.4255 8.58507 0 
-5.5376e-005 -0.000158432 0 -17.4451 8.58965 0 
-5.5435e-005 -0.000158685 0 -17.4648 8.59421 0 
-5.54939e-005 -0.000158937 0 -17.4844 8.59878 0 
-5.55527e-005 -0.00015919 0 -17.504 8.60333 0 
-5.56116e-005 -0.000159443 0 -17.5236 8.60789 0 
-5.56704e-005 -0.000159696 0 -17.5432 8.61244 0 
-5.57292e-005 -0.000159949 0 -17.5627 8.61698 0 
-5.57879e-005 -0.000160202 0 -17.5823 8.62152 0 
-5.58467e-005 -0.000160455 0 -17.6019 8.62606 0 
-5.59054e-005 -0.000160708 0 -17.6214 8.63059 0 
-5.5964e-005 -0.000160961 0 -17.6409 8.63512 0 
-5.60227e-005 -0.000161214 0 -17.6605 8.63964 0 
-5.60813e-005 -0.000161467 0 -17.68 8.64416 0 
-5.61399e-005 -0.00016172 0 -17.6995 8.64867 0 
-5.61984e-005 -0.000161973 0 -17.719 8.65318 0 
-5.6257e-005 -0.000162226 0 -17.7385 8.65768 0 
-5.63155e-005 -0.000162479 0 -17.758 8.66218 0 
-5.6374e-005 -0.000162732 0 -17.7774 8.66668 0 
-5.64324e-005 -0.000162985 0 -17.7969 8.67117 0 
-5.64909e-005 -0.000163239 0 -17.8164 8.67565 0 
-5.65493e-005 -0.000163492 0 -17.8358 8.68014 0 
-5.66076e-005 -0.000163745 0 -17.8553 8.68461 0 
-5.6666e-005 -0.000163998 0 -17.8747 8.68909 0 
-5.67243e-005 -0.000164251 0 -17.8941 8.69356 0 
-5.67826e-005 -0.000164504 0 -17.9135 8.69802 0 
-5.68408e-005 -0.000164758 0 -17.9329 8.70248 0 
-5.68991e-005 -0.000165011 0 -17.9523 8.70694 0 
-5.69573e-005 -0.000165264 0 -17.9717 8.71139 0 
-5.70155e-005 -0.000165517 0 -17.9911 8.71584 0 
-5.70736e-005 -0.00016577 0 -18.0104 8.72028 0 
-5.71318e-005 -0.000166024 0 -18.0298 8.72472 0 
-5.71899e-005 -0.000166277 0 -18.0491 8.72915 0 
-5.7248e-005 -0.00016653 0 -18.0685 8.73358 0 
-5.7306e-005 -0.000166784 0 -18.0878 8.73801 0 
-5.7364e-005 -0.000167037 0 -18.1071 8.74243 0 
-5.7422e-005 -0.00016729 0 -18.1264 8.74685 0 
-5.748e-005 -0.000167544 0 -18.1457 8.75126 0 
-5.7538e-005 -0.000167797 0 -18.165 8.75567 0 
-5.75959e-005 -0.00016805 0 -18.1843 8.76007 0 
-5.76538e-005 -0.000168304 0 -18.2036 8.76447 0 
-5.77116e-005 -0.000168557 0 -18.2229 8.76887 0 
-5.77695e-005 -0.00016881 0 -18.2421 8.77326 0 
-5.78273e-005 -0.000169064 0 -18.2614 8.77765 0 
-5.78851e-005 -0.000169317 0 -18.2806 8.78203 0 
-5.79428e-005 -0.000169571 0 -18.2999 8.78641 0 
-5.80006e-005 -0.000169824 0 -18.3191 8.79079 0 
-5.80583e-005 -0.000170078 0 -18.3383 8.79516 0 
-5.8116e-005 -0.000170331 0 -18.3575 8.79953 0 
-5.81736e-005 -0.000170584 0 -18.3767 8.80389 0 
-5.82313e-005 -0.000170838 0 -18.3959 8.80825 0 
-5.82889e-005 -0.000171091 0 -18.4151 8.8126 0 
-5.83465e-005 -0.000171345 0 -18.4343 8.81695 0 
-5.8404e-005 -0.000171599 0 -18.4534 8.8213 0 
-5.84616e-005 -0.000171852 0 -18.4726 8.82564 0 
-5.85191e-005 -0.000172106 0 -18.4917 8.82998 0 
-5.85765e-005 -0.000172359 0 -18.5109 8.83432 0 
-5.8634e-005 -0.000172613 0 -18.53 8.83865 0 
-5.86914e-005 -0.000172866 0 -18.5491 8.84297 0 
-5.87488e-005 -0.00017312 0 -18.5683 8.8473 0 
-5.88062e-005 -0.000173374 0 -18.5874 8.85161 0 
-5.88636e-005 -0.000173627 0 -18.6065 8.85593 0 
-5.89209e-005 -0.000173881 0 -18.6256 8.86024 0 
-5.89782e-005 -0.000174135 0 -18.6446 8.86455 0 
-5.90355e-005 -0.000174388 0 -18.6637 8.86885 0 
-5.90927e-005 -0.000174642 0 -18.6828 8.87315 0 
-5.915e-005 -0.000174896 0 -18.7018 8.87744 0 
-5.92072e-005 -0.000175149 0 -18.7209 8.88173 0 
-5.92644e-005 -0.000175403 0 -18.7399 8.88602 0 
-5.93215e-005 -0.000175657 0 -18.7589 8.8903 0 
-5.93786e-005 -0.00017591 0 -18.778 8.89458 0 
-5.94357e-005 -0.000176164 0 -18.797 8.89885 0 
-5.94928e-005 -0.000176418 0 -18.816 8.90313 0 
-5.95499e-005 -0.000176672 0 -18.835 8.90739 0 
-5.96069e-005 -0.000176926 0 -18.854 8.91166 0 
-5.96639e-005 -0.000177179 0 -18.873 8.91591 0 
-5.97209e-005 -0.000177433 0 -18.8919 8.92017 0 
-5.97779e-005 -0.000177687 0 -18.9109 8.92442 0 
-5.98348e-005 -0.000177941 0 -18.9299 8.92867 0 
-5.98917e-005 -0.000178195 0 -18.9488 8.93291 0 
-5.99486e-005 -0.000178448 0 -18.9678 8.93715 0 
-6.00054e-005 -0.000178702 0 -18.9867 8.94139 0 
-6.00623e-005 -0.000178956 0 -19.0056 8.94562 0 
-6.01191e-005 -0.00017921 0 -19.0245 8.94985 0 
-6.01759e-005 -0.000179464 0 -19.0434 8.95408 0 
-6.02326e-005 -0.000179718 0 -19.0623 8.9583 0 
-6.02894e-005 -0.000179972 0 -19.0812 8.96251 0 
-6.03461e-005 -0.000180226 0 -19.1001 8.96673 0 
-6.04028e-005 -0.00018048 0 -19.119 8.97094 0 
-6.04594e-005 -0.000180734 0 -19.1379 8.97514 0 
-6.05161e-005 -0.000180988 0 -19.1567 8.97934 0 
-6.05727e-005 -0.000181242 0 -19.1756 8.98354 0 
-6.06293e-005 -0.000181496 0 -19.1944 8.98774 0 
-6.06859e-005 -0.00018175 0 -19.2133 8.99193 0 
-6.07424e-005 -0.000182004 0 -19.2321 8.99612 0 
-6.07989e-005 -0.000182258 0 -19.2509 9.0003 0 
-6.08554e-005 -0.000182512 0 -19.2697 9.00448 0 
-6.09119e-005 -0.000182766 0 -19.2885 9.00865 0 
-6.09684e-005 -0.00018302 0 -19.3073 9.01283 0 
-6.10248e-005 -0.000183274 0 -19.3261 9.017 0 
-6.10812e-005 -0.000183528 0 -19.3449 9.02116 0 
-6.11376e-005 -0.000183782 0 -19.3637 9.02532 0 
-6.11939e-005 -0.000184036 0 -19.3824 9.02948 0 
-6.12503e-005 -0.00018429 0 -19.4012 9.03363 0 
-6.13066e-005 -0.000184544 0 -19.4199 9.03778 0 
-6.13629e-005 -0.000184798 0 -19.4387 9.04193 0 
-6.14191e-005 -0.000185053 0 -19.4574 9.04607 0 
-6.14754e-005 -0.000185307 0 -19.4761 9.05021 0 
-6.15316e-005 -0.000185561 0 -19.4949 9.05435 0 
-6.15878e-005 -0.000185815 0 -19.5136 9.05848 0 
-6.16439e-005 -0.000186069 0 -19.5323 9.06261 0 
-6.17001e-005 -0.000186323 0 -19.551 9.06674 0 
-6.17562e-005 -0.000186578 0 -19.5697 9.07086 0 
-6.18123e-005 -0.000186832 0 -19.5883 9.07498 0 
-6.18684e-005 -0.000187086 0 -19.607 9.07909 0 
-6.19244e-005 -0.00018734 0 -19.6257 9.0832 0 
-6.19805e-005 -0.000187595 0 -19.6443 9.08731 0 
-6.20365e-005 -0.000187849 0 -19.663 9.09141 0 
-6.20925e-005 -0.000188103 0 -19.6816 9.09551 0 
-6.21484e-005 -0.000188357 0 -19.7003 9.09961 0 
-6.22044e-005 -0.000188612 0 -19.7189 9.1037 0 
-6.22603e-005 -0.000188866 0 -19.7375 9.10779 0 
-6.23162e-005 -0.00018912 0 -19.7561 9.11188 0 
-6.23721e-005 -0.000189375 0 -19.7747 9.11596 0 
-6.24279e-005 -0.000189629 0 -19.7933 9.12004 0 
-6.24837e-005 -0.000189883 0 -19.8119 9.12412 0 
-6.25395e-005 -0.000190138 0 -19.8305 9.12819 0 
-6.25953e-005 -0.000190392 0 -19.8491 9.13226 0 
-6.26511e-005 -0.000190646 0 -19.8676 9.13632 0 
-6.27068e-005 -0.000190901 0 -19.8862 9.14038 0 
-6.27625e-005 -0.000191155 0 -19.9047 9.14444 0 
-6.28182e-005 -0.00019141 0 -19.9233 9.1485 0 
-6.28739e-005 -0.000191664 0 -19.9418 9.15255 0 
-6.29295e-005 -0.000191918 0 -19.9604 9.1566 0 
-6.29852e-005 -0.000192173 0 -19.9789 9.16064 0 
-6.30408e-005 -0.000192427 0 -19.9974 9.16468 0 
-6.30963e-005 -0.000192682 0 -20.0159 9.16872 0 
-6.31519e-005 -0.000192936 0 -20.0344 9.17276 0 
-6.32074e-005 -0.000193191 0 -20.0529 9.17679 0 
-6.32629e-005 -0.000193445 0 -20.0714 9.18082 0 
-6.33184e-005 -0.0001937 0 -20.0899 9.18484 0 
-6.33739e-005 -0.000193954 0 -20.1083 9.18886 0 
-6.34294e-005 -0.000194209 0 -20.1268 9.19288 0 
-6.34848e-005 -0.000194463 0 -20.1452 9.19689 0 
-6.35402e-005 -0.000194718 0 -20.1637 9.20091 0 
-6.35956e-005 -0.000194972 0 -20.1821 9.20491 0 
-6.36509e-005 -0.000195227 0 -20.2006 9.20892 0 
-6.37063e-005 -0.000195482 0 -20.219 9.21292 0 
-6.37616e-005 -0.000195736 0 -20.2374 9.21692 0 
-6.38169e-005 -0.000195991 0 -20.2558 9.22091 0 
-6.38721e-005 -0.000196245 0 -20.2742 9.2249 0 
-6.39274e-005 -0.0001965 0 -20.2926 9.22889 0 
-6.39826e-005 -0.000196755 0 -20.311 9.23287 0 
-6.40378e-005 -0.000197009 0 -20.3294 9.23686 0 
-6.4093e-005 -0.000197264 0 -20.3478 9.24083 0 
-6.41482e-005 -0.000197518 0 -20.3661 9.24481 0 
-6.42033e-005 -0.000197773 0 -20.3845 9.24878 0 
-6.42584e-005 -0.000198028 0 -20.4029 9.25275 0 
-6.43135e-005 -0.000198282 0 -20.4212 9.25671 0 
-6.43686e-005 -0.000198537 0 -20.4395 9.26067 0 
-6.44237e-005 -0.000198792 0 -20.4579 9.26463 0 
-6.44787e-005 -0.000199047 0 -20.4762 9.26859 0 
-6.45337e-005 -0.000199301 0 -20.4945 9.27254 0 
-6.45887e-005 -0.000199556 0 -20.5128 9.27649 0 
-6.46437e-005 -0.000199811 0 -20.5311 9.28044 0 
-6.46986e-005 -0.000200065 0 -20.5494 9.28438 0 
-6.47536e-005 -0.00020032 0 -20.5677 9.28832 0 
-6.48085e-005 -0.000200575 0 -20.586 9.29225 0 
-6.48634e-005 -0.00020083 0 -20.6043 9.29619 0 
-6.49182e-005 -0.000201085 0 -20.6225 9.30012 0 
-6.49731e-005 -0.000201339 0 -20.6408 9.30404 0 
-6.50279e-005 -0.000201594 0 -20.6591 9.30797 0 
-6.50827e-005 -0.000201849 0 -20.6773 9.31189 0 
-6.51375e-005 -0.000202104 0 -20.6955 9.3158 0 
-6.51922e-005 -0.000202359 0 -20.7138 9.31972 0 
-6.5247e-005 -0.000202613 0 -20.732 9.32363 0 
-6.53017e-005 -0.000202868 0 -20.7502 9.32753 0 
-6.53564e-005 -0.000203123 0 -20.7684 9.33144 0 
-6.54111e-005 -0.000203378 0 -20.7866 9.33534 0 
-6.54657e-005 -0.000203633 0 -20.8048 9.33924 0 
-6.55203e-005 -0.000203888 0 -20.823 9.34313 0 
-6.5575e-005 -0.000204143 0 -20.8412 9.34703 0 
-6.56296e-005 -0.000204398 0 -20.8594 9.35091 0 
-6.56841e-005 -0.000204653 0 -20.8776 9.3548 0 
-6.57387e-005 -0.000204907 0 -20.8957 9.35868 0 
-6.57932e-005 -0.000205162 0 -20.9139 9.36256 0 
-6.58477e-005 -0.000205417 0 -20.932 9.36644 0 
-6.59022e-005 -0.000205672 0 -20.9502 9.37031 0 
-6.59567e-005 -0.000205927 0 -20.9683 9.37418 0 
-6.60111e-005 -0.000206182 0 -20.9864 9.37805 0 
-6.60656e-005 -0.000206437 0 -21.0046 9.38192 0 
-6.612e-005 -0.000206692 0 -21.0227 9.38578 0 
-6.61744e-005 -0.000206947 0 -21.0408 9.38964 0 
-6.62287e-005 -0.000207202 0 -21.0589 9.39349 0 
-6.62831e-005 -0.000207457 0 -21.077 9.39734 0 
-6.63374e-005 -0.000207712 0 -21.0951 9.40119 0 
-6.63917e-005 -0.000207967 0 -21.1132 9.40504 0 
-6.6446e-005 -0.000208222 0 -21.1312 9.40888 0 
-6.65003e-005 -0.000208477 0 -21.1493 9.41272 0 
-6.65545e-005 -0.000208732 0 -21.1674 9.41656 0 
-6.66087e-005 -0.000208987 0 -21.1854 9.42039 0 
-6.66629e-005 -0.000209243 0 -21.2035 9.42422 0 
-6.67171e-005 -0.000209498 0 -21.2215 9.42805 0 
-6.67713e-005 -0.000209753 0 -21.2396 9.43188 0 
-6.68254e-005 -0.000210008 0 -21.2576 9.4357 0 
-6.68795e-005 -0.000210263 0 -21.2756 9.43952 0 
-6.69337e-005 -0.000210518 0 -21.2936 9.44334 0 
-6.69877e-005 -0.000210773 0 -21.3116 9.44715 0 
-6.70418e-005 -0.000211028 0 -21.3296 9.45096 0 
-6.70958e-005 -0.000211284 0 -21.3476 9.45477 0 
-6.71499e-005 -0.000211539 0 -21.3656 9.45857 0 
-6.72039e-005 -0.000211794 0 -21.3836 9.46237 0 
-6.72579e-005 -0.000212049 0 -21.4016 9.46617 0 
-6.73118e-005 -0.000212304 0 -21.4195 9.46997 0 
-6.73658e-005 -0.000212559 0 -21.4375 9.47376 0 
-6.74197e-005 -0.000212815 0 -21.4555 9.47755 0 
-6.74736e-005 -0.00021307 0 -21.4734 9.48134 0 
-6.75275e-005 -0.000213325 0 -21.4914 9.48512 0 
-6.75814e-005 -0.00021358 0 -21.5093 9.4889 0 
-6.76352e-005 -0.000213836 0 -21.5272 9.49268 0 
-6.7689e-005 -0.000214091 0 -21.5451 9.49646 0 
-6.77429e-005 -0.000214346 0 -21.5631 9.50023 0 
-6.77966e-005 -0.000214601 0 -21.581 9.504 0 
-6.78504e-005 -0.000214857 0 -21.5989 9.50777 0 
-6.79042e-005 -0.000215112 0 -21.6168 9.51153 0 
-6.79579e-005 -0.000215367 0 -21.6347 9.51529 0 
-6.80116e-005 -0.000215622 0 -21.6525 9.51905 0 
-6.80653e-005 -0.000215878 0 -21.6704 9.52281 0 
-6.8119e-005 -0.000216133 0 -21.6883 9.52656 0 
-6.81726e-005 -0.000216388 0 -21.7062 9.53031 0 
-6.82263e-005 -0.000216644 0 -21.724 9.53406 0 
-6.82799e-005 -0.000216899 0 -21.7419 9.5378 0 
-6.83335e-005 -0.000217154 0 -21.7597 9.54154 0 
-6.8387e-005 -0.00021741 0 -21.7776 9.54528 0 
-6.84406e-005 -0.000217665 0 -21.7954 9.54902 0 
-6.84941e-005 -0.00021792 0 -21.8132 9.55275 0 
-6.85477e-005 -0.000218176 0 -21.831 9.55648 0 
-6.86012e-005 -0.000218431 0 -21.8488 9.56021 0 
-6.86546e-005 -0.000218687 0 -21.8667 9.56393 0 
-6.87081e-005 -0.000218942 0 -21.8845 9.56766 0 
-6.87615e-005 -0.000219197 0 -21.9022 9.57137 0 
-6.8815e-005 -0.000219453 0 -21.92 9.57509 0 
-6.88684e-005 -0.000219708 0 -21.9378 9.5788 0 
-6.89218e-005 -0.000219964 0 -21.9556 9.58252 0 
-6.89751e-005 -0.000220219 0 -21.9734 9.58622 0 
-6.90285e-005 -0.000220475 0 -21.9911 9.58993 0 
-6.90818e-005 -0.00022073 0 -22.0089 9.59363 0 
-6.91351e-005 -0.000220986 0 -22.0266 9.59733 0 
-6.91884e-005 -0.000221241 0 -22.0444 9.60103 0 
-6.92417e-005 -0.000221497 0 -22.0621 9.60472 0 
-6.92949e-005 -0.000221752 0 -22.0798 9.60842 0 
-6.93482e-005 -0.000222008 0 -22.0976 9.6121 0 
-6.94014e-005 -0.000222263 0 -22.1153 9.61579 0 
-6.94546e-005 -0.000222519 0 -22.133 9.61947 0 
-6.95078e-005 -0.000222774 0 -22.1507 9.62316 0 
-6.95609e-005 -0.00022303 0 -22.1684 9.62683 0 
-6.96141e-005 -0.000223285 0 -22.1861 9.63051 0 
-6.96672e-005 -0.000223541 0 -22.2038 9.63418 0 
-6.97203e-005 -0.000223796 0 -22.2215 9.63785 0 
-6.97734e-005 -0.000224052 0 -22.2392 9.64152 0 
-6.98265e-005 -0.000224307 0 -22.2568 9.64518 0 
-6.98795e-005 -0.000224563 0 -22.2745 9.64885 0 
-6.99325e-005 -0.000224819 0 -22.2921 9.65251 0 
-6.99855e-005 -0.000225074 0 -22.3098 9.65616 0 
-7.00385e-005 -0.00022533 0 -22.3274 9.65982 0 
-7.00915e-005 -0.000225586 0 -22.3451 9.66347 0 
-7.01445e-005 -0.000225841 0 -22.3627 9.66712 0 
-7.01974e-005 -0.000226097 0 -22.3803 9.67076 0 
-7.02503e-005 -0.000226352 0 -22.398 9.67441 0 
-7.03032e-005 -0.000226608 0 -22.4156 9.67805 0 
-7.03561e-005 -0.000226864 0 -22.4332 9.68169 0 
-7.0409e-005 -0.000227119 0 -22.4508 9.68532 0 
-7.04618e-005 -0.000227375 0 -22.4684 9.68895 0 
-7.05147e-005 -0.000227631 0 -22.486 9.69259 0 
-7.05675e-005 -0.000227886 0 -22.5036 9.69621 0 
-7.06203e-005 -0.000228142 0 -22.5211 9.69984 0 
-7.0673e-005 -0.000228398 0 -22.5387 9.70346 0 
-7.07258e-005 -0.000228654 0 -22.5563 9.70708 0 
-7.07785e-005 -0.000228909 0 -22.5738 9.7107 0 
-7.08313e-005 -0.000229165 0 -22.5914 9.71431 0 
-7.0884e-005 -0.000229421 0 -22.6089 9.71793 0 
-7.09367e-005 -0.000229676 0 -22.6265 9.72154 0 
-7.09893e-005 -0.000229932 0 -22.644 9.72514 0 
-7.1042e-005 -0.000230188 0 -22.6615 9.72875 0 
-7.10946e-005 -0.000230444 0 -22.6791 9.73235 0 
-7.11472e-005 -0.0002307 0 -22.6966 9.73595 0 
-7.11998e-005 -0.000230955 0 -22.7141 9.73955 0 
-7.12524e-005 -0.000231211 0 -22.7316 9.74314 0 
-7.1305e-005 -0.000231467 0 -22.7491 9.74673 0 
-7.13575e-005 -0.000231723 0 -22.7666 9.75032 0 
-7.141e-005 -0.000231979 0 -22.7841 9.75391 0 
-7.14625e-005 -0.000232234 0 -22.8016 9.75749 0 
-7.1515e-005 -0.00023249 0 -22.819 9.76107 0 
-7.15675e-005 -0.000232746 0 -22.8365 9.76465 0 
-7.16199e-005 -0.000233002 0 -22.854 9.76823 0 
-7.16724e-005 -0.000233258 0 -22.8714 9.7718 0 
-7.17248e-005 -0.000233514 0 -22.8889 9.77538 0 
-7.17772e-005 -0.000233769 0 -22.9063 9.77895 0 
-7.18296e-005 -0.000234025 0 -22.9238 9.78251 0 
-7.18819e-005 -0.000234281 0 -22.9412 9.78608 0 
-7.19343e-005 -0.000234537 0 -22.9586 9.78964 0 
-7.19866e-005 -0.000234793 0 -22.9761 9.7932 0 
-7.20389e-005 -0.000235049 0 -22.9935 9.79675 0 
-7.20912e-005 -0.000235305 0 -23.0109 9.80031 0 
-7.21435e-005 -0.000235561 0 -23.0283 9.80386 0 
-7.21958e-005 -0.000235817 0 -23.0457 9.80741 0 
-7.2248e-005 -0.000236073 0 -23.0631 9.81096 0 
-7.23002e-005 -0.000236328 0 -23.0805 9.8145 0 
-7.23525e-005 -0.000236584 0 -23.0979 9.81804 0 
-7.24047e-005 -0.00023684 0 -23.1153 9.82158 0 
