30000 0.001000
5.75665e-006 3.05233e-007 -1.42827e-007 0.663651 0.743347 -0.000167721 -5.41069 -0.643079 0.123677 
2.32774e-005 1.23836e-006 -5.71917e-007 0.0901011 0.98922 -9.54761e-005 -5.37473 -0.902685 0.123953 
5.31303e-005 3.10395e-006 -1.2878e-006 -0.518438 0.850359 1.34279e-005 -5.32566 -1.16009 0.123926 
9.59027e-005 6.66312e-006 -2.29045e-006 -0.927353 0.382902 0.000116435 -5.26363 -1.41467 0.123598 
0.000151905 1.30525e-005 -3.57924e-006 -0.985982 -0.230264 0.000174251 -5.18878 -1.66581 0.122968 
0.000221013 2.35436e-005 -5.15292e-006 -0.681057 -0.759552 0.000166084 -5.10128 -1.91288 0.122039 
0.000302681 3.9282e-005 -7.00954e-006 -0.12995 -1.01531 9.56488e-005 -5.00134 -2.15529 0.120812 
0.000396095 6.11051e-005 -9.14653e-006 0.46778 -0.908248 -1.1844e-005 -4.88918 -2.39244 0.11929 
0.000500366 8.94638e-005 -1.15607e-005 0.897051 -0.474891 -0.000118543 -4.76507 -2.62374 0.117477 
0.000614745 0.000124449 -1.42481e-005 0.99736 0.131697 -0.00018611 -4.62929 -2.8486 0.115375 
0.000738801 0.000165929 -1.72046e-005 0.723069 0.687782 -0.00018918 -4.48214 -3.06648 0.11299 
0.000872508 0.000213787 -2.04252e-005 0.171494 0.978864 -0.000126318 -4.32395 -3.2768 0.110328 
0.00101616 0.000268188 -2.39045e-005 -0.44629 0.889415 -2.24884e-005 -4.15508 -3.47903 0.107392 
0.00117011 0.000329741 -2.76367e-005 -0.89158 0.455859 8.06708e-005 -3.97592 -3.67265 0.104191 
0.00133446 0.000399443 -3.16151e-005 -0.998709 -0.151346 0.000142602 -3.78687 -3.85713 0.10073 
0.00150892 0.000478454 -3.58328e-005 -0.736035 -0.703456 0.000139815 -3.58837 -4.03198 0.097018 
0.00169272 0.000567825 -4.02818e-005 -0.206303 -1.00162 7.30832e-005 -3.38086 -4.19672 0.0930625 
0.00188485 0.000668312 -4.49537e-005 0.397929 -0.941555 -3.45732e-005 -3.16483 -4.35089 0.0888726 
0.00208417 0.000780276 -4.98395e-005 0.859617 -0.543465 -0.000146162 -2.94079 -4.49404 0.0844576 
0.00228967 0.0009037 -5.49295e-005 1.00752 0.0527251 -0.000222625 -2.70927 -4.62576 0.0798277 
0.00250063 0.00103831 -6.02136e-005 0.778798 0.62845 -0.000236326 -2.4708 -4.74564 0.0749933 
0.00271675 0.0011838 -6.56809e-005 0.252734 0.962821 -0.000182616 -2.22598 -4.8533 0.0699659 
0.00293805 0.00134011 -7.13204e-005 -0.370275 0.923451 -8.3613e-005 -1.97538 -4.9484 0.0647571 
0.00316468 0.0015076 -7.71204e-005 -0.849171 0.52675 2.01173e-005 -1.71963 -5.0306 0.0593794 
0.00339658 0.00168702 -8.30687e-005 -1.00432 -0.0705732 8.68644e-005 -1.45936 -5.0996 0.0538458 
0.00363327 0.0018793 -8.91525e-005 -0.785679 -0.642119 9.04943e-005 -1.19523 -5.15513 0.0481698 
0.00387385 0.00208531 -9.53585e-005 -0.280609 -0.980906 2.88082e-005 -0.927908 -5.19694 0.0423656 
0.00411712 0.00230561 -0.000101673 0.326426 -0.968139 -7.75269e-005 -0.658096 -5.22484 0.0364476 
0.00436174 0.00254034 -0.000108081 0.817586 -0.607632 -0.000192622 -0.386497 -5.23862 0.030431 
0.00460648 0.00278928 -0.000114567 1.01196 -0.0254884 -0.000276896 -0.113837 -5.23816 0.0243314 
0.00485041 0.00305188 -0.000121118 0.830067 0.566173 -0.000300527 0.159147 -5.22334 0.0181648 
0.00509298 0.00332756 -0.000127716 0.332841 0.941616 -0.000255568 0.431704 -5.19409 0.0119478 
0.00533405 0.00361588 -0.000134346 -0.291365 0.95263 -0.000161036 0.703072 -5.15038 0.00569724 
0.0055736 0.00391683 -0.000140991 -0.800885 0.595475 -5.61024e-005 0.972482 -5.09221 -0.000569691 
0.00581147 0.00423079 -0.000147636 -1.00327 0.0118996 1.65804e-005 1.23916 -5.01962 -0.00683539 
0.00604714 0.00455834 -0.000154262 -0.830217 -0.575567 2.82503e-005 1.50231 -4.93271 -0.013082 
0.00627963 0.00490001 -0.000160854 -0.352972 -0.952964 -2.6363e-005 1.76117 -4.83161 -0.0192914 
0.00650769 0.00525602 -0.000167393 0.253141 -0.987545 -0.000129086 2.01494 -4.7165 -0.0254454 
0.00672991 0.00562619 -0.000173862 0.770655 -0.66673 -0.000245352 2.26284 -4.58759 -0.0315254 
0.00694499 0.00600996 -0.000180244 1.01007 -0.102209 -0.000335368 2.50409 -4.44515 -0.0375132 
0.00715191 0.0064064 -0.00018652 0.875956 0.501568 -0.000367407 2.73793 -4.2895 -0.0433901 
0.00735008 0.00681448 -0.000192673 0.410677 0.915568 -0.000330308 2.9636 -4.121 -0.0491377 
0.00753931 0.00723333 -0.000198686 -0.210709 0.9769 -0.000239771 3.18036 -3.94005 -0.0547377 
0.00771963 0.00766245 -0.000204541 -0.747673 0.66169 -0.000133139 3.38747 -3.74712 -0.0601719 
0.007891 0.00810173 -0.000210222 -0.996233 0.0956212 -5.35824e-005 3.58424 -3.54269 -0.0654227 
0.00805301 0.00855131 -0.000215713 -0.870043 -0.504164 -3.22874e-005 3.76999 -3.32731 -0.0704724 
0.0082049 0.00901128 -0.000220996 -0.423653 -0.917949 -7.7645e-005 3.94406 -3.10158 -0.075304 
0.00834557 0.00948148 -0.000226057 0.177818 -0.999679 -0.000174181 4.10582 -2.86614 -0.0799009 
0.00847383 0.00996136 -0.00023088 0.718428 -0.720448 -0.000288884 4.2547 -2.62164 -0.0842472 
0.00858855 0.0104499 -0.00023545 1.0012 -0.177027 -0.000381977 4.39015 -2.36882 -0.0883277 
0.00868892 0.0109459 -0.000239754 0.915492 0.434939 -0.000420121 4.51164 -2.10843 -0.0921277 
0.00877457 0.0114479 -0.000243778 0.485063 0.884682 -0.000389228 4.61873 -1.84126 -0.0956337 
0.00884557 0.0119545 -0.000247511 -0.129494 0.995887 -0.000301743 4.71099 -1.56813 -0.0988329 
0.0089023 0.0124648 -0.000250941 -0.69053 0.724709 -0.000192921 4.78805 -1.2899 -0.101714 
0.0089451 0.0129783 -0.000254058 -0.983883 0.179763 -0.000106022 4.8496 -1.00743 -0.104265 
0.00897403 0.0134948 -0.000256854 -0.905552 -0.428693 -7.42755e-005 4.89539 -0.72165 -0.106477 
0.0089888 0.014014 -0.00025932 -0.492862 -0.876463 -0.000109002 4.9252 -0.433463 -0.108343 
0.0089888 0.0145356 -0.00026145 0.100275 -1.00491 -0.000197459 4.9389 -0.143809 -0.109854 
0.00897331 0.0150588 -0.000263238 0.660613 -0.768932 -0.000308418 4.93639 0.146365 -0.111004 
0.00894171 0.0155825 -0.000264679 0.984807 -0.249957 -0.000402433 4.91766 0.436106 -0.111791 
0.00889364 0.0161051 -0.00026577 0.947865 0.366218 -0.000444759 4.88274 0.724461 -0.112209 
0.00882922 0.0166251 -0.000266511 0.554975 0.848619 -0.000418505 4.83174 1.01048 -0.112258 
0.00874903 0.017141 -0.0002669 -0.0487363 1.00888 -0.000332982 4.7648 1.29321 -0.111937 
0.00865398 0.0176518 -0.000266938 -0.630248 0.783505 -0.000221363 4.68216 1.57173 -0.111247 
0.008545 0.0181568 -0.000266628 -0.966686 0.263152 -0.000126861 4.58408 1.84512 -0.110191 
0.00842279 0.0186558 -0.000265975 -0.93688 -0.350299 -8.45453e-005 4.47092 2.11248 -0.108772 
0.00828765 0.0191486 -0.000264982 -0.560497 -0.82948 -0.000108471 4.34307 2.37295 -0.106996 
0.0081396 0.0196351 -0.000263655 0.020704 -1.00396 -0.000188482 4.20097 2.62569 -0.104869 
0.00797848 0.0201145 -0.000262004 0.597329 -0.812689 -0.000295103 4.04513 2.86988 -0.1024 
0.00780419 0.020586 -0.000260034 0.960826 -0.321362 -0.000389367 3.87609 3.10476 -0.0995962 
0.00761686 0.0210483 -0.000257758 0.972715 0.295047 -0.000435426 3.69445 3.3296 -0.0964692 
0.00741708 0.0215001 -0.000255184 0.619829 0.806824 -0.000413735 3.50085 3.5437 -0.09303 
0.00720585 0.0219402 -0.000252326 0.0309558 1.01496 -0.00033034 3.29596 3.74642 -0.089291 
0.00698455 0.0223677 -0.000249195 -0.567214 0.836874 -0.000216163 3.08049 3.93716 -0.0852657 
0.00675455 0.0227824 -0.000245806 -0.944673 0.344465 -0.000114294 2.85519 4.11538 -0.0809683 
0.00651702 0.0231844 -0.000242173 -0.963712 -0.270238 -6.16772e-005 2.62083 4.28057 -0.0764141 
0.00627269 0.0235739 -0.000238311 -0.625984 -0.778064 -7.51985e-005 2.37819 4.43229 -0.0716188 
0.00602196 0.0239511 -0.000234235 -0.0601871 -0.997642 -0.000147356 2.12809 4.57015 -0.0665991 
0.005765 0.0243159 -0.000229963 0.529261 -0.852242 -0.000250426 1.87136 4.69381 -0.061372 
0.00550197 0.0246679 -0.000225511 0.929756 -0.391575 -0.000345894 1.60884 4.80298 -0.0559551 
0.00523323 0.0250063 -0.000220895 0.990283 0.221123 -0.000396847 1.34138 4.89742 -0.0503664 
0.00495948 0.0253304 -0.000216133 0.67962 0.758844 -0.000381229 1.06982 4.97695 -0.0446243 
0.00468187 0.0256393 -0.000211242 0.109489 1.01341 -0.000301819 0.795036 5.04144 -0.0387472 
0.00440187 0.0259327 -0.000206241 -0.50136 0.883789 -0.000186977 0.517865 5.09081 -0.032754 
0.00412098 0.0262108 -0.000201148 -0.917445 0.422555 -7.93028e-005 0.239156 5.12503 -0.0266634 
0.00384047 0.026474 -0.000195979 -0.985308 -0.189567 -1.74881e-005 -0.0402509 5.14412 -0.0204942 
0.00356117 0.0267231 -0.000190755 -0.688339 -0.72304 -2.1372e-005 -0.319529 5.14814 -0.0142652 
0.00328352 0.0269588 -0.000185491 -0.141295 -0.98647 -8.63698e-005 -0.597865 5.1372 -0.00799511 
0.00300768 0.0271815 -0.000180205 0.457487 -0.887801 -0.000186775 -0.87446 5.11145 -0.00170236 
0.00273374 0.0273913 -0.000174916 0.892505 -0.460562 -0.000284717 -1.14854 5.0711 0.00459479 
0.00246193 0.027588 -0.000169639 1.0012 0.144563 -0.00034231 -1.41933 5.01637 0.0108784 
0.00219282 0.0277712 -0.000164391 0.734713 0.704672 -0.000334975 -1.6861 4.94753 0.0171307 
0.00192735 0.0279405 -0.000159189 0.187103 1.00394 -0.000262143 -1.94814 4.86489 0.0233346 
0.00166681 0.0280959 -0.000154049 -0.432361 0.923681 -0.000149392 -2.20476 4.76879 0.0294731 
0.00141256 0.0282377 -0.000148987 -0.884409 0.496705 -3.84744e-005 -2.45529 4.65961 0.0355299 
0.00116569 0.028367 -0.000144018 -1.00076 -0.108938 3.05093e-005 -2.69908 4.53774 0.041489 
0.000926914 0.0284848 -0.000139156 -0.746426 -0.664829 3.48815e-005 -2.93554 4.40361 0.0473349 
0.00069647 0.0285921 -0.000134416 -0.221395 -0.97056 -2.38103e-005 -3.16408 4.25768 0.0530528 
0.000474316 0.0286898 -0.000129811 0.383183 -0.919166 -0.000122148 -3.38415 4.10043 0.0586282 
0.000260298 0.0287781 -0.000125354 0.850055 -0.527855 -0.000223242 -3.59521 3.93235 0.0640475 
5.4363e-005 0.0288573 -0.000121059 1.00615 0.0659582 -0.000288549 -3.79679 3.75396 0.0692974 
-0.000143246 0.0289272 -0.000116936 0.785484 0.644811 -0.000291169 -3.98841 3.5658 0.0743652 
-0.000331893 0.0289876 -0.000112997 0.264012 0.986782 -0.000227152 -4.16964 3.36844 0.0792391 
-0.0005106 0.0290386 -0.000109253 -0.35995 0.956481 -0.000119033 -4.34008 3.16242 0.0839075 
-0.000678288 0.029081 -0.000105714 -0.845069 0.566657 -7.35984e-006 -4.49935 2.94834 0.0883598 
-0.000834086 0.0291156 -0.00010239 -1.00929 -0.0286004 6.66423e-005 -4.64712 2.7268 0.0925858 
-0.000977532 0.0291437 -9.92909e-005 -0.79924 -0.603492 7.76403e-005 -4.78306 2.49839 0.096576 
-0.00110861 0.0291666 -9.6424e-005 -0.299392 -0.949688 2.42028e-005 -4.90691 2.26373 0.100322 
-0.00122763 0.0291852 -9.37974e-005 0.307384 -0.94581 -7.26257e-005 -5.0184 2.02345 0.103814 
-0.00133504 0.0292001 -9.14182e-005 0.803245 -0.592676 -0.000177149 -5.11731 1.77816 0.107046 
-0.00143119 0.0292115 -8.92929e-005 1.00564 -0.0137802 -0.000250479 -5.20345 1.52851 0.110011 
-0.00151618 0.0292194 -8.74274e-005 0.832117 0.580101 -0.000263721 -5.27666 1.27513 0.112702 
-0.00158972 0.0292237 -8.58271e-005 0.340191 0.962515 -0.000209734 -5.33681 1.01866 0.115114 
-0.00165115 0.0292247 -8.44969e-005 -0.284127 0.982444 -0.000107916 -5.38378 0.759756 0.117241 
-0.00169966 0.0292228 -8.3441e-005 -0.799212 0.632449 2.72709e-006 -5.41751 0.499049 0.11908 
-0.00173464 0.0292191 -8.26631e-005 -1.01039 0.0514508 8.01796e-005 -5.43793 0.237187 0.120626 
-0.00175583 0.0292149 -8.21662e-005 -0.846052 -0.538878 9.65867e-005 -5.44504 -0.0251834 0.121876 
-0.00176346 0.0292114 -8.19529e-005 -0.374453 -0.923447 4.75652e-005 -5.43884 -0.287421 0.122828 
-0.00175808 0.0292097 -8.20248e-005 0.230879 -0.96704 -4.82129e-005 -5.41937 -0.548887 0.12348 
-0.00174039 0.0292104 -8.23829e-005 0.752673 -0.654088 -0.000156303 -5.38668 -0.808942 0.12383 
-0.00171105 0.0292138 -8.30279e-005 0.999989 -0.0935897 -0.000237628 -5.34087 -1.06696 0.123879 
-0.00167048 0.0292199 -8.39595e-005 0.874561 0.511549 -0.00026153 -5.28206 -1.3223 0.123626 
-0.00161869 0.0292285 -8.51771e-005 0.41534 0.93189 -0.000217893 -5.21038 -1.57435 0.123071 
-0.00155533 0.0292398 -8.66797e-005 -0.205212 1.00198 -0.000123038 -5.12602 -1.82249 0.122216 
-0.00147986 0.0292542 -8.84655e-005 -0.746954 0.694244 -1.42703e-005 -5.02916 -2.06612 0.121063 
-0.00139189 0.0292727 -9.05324e-005 -1.0039 0.131318 6.58905e-005 -4.92003 -2.30464 0.119615 
-0.00129137 0.0292965 -9.28774e-005 -0.886444 -0.470773 8.72604e-005 -4.79887 -2.53745 0.117874 
-0.00117872 0.0293269 -9.5497e-005 -0.44603 -0.891391 4.24826e-005 -4.66597 -2.76397 0.115844 
-0.00105471 0.0293647 -9.83871e-005 0.154193 -0.982136 -5.22339e-005 -4.52162 -2.98364 0.113529 
-0.0009203 0.0294106 -0.000101543 0.698694 -0.711134 -0.000163751 -4.36615 -3.1959 0.110935 
-0.000776414 0.029465 -0.000104959 0.989246 -0.172381 -0.000252852 -4.19991 -3.4002 0.108067 
-0.000623753 0.0295276 -0.000108629 0.912538 0.440199 -0.000287204 -4.02328 -3.59601 0.104931 
-0.00046264 0.0295983 -0.000112547 0.488916 0.895709 -0.000253802 -3.83666 -3.78281 0.101535 
-0.000293008 0.029677 -0.000116705 -0.123807 1.01554 -0.000165906 -3.64047 -3.96011 0.0978843 
-0.000114575 0.029764 -0.000121097 -0.688728 0.752216 -5.9028e-005 -3.43516 -4.12741 0.0939888 
7.28589e-005 0.0298602 -0.000125714 -0.989963 0.211085 2.39532e-005 -3.22121 -4.28426 0.0898564 
0.000269142 0.0299665 -0.000130546 -0.920296 -0.399 5.06661e-005 -2.99912 -4.4302 0.0854966 
0.00047368 0.030084 -0.000135586 -0.513849 -0.853131 1.08115e-005 -2.76941 -4.5648 0.0809193 
0.000685501 0.0302136 -0.000140823 0.077604 -0.990449 -8.20049e-005 -2.53262 -4.68767 0.0761349 
0.000903429 0.0303558 -0.000146246 0.641436 -0.762924 -0.000196135 -2.28932 -4.79841 0.0711544 
0.00112629 0.0305108 -0.000151845 0.973264 -0.249128 -0.000292344 -2.04011 -4.89667 0.0659897 
0.00135312 0.0306782 -0.000157606 0.94556 0.367044 -0.000336677 -1.78558 -4.98212 0.0606529 
0.00158332 0.0308578 -0.000163519 0.560151 0.854738 -0.000313215 -1.52638 -5.05443 0.055157 
0.0018167 0.0310491 -0.00016957 -0.0407692 1.02355 -0.000232023 -1.26315 -5.11334 0.0495152 
0.00205332 0.0312522 -0.000175746 -0.625248 0.806466 -0.000126619 -0.996561 -5.1586 0.0437415 
0.0022932 0.0314676 -0.000182034 -0.969005 0.290723 -4.00743e-005 -0.727304 -5.18998 0.0378505 
0.00253604 0.0316961 -0.00018842 -0.947768 -0.323516 -6.89866e-006 -0.456083 -5.2073 0.031857 
0.00278112 0.0319384 -0.000194888 -0.577899 -0.808427 -4.03585e-005 -0.183619 -5.2104 0.0257767 
0.00302731 0.0321953 -0.000201424 0.00115857 -0.991482 -0.000129545 0.0893536 -5.19917 0.0196253 
0.00327328 0.0324669 -0.000208012 0.580823 -0.808725 -0.000244513 0.362088 -5.17352 0.0134193 
0.00351768 0.0327532 -0.000214636 0.951706 -0.322954 -0.000346283 0.633824 -5.13342 0.00717546 
0.00375937 0.0330537 -0.00022128 0.972959 0.292937 -0.000399475 0.903794 -5.07884 0.000910973 
0.00399754 0.0333675 -0.000227927 0.628092 0.809611 -0.000385294 1.17122 -5.00984 -0.00535669 
0.00423184 0.0336941 -0.000234559 0.0428342 1.02628 -0.000310431 1.43533 -4.9265 -0.0116097 
0.00446219 0.0340331 -0.000241161 -0.557467 0.856941 -0.00020605 1.69533 -4.82892 -0.0178301 
0.00468854 0.0343844 -0.000247714 -0.941716 0.370001 -0.000115067 1.95044 -4.71728 -0.0239996 
0.00491058 0.0347486 -0.000254202 -0.969263 -0.244522 -7.39683e-005 2.19988 -4.59178 -0.0300998 
0.00512757 0.0351259 -0.000260606 -0.638394 -0.757294 -9.9049e-005 2.44286 -4.45269 -0.0361123 
0.00533839 0.0355168 -0.00026691 -0.0753026 -0.985006 -0.000182257 2.67862 -4.3003 -0.0420186 
0.00554173 0.035921 -0.000273096 0.516606 -0.848065 -0.000295532 2.9064 -4.13497 -0.0478001 
0.00573622 0.0363381 -0.000279146 0.924088 -0.393233 -0.000400389 3.12544 -3.95708 -0.0534386 
0.00592072 0.0367672 -0.000285043 0.993932 0.218486 -0.000460347 3.33503 -3.76709 -0.0589159 
0.00609445 0.0372071 -0.000290769 0.691655 0.76072 -0.000453997 3.53444 -3.56547 -0.064214 
0.00625707 0.0376568 -0.000296309 0.1258 1.02377 -0.000384658 3.723 -3.35277 -0.0693154 
0.0064086 0.0381152 -0.000301645 -0.48649 0.903326 -0.000280833 3.90004 -3.12957 -0.0742029 
0.00654917 0.0385821 -0.000306762 -0.908936 0.448386 -0.000184813 4.06493 -2.89648 -0.0788599 
0.00667866 0.0390572 -0.000311645 -0.985322 -0.162569 -0.000134683 4.21707 -2.65418 -0.0832701 
0.00679662 0.0395407 -0.000316279 -0.695661 -0.700138 -0.000149623 4.35591 -2.40337 -0.0874182 
0.00690222 0.0400323 -0.000320651 -0.152029 -0.971193 -0.000224543 4.48093 -2.14479 -0.0912895 
0.0069944 0.0405316 -0.000324746 0.448474 -0.880876 -0.000333515 4.59165 -1.87923 -0.09487 
0.00707213 0.0410378 -0.000328554 0.889904 -0.459721 -0.000438805 4.68764 -1.60751 -0.0981468 
0.00713453 0.0415496 -0.000332061 1.00768 0.143951 -0.000503047 4.76852 -1.33047 -0.101108 
0.00718114 0.0420655 -0.000335257 0.749764 0.708123 -0.000502471 4.83397 -1.04897 -0.103742 
0.00721197 0.042584 -0.000338134 0.206944 1.01573 -0.000437241 4.8837 -0.763932 -0.10604 
0.00722744 0.0431039 -0.000340682 -0.413394 0.944955 -0.000333186 4.91751 -0.476256 -0.107993 
0.00722811 0.0436244 -0.000342896 -0.871471 0.524977 -0.000231694 4.93524 -0.18688 -0.109592 
0.0072144 0.044145 -0.000344769 -0.996428 -0.0786133 -0.000172076 4.93677 0.103254 -0.110833 
0.00718639 0.0446656 -0.000346296 -0.749919 -0.6378 -0.000176105 4.92209 0.393192 -0.111711 
0.00714381 0.0451859 -0.000347475 -0.229114 -0.950668 -0.00024151 4.8912 0.681982 -0.112221 
0.00708618 0.0457052 -0.000348304 0.376303 -0.907549 -0.000344547 4.84419 0.968669 -0.112362 
0.00701298 0.0462226 -0.000348781 0.848865 -0.522622 -0.000448486 4.7812 1.25231 -0.112133 
0.00692387 0.0467369 -0.000348907 1.01364 0.0691934 -0.000515387 4.70245 1.53196 -0.111535 
0.0068189 0.0472465 -0.000348684 0.801596 0.651536 -0.000519264 4.6082 1.80672 -0.11057 
0.0066986 0.0477499 -0.000348115 0.285325 1.00153 -0.000457148 4.49876 2.07567 -0.109241 
0.00656391 0.0482459 -0.000347206 -0.338992 0.980849 -0.000352208 4.37453 2.33793 -0.107554 
0.00641597 0.0487336 -0.000345962 -0.82983 0.598564 -0.0002449 4.23594 2.59268 -0.105514 
0.00625581 0.0492128 -0.00034439 -1.00274 0.00609291 -0.000175687 4.08347 2.83907 -0.103129 
0.00608409 0.0496833 -0.000342499 -0.801031 -0.57142 -0.000168837 3.91767 3.07634 -0.100408 
0.00590114 0.0501451 -0.000340298 -0.306236 -0.924353 -0.0002248 3.73911 3.30375 -0.0973603 
0.005707 0.050598 -0.000337797 0.300443 -0.928752 -0.000321922 3.54843 3.52058 -0.0939977 
0.00550166 0.0510412 -0.000335009 0.801188 -0.582399 -0.00042445 3.34629 3.7262 -0.0903323 
0.00528522 0.0514739 -0.000331946 1.0118 -0.00616244 -0.000494019 3.13339 3.91998 -0.086377 
0.00505814 0.0518949 -0.00032862 0.846854 0.590505 -0.000502679 2.91047 4.10137 -0.0821461 
0.00482129 0.052303 -0.000325046 0.36049 0.980458 -0.000444369 2.67829 4.26985 -0.0776544 
0.00457597 0.0526974 -0.000321239 -0.263649 1.00995 -0.000339345 2.43764 4.42497 -0.0729177 
0.00432367 0.0530775 -0.000317215 -0.784075 0.667877 -0.000226896 2.18932 4.56632 -0.0679523 
0.00406578 0.0534436 -0.00031299 -1.00396 0.0902657 -0.000148576 1.93417 4.69355 -0.0627752 
0.0038033 0.0537958 -0.000308581 -0.848382 -0.502129 -0.000131272 1.67301 4.80635 -0.057404 
0.00353686 0.0541348 -0.000304004 -0.382582 -0.893127 -0.000178334 1.4067 4.90448 -0.0518564 
0.00326674 0.0544606 -0.000299277 0.221763 -0.94507 -0.000270337 1.13609 4.98774 -0.0461508 
0.00299311 0.0547732 -0.000294417 0.747645 -0.639378 -0.000372558 0.862026 5.05599 -0.0403056 
0.0027162 0.0550723 -0.000289443 1.0027 -0.0823093 -0.000446198 0.58537 5.10913 -0.0343396 
0.00243652 0.0553571 -0.000284371 0.885805 0.524785 -0.000461362 0.306965 5.14713 -0.0282715 
0.00215495 0.055627 -0.000279219 0.432515 0.952042 -0.000408946 0.0276546 5.16999 -0.0221201 
0.00187281 0.0558815 -0.000274007 -0.187277 1.03149 -0.000306163 -0.251733 5.17775 -0.0159043 
0.00159158 0.0561206 -0.00026875 -0.733879 0.731924 -0.000190751 -0.530379 5.17053 -0.00964272 
0.00131266 0.0563449 -0.000263468 -0.999406 0.172898 -0.00010502 -0.807481 5.14846 -0.00335389 
0.00103706 0.0565551 -0.000258178 -0.891009 -0.43076 -7.84046e-005 -1.08226 5.11173 0.00294385 
0.000765381 0.0567521 -0.000252896 -0.457015 -0.857544 -0.000117338 -1.35394 5.06055 0.00923248 
0.000497838 0.0569366 -0.00024764 0.141442 -0.956736 -0.000204923 -1.62178 4.9952 0.0154943 
0.000234473 0.057109 -0.000242425 0.689306 -0.693493 -0.000307764 -1.88507 4.91597 0.0217118 
-2.46496e-005 0.0572693 -0.000237269 0.987153 -0.15899 -0.000386854 -2.1431 4.8232 0.0278682 
-0.000279243 0.0574174 -0.000232186 0.91898 0.454627 -0.000410457 -2.3952 4.71724 0.0339468 
-0.000528644 0.0575529 -0.000227193 0.501712 0.916328 -0.000366364 -2.64074 4.59849 0.0399317 
-0.000771805 0.0576756 -0.000222302 -0.109598 1.04521 -0.000268558 -2.87908 4.46738 0.0458073 
-0.00100746 0.0577858 -0.00021753 -0.67879 0.790203 -0.000152927 -3.10965 4.32435 0.0515584 
-0.00123441 0.0578843 -0.00021289 -0.988338 0.253432 -6.21936e-005 -3.33187 4.16987 0.0571707 
-0.00145183 0.0579722 -0.000208395 -0.927887 -0.357728 -2.80868e-005 -3.54523 4.00444 0.0626302 
-0.00165934 0.0580506 -0.000204058 -0.528353 -0.817746 -6.00791e-005 -3.74922 3.82857 0.0679234 
-0.00185692 0.0581206 -0.000199891 0.060675 -0.96358 -0.000143948 -3.94336 3.6428 0.0730378 
-0.0020448 0.0581827 -0.000195906 0.627239 -0.744276 -0.000247907 -4.12722 3.44768 0.0779611 
-0.0022232 0.0582374 -0.000192113 0.965977 -0.235531 -0.00033308 -4.30038 3.24376 0.0826818 
-0.00239216 0.0582846 -0.000188522 0.946852 0.380732 -0.0003662 -4.46247 3.03164 0.0871889 
-0.00255134 0.0583242 -0.000185144 0.568292 0.87383 -0.000332119 -4.61314 2.8119 0.0914722 
-0.00270003 0.0583562 -0.000181988 -0.0304668 1.05132 -0.000241476 -4.75206 2.58515 0.0955221 
-0.00283727 0.0583809 -0.000179062 -0.618517 0.842648 -0.000127969 -4.87894 2.35199 0.0993294 
-0.00296211 0.0583992 -0.000176374 -0.970193 0.331694 -3.43863e-005 -4.99353 2.11305 0.102886 
-0.00307397 0.0584123 -0.000173932 -0.95819 -0.283111 5.44973e-006 -5.0956 1.86895 0.106184 
-0.00317269 0.0584215 -0.000171743 -0.595607 -0.773575 -2.08709e-005 -5.18494 1.62033 0.109216 
-0.00325852 0.0584279 -0.000169812 -0.0195317 -0.965148 -0.000101792 -5.26139 1.36782 0.111976 
-0.00333194 0.0584323 -0.000168146 0.562322 -0.790994 -0.000207233 -5.32481 1.11206 0.114457 
-0.00339349 0.0584351 -0.000166748 0.939788 -0.311 -0.000298663 -5.37507 0.8537 0.116656 
-0.0034435 0.0584365 -0.000165624 0.969697 0.304071 -0.000341583 -5.4121 0.59338 0.118567 
-0.003482 0.0584363 -0.000164777 0.632223 0.825346 -0.00031818 -5.43585 0.331746 0.120186 
-0.00350858 0.0584346 -0.000164209 0.0499744 1.05029 -0.000235846 -5.44628 0.0694422 0.12151 
-0.00352258 0.0584318 -0.000163925 -0.553075 0.889448 -0.000125913 -5.44339 -0.192889 0.122537 
-0.00352333 0.0584285 -0.000163925 -0.94472 0.407736 -3.08894e-005 -5.42722 -0.454606 0.123264 
-0.00351044 0.058426 -0.000164211 -0.981393 -0.20681 1.35595e-005 -5.39782 -0.715073 0.123689 
-0.00348399 0.0584256 -0.000164784 -0.658073 -0.72473 -7.878e-006 -5.35527 -0.973654 0.123813 
-0.00344443 0.0584285 -0.000165645 -0.0984376 -0.960863 -8.63384e-005 -5.29969 -1.22972 0.123635 
-0.00339252 0.0584354 -0.000166792 0.495181 -0.832802 -0.000193471 -5.2312 -1.48265 0.123155 
-0.00332904 0.0584468 -0.000168224 0.908965 -0.384358 -0.000291159 -5.14998 -1.73183 0.122375 
-0.00325465 0.0584629 -0.00016994 0.987555 0.225727 -0.000343811 -5.05622 -1.97664 0.121297 
-0.00316966 0.0584835 -0.000171937 0.693229 0.7718 -0.000331135 -4.95012 -2.21648 0.119922 
-0.003074 0.0585085 -0.000174213 0.131295 1.04272 -0.0002574 -4.83194 -2.45077 0.118253 
-0.00296726 0.0585382 -0.000176764 -0.482804 0.930886 -0.000151535 -4.70194 -2.67891 0.116295 
-0.00284903 0.0585733 -0.000179587 -0.911999 0.481674 -5.55779e-005 -4.56042 -2.90034 0.11405 
-0.00271912 0.0586148 -0.000182676 -0.997292 -0.128681 -6.81049e-006 -4.40769 -3.1145 0.111526 
-0.00257779 0.058664 -0.000186027 -0.715343 -0.670895 -2.33573e-005 -4.2441 -3.32083 0.108725 
-0.00242571 0.0587218 -0.000189635 -0.175573 -0.950153 -9.91484e-005 -4.07002 -3.51881 0.105656 
-0.00226386 0.0587892 -0.000193492 0.426195 -0.868863 -0.000207684 -3.88585 -3.7079 0.102323 
-0.00209327 0.0588665 -0.000197592 0.873652 -0.454576 -0.000311328 -3.692 -3.88762 0.0987355 
-0.00191487 0.0589537 -0.000201926 1.00025 0.146782 -0.000373444 -3.48892 -4.05746 0.0949003 
-0.00172927 0.0590507 -0.000206488 0.750807 0.714132 -0.000371303 -3.27708 -4.21695 0.0908261 
-0.00153669 0.0591571 -0.000211268 0.21281 1.02925 -0.000306045 -3.05697 -4.36565 0.0865221 
-0.00133699 0.0592731 -0.000216257 -0.408335 0.967245 -0.000204114 -2.82911 -4.50312 0.081998 
-0.00112996 0.0593991 -0.000221445 -0.872416 0.553589 -0.000106948 -2.59403 -4.62895 0.0772642 
-0.000915624 0.059536 -0.000226822 -1.00598 -0.048645 -5.33371e-005 -2.35231 -4.74275 0.0723316 
-0.000694401 0.0596847 -0.000232378 -0.767294 -0.611832 -6.41585e-005 -2.10451 -4.84415 0.0672117 
-0.00046715 0.0598463 -0.0002381 -0.250723 -0.932539 -0.000136189 -1.85125 -4.93282 0.0619166 
-0.000235028 0.0600213 -0.000243976 0.35551 -0.89844 -0.000244975 -1.59315 -5.00844 0.0564591 
6.983e-007 0.06021 -0.000249994 0.833784 -0.520716 -0.000353565 -1.33086 -5.07071 0.0508524 
0.000238865 0.0604123 -0.000256141 1.00739 0.0682319 -0.000424407 -1.06505 -5.1194 0.0451102 
0.000478604 0.0606277 -0.000262403 0.804249 0.653208 -0.000432352 -0.79639 -5.15425 0.0392471 
0.000719457 0.0608557 -0.000268766 0.293609 1.01045 -0.000375298 -0.525593 -5.17509 0.0332777 
0.000961322 0.0610961 -0.000275214 -0.330557 0.99873 -0.000276963 -0.25337 -5.18175 0.0272175 
0.00120423 0.061349 -0.000281735 -0.826638 0.623441 -0.000177929 0.0195455 -5.1741 0.0210823 
0.00144804 0.061615 -0.000288311 -1.00783 0.0332237 -0.000118364 0.29241 -5.15205 0.0148884 
0.0016922 0.0618946 -0.000294927 -0.814067 -0.547478 -0.000121923 0.564466 -5.11555 0.0086524 
0.00193577 0.0621887 -0.000301567 -0.323917 -0.907724 -0.000188321 0.834949 -5.06459 0.00239144 
0.00217746 0.0624976 -0.000308215 0.283065 -0.92098 -0.000295298 1.10308 -4.99918 -0.00387709 
0.00241589 0.0628211 -0.000314853 0.789109 -0.582027 -0.000406838 1.36809 -4.91939 -0.0101355 
0.00264975 0.0631589 -0.000321465 1.00843 -0.00910199 -0.000484759 1.62919 -4.82535 -0.0163657 
0.00287802 0.0635102 -0.000328032 0.852675 0.589727 -0.00050168 1.88559 -4.71719 -0.0225496 
0.00310012 0.0638742 -0.000334538 0.3726 0.986695 -0.000452227 2.13652 -4.59513 -0.0286688 
0.00331585 0.06425 -0.000340964 -0.250567 1.02537 -0.0003571 2.38118 -4.4594 -0.0347049 
0.00352519 0.0646374 -0.000347295 -0.775559 0.690982 -0.000255601 2.61881 -4.3103 -0.0406393 
0.00372802 0.0650365 -0.000353511 -1.00345 0.11659 -0.000188941 2.84865 -4.14815 -0.0464537 
0.00392385 0.0654475 -0.000359596 -0.856009 -0.478061 -0.000183464 3.06994 -3.97336 -0.0521295 
0.00411182 0.0658707 -0.000365532 -0.395376 -0.875718 -0.000241952 3.28195 -3.78634 -0.0576487 
0.00429073 0.0663061 -0.000371303 0.208631 -0.936244 -0.000344545 3.48397 -3.58757 -0.0629931 
0.00445926 0.0667533 -0.000376891 0.739246 -0.638054 -0.00045637 3.67529 -3.37758 -0.0681452 
0.00461622 0.0672113 -0.00038228 1.00271 -0.0846829 -0.000538869 3.85526 -3.15694 -0.0730876 
0.00476067 0.0676791 -0.000387454 0.89511 0.524111 -0.000562742 4.02324 -2.92626 -0.0778035 
0.00489213 0.0681552 -0.000392397 0.448597 0.958124 -0.000519552 4.17861 -2.68619 -0.0822767 
0.00501057 0.0686386 -0.000397094 -0.169559 1.04692 -0.000426909 4.32082 -2.43743 -0.0864916 
0.0051162 0.0691284 -0.000401532 -0.720178 0.755652 -0.000322464 4.44933 -2.18071 -0.0904332 
0.00520918 0.0696242 -0.000405697 -0.993528 0.200762 -0.000248019 4.56365 -1.91682 -0.0940874 
0.00528939 0.070126 -0.000409577 -0.893539 -0.404213 -0.000232287 4.66335 -1.64656 -0.0974411 
0.00535633 0.0706335 -0.000413159 -0.465355 -0.836961 -0.000281038 4.74803 -1.37076 -0.100482 
0.00540918 0.0711464 -0.000416434 0.131965 -0.94443 -0.000376955 4.81735 -1.09029 -0.103199 
0.00544704 0.071664 -0.000419392 0.683831 -0.688777 -0.000486585 4.87103 -0.80605 -0.105581 
0.00546908 0.0721851 -0.000422024 0.989609 -0.158371 -0.000571257 4.90883 -0.518944 -0.107621 
0.00547477 0.0727084 -0.000424322 0.930652 0.45642 -0.000599934 4.93057 -0.229903 -0.109309 
0.00546406 0.0732321 -0.00042628 0.520491 0.924506 -0.000561303 4.93615 0.0601302 -0.11064 
0.00543733 0.0737549 -0.000427894 -0.0886339 1.06276 -0.000470007 4.92551 0.350206 -0.111608 
0.0053953 0.0742757 -0.000429159 -0.661383 0.816529 -0.000361986 4.89865 0.639372 -0.11221 
0.0053387 0.0747939 -0.000430075 -0.978633 0.284673 -0.000279389 4.85565 0.926672 -0.112444 
0.00526799 0.0753092 -0.000430639 -0.92691 -0.32697 -0.000253021 4.79663 1.21116 -0.112307 
