-2.50508e-009 0 0 0.286624 0.1244 0 
-9.74087e-009 -9.6597e-010 0 0.228655 0.2327 0 
-2.07622e-008 -4.48535e-009 0 0.144688 0.314544 0 
-3.41691e-008 -1.13874e-008 0 0.0469574 0.366467 0 
-4.86223e-008 -2.18058e-008 0 -0.0544484 0.389703 0 
-6.30844e-008 -3.54606e-008 0 -0.152326 0.387687 0 
-7.68355e-008 -5.19011e-008 0 -0.241883 0.364494 0 
-8.9403e-008 -7.06437e-008 0 -0.320033 0.324111 0 
-1.00484e-007 -9.123e-008 0 -0.384813 0.270188 0 
-1.09886e-007 -1.13244e-007 0 -0.434978 0.206004 0 
-1.17486e-007 -1.36312e-007 0 -0.469741 0.134526 0 
-1.23209e-007 -1.60091e-007 0 -0.488608 0.0584945 0 
-1.27007e-007 -1.84259e-007 0 -0.491288 -0.0194745 0 
-1.28855e-007 -2.08504e-007 0 -0.47765 -0.0967966 0 
-1.28746e-007 -2.32513e-007 0 -0.447722 -0.170818 0 
-1.26696e-007 -2.55956e-007 0 -0.401731 -0.23871 0 
-1.22749e-007 -2.78477e-007 0 -0.340198 -0.297368 0 
-1.16997e-007 -2.9968e-007 0 -0.264106 -0.343299 0 
-1.09601e-007 -3.19119e-007 0 -0.175184 -0.372552 0 
-1.00841e-007 -3.36293e-007 0 -0.0763488 -0.380726 0 
-9.11769e-008 -3.50661e-007 0 0.0276341 -0.363228 0 
-8.13395e-008 -3.6171e-007 0 0.12936 -0.316066 0 
-7.24067e-008 -3.69099e-007 0 0.218265 -0.237577 0 
-6.57829e-008 -3.72932e-007 0 0.281508 -0.131155 0 
-6.2925e-008 -3.74052e-007 0 0.307648 -0.0074481 0 
-6.47937e-008 -3.74075e-007 0 0.292113 0.117268 0 
-7.13815e-008 -3.74927e-007 0 0.239603 0.227141 0 
-8.17648e-008 -3.78166e-007 0 0.160809 0.312096 0 
-9.46054e-008 -3.84607e-007 0 0.0673449 0.36858 0 
-1.08629e-007 -3.94417e-007 0 -0.0311736 0.397402 0 
-1.2284e-007 -4.07373e-007 0 -0.127749 0.401455 0 
-1.3653e-007 -4.23086e-007 0 -0.21758 0.384312 0 
-1.49216e-007 -4.41128e-007 0 -0.297438 0.349554 0 
-1.60575e-007 -4.61083e-007 0 -0.365152 0.300524 0 
-1.70388e-007 -4.82568e-007 0 -0.419236 0.240277 0 
-1.78503e-007 -5.0523e-007 0 -0.45865 0.171622 0 
-1.84813e-007 -5.28743e-007 0 -0.482647 0.0971978 0 
-1.8924e-007 -5.52795e-007 0 -0.490677 0.0195582 0 
-1.91727e-007 -5.77079e-007 0 -0.48235 -0.0587334 0 
-1.92237e-007 -6.0128e-007 0 -0.457424 -0.135004 0 
-1.90752e-007 -6.25066e-007 0 -0.415853 -0.206362 0 
-1.87284e-007 -6.48068e-007 0 -0.357872 -0.269577 0 
-1.81889e-007 -6.69872e-007 0 -0.284184 -0.320959 0 
-1.74697e-007 -6.90001e-007 0 -0.196255 -0.356258 0 
-1.6596e-007 -7.07911e-007 0 -0.0968115 -0.370656 0 
-1.56124e-007 -7.23005e-007 0 0.00942986 -0.359026 0 
-1.45928e-007 -7.34702e-007 0 0.114868 -0.3168 0 
-1.36492e-007 -7.42601e-007 0 0.208455 -0.241891 0 
-1.29283e-007 -7.46781e-007 0 0.276767 -0.137653 0 
-1.2581e-007 -7.48096e-007 0 0.308084 -0.0150147 0 
-1.27044e-007 -7.48186e-007 0 0.297955 0.109643 0 
-1.3297e-007 -7.48967e-007 0 0.251071 0.220775 0 
-1.42692e-007 -7.51958e-007 0 0.177664 0.308585 0 
-1.54938e-007 -7.57968e-007 0 0.0887208 0.369411 0 
-1.685e-007 -7.67193e-007 0 -0.00660944 0.403641 0 
-1.82421e-007 -7.79467e-007 0 -0.101543 0.41365 0 
-1.96007e-007 -7.94461e-007 0 -0.191289 0.402526 0 
-2.08769e-007 -8.11802e-007 0 -0.272503 0.373449 0 
-2.20367e-007 -8.31114e-007 0 -0.342829 0.32945 0 
-2.30556e-007 -8.52048e-007 0 -0.400564 0.273351 0 
-2.39157e-007 -8.74276e-007 0 -0.444433 0.20779 0 
-2.46035e-007 -8.97488e-007 0 -0.473444 0.135283 0 
-2.51082e-007 -9.21385e-007 0 -0.486798 0.0583011 0 
-2.54211e-007 -9.45668e-007 0 -0.483845 -0.0206335 0 
-2.55353e-007 -9.70025e-007 0 -0.464074 -0.0988509 0 
-2.54456e-007 -9.9412e-007 0 -0.427153 -0.173415 0 
-2.51498e-007 -1.01758e-006 0 -0.373021 -0.240992 0 
-2.46498e-007 -1.03996e-006 0 -0.302075 -0.297707 0 
-2.39552e-007 -1.06077e-006 0 -0.215498 -0.339016 0 
-2.3088e-007 -1.07942e-006 0 -0.115796 -0.359678 0 
-2.20913e-007 -1.09525e-006 0 -0.00762068 -0.35402 0 
-2.10396e-007 -1.10761e-006 0 0.101232 -0.316885 0 
-2.0049e-007 -1.11604e-006 0 0.199229 -0.245767 0 
-1.92726e-007 -1.12059e-006 0 0.272388 -0.14401 0 
-1.88658e-007 -1.12215e-006 0 0.308784 -0.0228162 0 
-1.89259e-007 -1.12235e-006 0 0.304112 0.101412 0 
-1.94512e-007 -1.1231e-006 0 0.262998 0.213487 0 
-2.03553e-007 -1.12588e-006 0 0.195171 0.303879 0 
-2.15179e-007 -1.13149e-006 0 0.110989 0.368804 0 
-2.28246e-007 -1.14015e-006 0 0.0191366 0.408244 0 
-2.4184e-007 -1.15176e-006 0 -0.0738223 0.424075 0 
-2.55281e-007 -1.16605e-006 0 -0.163127 0.418915 0 
-2.68077e-007 -1.18269e-006 0 -0.245344 0.395552 0 
-2.79872e-007 -1.20135e-006 0 -0.317956 0.356705 0 
-2.904e-007 -1.22172e-006 0 -0.379064 0.304951 0 
-2.99458e-007 -1.24348e-006 0 -0.427175 0.242741 0 
-3.06884e-007 -1.26636e-006 0 -0.461069 0.172452 0 
-3.1254e-007 -1.29007e-006 0 -0.479702 0.096456 0 
-3.16312e-007 -1.31431e-006 0 -0.482171 0.0172091 0 
-3.18096e-007 -1.33878e-006 0 -0.46769 -0.0626428 0 
-3.17809e-007 -1.36315e-006 0 -0.435637 -0.140141 0 
-3.15391e-007 -1.38703e-006 0 -0.385637 -0.211866 0 
-3.10824e-007 -1.40998e-006 0 -0.317765 -0.273773 0 
-3.04164e-007 -1.43146e-006 0 -0.232893 -0.321032 0 
-2.956e-007 -1.45084e-006 0 -0.133283 -0.347976 0 
-2.85542e-007 -1.4674e-006 0 -0.0235031 -0.348369 0 
-2.74743e-007 -1.48044e-006 0 0.0884564 -0.316453 0 
-2.64403e-007 -1.48943e-006 0 0.190572 -0.249322 0 
-2.56115e-007 -1.49439e-006 0 0.268343 -0.150341 0 
