30000 0.000100
5.87953e-008 1.59425e-008 -1.66709e-009 0.96595 0.271272 -0.000177988 -5.43179 -0.408076 0.123172 -0.241337 0.229787 0.0408161 0.075717 -0.720136 -0.0142434 1.10767 -0.830631 -0.0447335 -2.2996 -9.76665 0.261337 18.4729 7.53947 -0.211318 28.2545 -9.94122 -0.446433 9.40429 -31.8198 0.684624 
2.34571e-007 6.44133e-008 -6.58275e-009 0.946213 0.331001 -0.000179668 -5.42997 -0.434236 0.12324 -0.319125 0.148231 0.0413024 0.148117 -0.70925 -0.0182726 1.13955 -0.784871 -0.0445573 -2.28089 -9.77136 0.260674 18.4673 7.55209 -0.211199 28.2582 -9.93034 -0.446743 9.41547 -31.819 0.681295 
5.26001e-007 1.46249e-007 -1.45787e-008 0.92277 0.389434 -0.000180646 -5.42803 -0.460385 0.123305 -0.368899 0.0533706 0.038139 0.218982 -0.691016 -0.0221126 1.16973 -0.737944 -0.0443148 -2.26217 -9.77603 0.26001 18.4618 7.56471 -0.211081 28.2619 -9.91946 -0.447054 9.42666 -31.8181 0.677966 
9.3139e-007 2.6194e-007 -2.54645e-008 0.895701 0.446337 -0.000180917 -5.42595 -0.486523 0.123367 -0.391152 -0.0456843 0.0321131 0.287583 -0.665635 -0.0257239 1.19818 -0.689917 -0.0440063 -2.24344 -9.78066 0.259345 18.4562 7.57732 -0.210962 28.2656 -9.90858 -0.447364 9.43784 -31.8173 0.674637 
1.4489e-006 4.11555e-007 -3.9054e-008 0.865106 0.501482 -0.000180477 -5.42373 -0.512649 0.123427 -0.388436 -0.14198 0.0240245 0.353214 -0.633381 -0.0290696 1.22484 -0.640862 -0.0436321 -2.2247 -9.78526 0.258678 18.4507 7.58993 -0.210843 28.2693 -9.8977 -0.447675 9.44903 -31.8164 0.671308 
2.07671e-006 5.94784e-007 -5.51775e-008 0.831097 0.554648 -0.000179327 -5.42139 -0.538762 0.123483 -0.364165 -0.230517 0.0145929 0.415201 -0.594591 -0.0321153 1.24967 -0.590851 -0.0431929 -2.20595 -9.78982 0.258011 18.4451 7.60254 -0.210724 28.273 -9.88681 -0.447985 9.46021 -31.8156 0.667979 
2.81309e-006 8.10997e-007 -7.36846e-008 0.793799 0.60562 -0.000177469 -5.41891 -0.564863 0.123536 -0.321959 -0.307794 0.00443502 0.472906 -0.54967 -0.0348299 1.27263 -0.539957 -0.0426891 -2.1872 -9.79434 0.257343 18.4395 7.61514 -0.210605 28.2768 -9.87593 -0.448296 9.4714 -31.8147 0.66465 
3.6565e-006 1.05931e-006 -9.44446e-008 0.753355 0.65419 -0.00017491 -5.41631 -0.590949 0.123586 -0.265356 -0.371383 -0.00592731 0.525735 -0.499082 -0.0371853 1.2937 -0.488259 -0.0421217 -2.16844 -9.79882 0.256673 18.4339 7.62773 -0.210486 28.2805 -9.86504 -0.448606 9.48258 -31.8138 0.661321 
4.60554e-006 1.33865e-006 -1.17345e-007 0.709917 0.700161 -0.000171658 -5.41357 -0.617022 0.123633 -0.197726 -0.419601 -0.0160483 0.573141 -0.443346 -0.0391572 1.31284 -0.435832 -0.0414916 -2.14966 -9.80326 0.256003 18.4283 7.64033 -0.210367 28.2842 -9.85416 -0.448916 9.49376 -31.813 0.657991 
5.65902e-006 1.64776e-006 -1.42288e-007 0.663653 0.743344 -0.000167725 -5.41069 -0.643079 0.123677 -0.122281 -0.451281 -0.025539 0.61463 -0.383032 -0.0407248 1.33002 -0.382756 -0.0407996 -2.13088 -9.80767 0.255332 18.4227 7.65292 -0.210247 28.2878 -9.84327 -0.449226 9.50494 -31.8121 0.654662 
6.81591e-006 1.98528e-006 -1.69191e-007 0.614742 0.783563 -0.000163126 -5.40769 -0.66912 0.123718 -0.0421317 -0.465633 -0.0340497 0.649766 -0.318761 -0.0418715 1.34522 -0.329111 -0.0400469 -2.11209 -9.81203 0.254659 18.4171 7.6655 -0.210128 28.2915 -9.83238 -0.449536 9.51611 -31.8112 0.651333 
8.07541e-006 2.34973e-006 -1.97986e-007 0.563376 0.820652 -0.000157877 -5.40455 -0.695145 0.123757 0.0396256 -0.462163 -0.0412567 0.678175 -0.251189 -0.0425847 1.35843 -0.274978 -0.0392348 -2.0933 -9.81636 0.253986 18.4115 7.67809 -0.210008 28.2952 -9.82148 -0.449846 9.52729 -31.8103 0.648003 
9.43687e-006 2.73956e-006 -2.28615e-007 0.509755 0.854456 -0.000151999 -5.40128 -0.721153 0.123792 0.119819 -0.440652 -0.0468518 0.699548 -0.181011 -0.0428561 1.36963 -0.220437 -0.0383646 -2.07449 -9.82065 0.253312 18.4058 7.69067 -0.209889 28.2989 -9.81059 -0.450156 9.53847 -31.8095 0.644674 
1.08998e-005 3.15314e-006 -2.61032e-007 0.454092 0.884837 -0.000145515 -5.39789 -0.747144 0.123824 0.1951 -0.40119 -0.0505353 0.713645 -0.108951 -0.0426818 1.3788 -0.16557 -0.0374377 -2.05568 -9.8249 0.252636 18.4002 7.70324 -0.209769 28.3026 -9.79969 -0.450466 9.54964 -31.8086 0.641344 
1.2464e-005 3.58878e-006 -2.95206e-007 0.396608 0.911669 -0.00013845 -5.39435 -0.773116 0.123853 0.261839 -0.344274 -0.0520153 0.720299 -0.0357547 -0.0420622 1.38594 -0.11046 -0.0364557 -2.03686 -9.82912 0.25196 18.3945 7.71581 -0.209649 28.3062 -9.7888 -0.450776 9.56082 -31.8077 0.638014 
1.41292e-005 4.04473e-006 -3.31115e-007 0.337531 0.934839 -0.000130832 -5.39069 -0.79907 0.123879 0.316041 -0.270992 -0.0510143 0.719416 0.0378152 -0.0410026 1.39105 -0.0551877 -0.0354202 -2.01803 -9.83329 0.251283 18.3889 7.72838 -0.209529 28.3099 -9.7779 -0.451086 9.57199 -31.8068 0.634685 
1.58955e-005 4.51914e-006 -3.68753e-007 0.277097 0.954251 -0.000122691 -5.3869 -0.825004 0.123902 0.353303 -0.183319 -0.0472899 0.71098 0.110988 -0.0395125 1.39413 0.000165442 -0.034333 -1.99919 -9.83743 0.250605 18.3832 7.74094 -0.209409 28.3136 -9.767 -0.451395 9.58316 -31.8059 0.631355 
1.77631e-005 5.01007e-006 -4.08136e-007 0.21555 0.969825 -0.000114061 -5.38297 -0.850918 0.123922 0.368904 -0.0845668 -0.0406792 0.695051 0.18299 -0.037606 1.39517 0.0555184 -0.0331958 -1.98034 -9.84153 0.249925 18.3775 7.7535 -0.209289 28.3172 -9.7561 -0.451705 9.59433 -31.805 0.628025 
1.97324e-005 5.51539e-006 -4.49309e-007 0.153134 0.981496 -0.000104975 -5.37891 -0.876811 0.123939 0.358166 0.0200245 -0.0311801 0.671768 0.253055 -0.0353016 1.3942 0.110791 -0.0320104 -1.96149 -9.84559 0.249245 18.3718 7.76606 -0.209169 28.3209 -9.7452 -0.452015 9.6055 -31.8041 0.624695 
2.18041e-005 6.03275e-006 -4.92363e-007 0.0901027 0.989216 -9.54699e-005 -5.37473 -0.902683 0.123953 0.317344 0.122684 -0.0190824 0.641347 0.320432 -0.0326221 1.39122 0.165904 -0.0307789 -1.94263 -9.84961 0.248564 18.3661 7.77861 -0.209048 28.3245 -9.73429 -0.452324 9.61667 -31.8032 0.621365 
2.39794e-005 6.55958e-006 -5.37453e-007 0.0267085 0.992952 -8.55846e-005 -5.37041 -0.928532 0.123964 0.245258 0.212947 -0.00512985 0.604083 0.384388 -0.0295945 1.38624 0.220779 -0.0295033 -1.92376 -9.85359 0.247882 18.3604 7.79116 -0.208928 28.3282 -9.72339 -0.452634 9.62784 -31.8023 0.618035 
2.62603e-005 7.09326e-006 -5.84811e-007 -0.0367931 0.99269 -7.53591e-005 -5.36596 -0.954359 0.123971 0.145469 0.278796 0.00937293 0.560344 0.444224 -0.0262498 1.37928 0.275339 -0.0281856 -1.90489 -9.85754 0.247199 18.3547 7.8037 -0.208807 28.3318 -9.71248 -0.452943 9.63901 -31.8014 0.614705 
2.86496e-005 7.6315e-006 -6.3473e-007 -0.100146 0.988431 -6.48348e-005 -5.36138 -0.980163 0.123976 0.0276732 0.309791 0.0226876 0.510572 0.499276 -0.0226224 1.37037 0.329509 -0.0268279 -1.88601 -9.86144 0.246515 18.349 7.81624 -0.208686 28.3355 -9.70157 -0.453252 9.65017 -31.8005 0.611374 
3.11511e-005 8.17282e-006 -6.87508e-007 -0.163096 0.980194 -5.40545e-005 -5.35667 -1.00594 0.123978 -0.0936923 0.301146 0.033102 0.455279 0.548928 -0.0187504 1.35952 0.383215 -0.0254324 -1.86712 -9.86531 0.24583 18.3433 7.82878 -0.208566 28.3391 -9.69067 -0.453561 9.66134 -31.7996 0.608044 
3.37685e-005 8.71686e-006 -7.43383e-007 -0.22539 0.968015 -4.30621e-005 -5.35183 -1.0317 0.123977 -0.203829 0.255729 0.0394941 0.39504 0.592616 -0.0146747 1.34677 0.436384 -0.0240013 -1.84822 -9.86914 0.245144 18.3375 7.84131 -0.208445 28.3427 -9.67975 -0.453871 9.6725 -31.7986 0.604714 
3.65053e-005 9.26417e-006 -8.02493e-007 -0.286778 0.951944 -3.19022e-005 -5.34685 -1.05743 0.123973 -0.291942 0.182225 0.0415819 0.330491 0.629837 -0.0104389 1.33215 0.488946 -0.0225369 -1.82931 -9.87293 0.244457 18.3318 7.85384 -0.208324 28.3464 -9.66884 -0.45418 9.68367 -31.7977 0.601383 
3.93645e-005 9.81575e-006 -8.64906e-007 -0.347014 0.932052 -2.06202e-005 -5.34175 -1.08313 0.123966 -0.352771 0.0913615 0.0397569 0.262322 0.660157 -0.00608877 1.31569 0.540834 -0.0210413 -1.8104 -9.87668 0.243769 18.326 7.86636 -0.208203 28.35 -9.65793 -0.454489 9.69483 -31.7968 0.598053 
4.23484e-005 1.03727e-005 -9.30648e-007 -0.405857 0.90842 -9.262e-006 -5.33652 -1.10881 0.123955 -0.38555 -0.00700543 0.0347514 0.191267 0.683212 -0.00167169 1.29743 0.59198 -0.0195168 -1.79148 -9.88039 0.24308 18.3202 7.87888 -0.208081 28.3536 -9.64701 -0.454798 9.70599 -31.7959 0.594722 
4.54594e-005 1.09362e-005 -9.99742e-007 -0.463074 0.881148 2.12639e-006 -5.33116 -1.13446 0.123942 -0.392207 -0.105073 0.0273772 0.1181 0.698722 0.00276382 1.2774 0.64232 -0.0179658 -1.77256 -9.88407 0.24239 18.3144 7.8914 -0.20796 28.3572 -9.6361 -0.455106 9.71715 -31.7949 0.591392 
4.86996e-005 1.15073e-005 -1.07222e-006 -0.518438 0.850351 1.34988e-005 -5.32567 -1.16009 0.123926 -0.375926 -0.197129 0.0183913 0.0436253 0.706486 0.00716866 1.25564 0.691794 -0.0163905 -1.75362 -9.88771 0.241699 18.3087 7.90391 -0.207839 28.3608 -9.62518 -0.455415 9.72831 -31.794 0.588061 
5.20711e-005 1.20872e-005 -1.14811e-006 -0.571731 0.816157 2.48091e-005 -5.32004 -1.18568 0.123907 -0.340296 -0.279142 0.00845039 -0.0313339 0.706395 0.0114938 1.23221 0.74034 -0.0147933 -1.73469 -9.8913 0.241008 18.3029 7.91642 -0.207717 28.3644 -9.61426 -0.455724 9.73946 -31.793 0.58473 
5.5576e-005 1.26771e-005 -1.22748e-006 -0.622743 0.778708 3.60117e-005 -5.31429 -1.21125 0.123884 -0.288908 -0.348311 -0.00188846 -0.105943 0.698425 0.0156906 1.20713 0.787903 -0.0131764 -1.71574 -9.89486 0.240315 18.297 7.92892 -0.207595 28.368 -9.60334 -0.456033 9.75062 -31.7921 0.581399 
5.92164e-005 1.32786e-005 -1.31038e-006 -0.671277 0.73816 4.70613e-005 -5.30841 -1.23678 0.123859 -0.225199 -0.402695 -0.0121523 -0.179367 0.682648 0.019712 1.18047 0.834428 -0.0115421 -1.69679 -9.89838 0.239621 18.2912 7.94142 -0.207474 28.3716 -9.59242 -0.456341 9.76178 -31.7911 0.578069 
6.29943e-005 1.38932e-005 -1.39688e-006 -0.717142 0.694678 5.79133e-005 -5.3024 -1.26229 0.123831 -0.152438 -0.440949 -0.0219321 -0.25078 0.659222 0.0235126 1.15226 0.879863 -0.00989279 -1.67783 -9.90187 0.238927 18.2854 7.95392 -0.207352 28.3752 -9.58149 -0.45665 9.77293 -31.7902 0.574738 
6.69118e-005 1.45229e-005 -1.48702e-006 -0.760165 0.648443 6.8524e-005 -5.29626 -1.28777 0.123799 -0.0737645 -0.462147 -0.0308649 -0.319379 0.6284 0.0270493 1.12256 0.924157 -0.00823062 -1.65886 -9.90531 0.238231 18.2796 7.96641 -0.20723 28.3788 -9.57057 -0.456958 9.78408 -31.7892 0.571407 
7.09707e-005 1.51695e-005 -1.58088e-006 -0.80018 0.599643 7.88507e-005 -5.28999 -1.31321 0.123765 0.00773008 -0.465685 -0.0386185 -0.384389 0.590517 0.030282 1.09142 0.967266 -0.00655789 -1.63989 -9.90872 0.237535 18.2737 7.9789 -0.207108 28.3824 -9.55964 -0.457267 9.79524 -31.7883 0.568076 
7.51727e-005 1.58354e-005 -1.67851e-006 -0.837036 0.548475 8.88517e-005 -5.2836 -1.33862 0.123728 0.088917 -0.451238 -0.0448795 -0.445076 0.545996 0.0331743 1.05889 1.00914 -0.0048768 -1.62091 -9.91208 0.236838 18.2679 7.99139 -0.206986 28.386 -9.54871 -0.457575 9.80639 -31.7873 0.564745 
7.95193e-005 1.65231e-005 -1.77994e-006 -0.870597 0.495149 9.84867e-005 -5.27707 -1.364 0.123687 0.166529 -0.418765 -0.0493455 -0.500759 0.495336 0.0356936 1.02502 1.04975 -0.00318956 -1.60193 -9.91541 0.23614 18.262 8.00387 -0.206863 28.3896 -9.53778 -0.457883 9.81754 -31.7864 0.561413 
8.4012e-005 1.7235e-005 -1.88521e-006 -0.900738 0.439878 0.000107717 -5.27042 -1.38935 0.123644 0.23706 -0.368589 -0.0517215 -0.550812 0.439108 0.0378116 0.989871 1.08904 -0.00149833 -1.58293 -9.9187 0.23544 18.2561 8.01635 -0.206741 28.3931 -9.52685 -0.458192 9.82869 -31.7854 0.558082 
8.86517e-005 1.79739e-005 -1.99434e-006 -0.92735 0.382883 0.000116505 -5.26363 -1.41466 0.123597 0.296668 -0.301536 -0.0517228 -0.594678 0.377948 0.0395049 0.953497 1.12698 0.000194761 -1.56394 -9.92195 0.23474 18.2502 8.02882 -0.206619 28.3967 -9.51592 -0.4585 9.83984 -31.7844 0.554751 
9.34394e-005 1.87425e-005 -2.10735e-006 -0.950338 0.324393 0.000124815 -5.25672 -1.43994 0.123548 0.341108 -0.21919 -0.0490894 -0.631872 0.312548 0.040755 0.915952 1.16354 0.00188761 -1.54493 -9.92516 0.234039 18.2444 8.04129 -0.206496 28.4003 -9.50499 -0.458808 9.85098 -31.7834 0.551419 
9.83754e-005 1.95437e-005 -2.22424e-006 -0.969623 0.264639 0.000132614 -5.24968 -1.46518 0.123496 0.36576 -0.124273 -0.0436199 -0.661989 0.243648 0.0415486 0.877294 1.19869 0.00357817 -1.52592 -9.92833 0.233338 18.2385 8.05375 -0.206373 28.4038 -9.49405 -0.459116 9.86213 -31.7825 0.548088 
0.00010346 2.038e-005 -2.34502e-006 -0.98514 0.203857 0.00013987 -5.24252 -1.49039 0.12344 0.365859 -0.0211927 -0.0352364 -0.684708 0.172025 0.041878 0.837579 1.23239 0.00526442 -1.50691 -9.93147 0.232635 18.2326 8.06621 -0.206251 28.4074 -9.48312 -0.459424 9.87327 -31.7815 0.544757 
0.000108694 2.12539e-005 -2.46971e-006 -0.996839 0.142284 0.000146557 -5.23522 -1.51556 0.123382 0.337142 0.0833297 -0.0240957 -0.699796 0.0984851 0.0417406 0.796864 1.26462 0.00694439 -1.48789 -9.93456 0.231931 18.2266 8.07867 -0.206128 28.4109 -9.47218 -0.459732 9.88442 -31.7805 0.541425 
0.000114076 2.21677e-005 -2.59838e-006 -1.00469 0.0801621 0.000152648 -5.2278 -1.5407 0.12332 0.277178 0.179842 -0.0107445 -0.707106 0.0238503 0.0411393 0.755207 1.29536 0.00861616 -1.46886 -9.93762 0.231227 18.2207 8.09112 -0.206005 28.4145 -9.46124 -0.46004 9.89556 -31.7795 0.538093 
0.000119607 2.31232e-005 -2.73112e-006 -1.00866 0.0177311 0.000158122 -5.22025 -1.56579 0.123256 0.187417 0.256672 0.00373392 -0.706584 -0.0510489 0.0400823 0.712666 1.32458 0.0102778 -1.44983 -9.94064 0.230521 18.2148 8.10357 -0.205882 28.418 -9.4503 -0.460347 9.9067 -31.7785 0.534762 
0.000125287 2.41224e-005 -2.8681e-006 -1.00876 -0.0447679 0.00016296 -5.21257 -1.59085 0.123188 0.0751271 0.30227 0.0177334 -0.698264 -0.125385 0.038583 0.669298 1.35226 0.0119276 -1.43079 -9.94362 0.229815 18.2088 8.11602 -0.205759 28.4216 -9.43936 -0.460655 9.91784 -31.7775 0.53143 
0.000131118 2.51677e-005 -3.0095e-006 -1.00499 -0.107095 0.000167146 -5.20477 -1.61587 0.123118 -0.0467089 0.309205 0.0294598 -0.682268 -0.198343 0.0366595 0.625161 1.37839 0.0135636 -1.41175 -9.94656 0.229107 18.2029 8.12846 -0.205635 28.4251 -9.42842 -0.460963 9.92898 -31.7765 0.528098 
0.000137101 2.62622e-005 -3.1554e-006 -0.99738 -0.169013 0.000170667 -5.19684 -1.64085 0.123044 -0.162819 0.277368 0.0375049 -0.658802 -0.269131 0.0343347 0.580312 1.40295 0.0151842 -1.3927 -9.94946 0.228399 18.1969 8.1409 -0.205512 28.4286 -9.41747 -0.46127 9.94012 -31.7755 0.524767 
0.000143236 2.74101e-005 -3.30584e-006 -0.985969 -0.230287 0.000173513 -5.18878 -1.66579 0.122968 -0.260471 0.213587 0.0412584 -0.628155 -0.336985 0.0316357 0.534809 1.42592 0.0167877 -1.37364 -9.95233 0.22769 18.1909 8.15333 -0.205388 28.4321 -9.40653 -0.461578 9.95126 -31.7745 0.521435 
0.000149523 2.86155e-005 -3.4607e-006 -0.97081 -0.290686 0.000175675 -5.1806 -1.69069 0.122888 -0.332259 0.128234 0.0408863 -0.59069 -0.401183 0.0285933 0.488708 1.44731 0.0183724 -1.35458 -9.95515 0.22698 18.185 8.16576 -0.205265 28.4357 -9.39558 -0.461885 9.9624 -31.7735 0.518103 
0.000155961 2.98826e-005 -3.61983e-006 -0.951971 -0.349983 0.000177148 -5.17229 -1.71555 0.122806 -0.375874 0.0317425 0.0370262 -0.546842 -0.461048 0.0252419 0.442065 1.46709 0.0199368 -1.33552 -9.95794 0.226269 18.179 8.17818 -0.205141 28.4392 -9.38463 -0.462192 9.97353 -31.7725 0.514771 
0.000162547 3.12153e-005 -3.78303e-006 -0.929532 -0.407956 0.000177929 -5.16385 -1.74037 0.12272 -0.392396 -0.067233 0.0304821 -0.497113 -0.515956 0.0216191 0.394938 1.48526 0.0214793 -1.31645 -9.96068 0.225558 18.173 8.1906 -0.205017 28.4427 -9.37368 -0.4625 9.98466 -31.7715 0.511439 
0.00016928 3.26169e-005 -3.95012e-006 -0.903587 -0.464391 0.000178017 -5.15529 -1.76514 0.122632 -0.384652 -0.162198 0.0220414 -0.442061 -0.565341 0.0177648 0.347381 1.50181 0.0229984 -1.29737 -9.96339 0.224845 18.167 8.20302 -0.204893 28.4462 -9.36273 -0.462807 9.9958 -31.7704 0.508107 
0.000176158 3.40904e-005 -4.12089e-006 -0.874242 -0.519079 0.000177414 -5.1466 -1.78987 0.122541 -0.356144 -0.248523 0.0124019 -0.382297 -0.608702 0.0137212 0.29945 1.51675 0.0244928 -1.27829 -9.96606 0.224132 18.1609 8.21543 -0.204769 28.4497 -9.35178 -0.463114 10.0069 -31.7694 0.504774 
0.000183177 3.56384e-005 -4.29518e-006 -0.841615 -0.571818 0.000176122 -5.13779 -1.81456 0.122446 -0.31049 -0.322977 0.00215828 -0.318474 -0.645605 0.00953185 0.251199 1.53007 0.025961 -1.2592 -9.96869 0.223417 18.1549 8.22784 -0.204645 28.4532 -9.34082 -0.463421 10.0181 -31.7684 0.501442 
0.000190335 3.72634e-005 -4.47281e-006 -0.805835 -0.622416 0.000174149 -5.12885 -1.8392 0.122349 -0.251197 -0.383321 -0.0081862 -0.251284 -0.675686 0.00524176 0.202683 1.54177 0.0274017 -1.24011 -9.97128 0.222702 18.1489 8.24024 -0.204521 28.4567 -9.32987 -0.463728 10.0292 -31.7674 0.49811 
0.00019763 3.89672e-005 -4.6536e-006 -0.767043 -0.670688 0.000171502 -5.11979 -1.8638 0.122248 -0.181595 -0.428003 -0.0181999 -0.181448 -0.698657 0.000896428 0.153953 1.55185 0.0288136 -1.22102 -9.97384 0.221986 18.1428 8.25264 -0.204397 28.4602 -9.31891 -0.464035 10.0403 -31.7663 0.494778 
0.000205057 4.07517e-005 -4.83741e-006 -0.72539 -0.716459 0.000168194 -5.1106 -1.88835 0.122145 -0.104866 -0.45595 -0.0275041 -0.109707 -0.714303 -0.00345837 0.105064 1.56031 0.0301956 -1.20192 -9.97635 0.221269 18.1368 8.26504 -0.204272 28.4637 -9.30795 -0.464342 10.0514 -31.7653 0.491445 
0.000212616 4.26183e-005 -5.02408e-006 -0.681036 -0.759563 0.000164236 -5.10129 -1.91286 0.122039 -0.0241104 -0.466442 -0.0357561 -0.036817 -0.722486 -0.00777712 0.0560659 1.56717 0.0315464 -1.18281 -9.97883 0.220551 18.1307 8.27743 -0.204148 28.4672 -9.29699 -0.464648 10.0626 -31.7643 0.488113 
0.000220302 4.45683e-005 -5.21345e-006 -0.634151 -0.799845 0.000159645 -5.09185 -1.93732 0.121929 0.057571 -0.459045 -0.0426365 0.0364585 -0.723144 -0.0120149 0.00701076 1.57242 0.032865 -1.1637 -9.98126 0.219833 18.1246 8.28982 -0.204023 28.4707 -9.28603 -0.464955 10.0737 -31.7632 0.48478 
0.000228112 4.66027e-005 -5.40539e-006 -0.584913 -0.83716 0.000154437 -5.08229 -1.96173 0.121817 0.136978 -0.433605 -0.0478395 0.109358 -0.716292 -0.016128 -0.0420514 1.57608 0.0341502 -1.14459 -9.98366 0.219113 18.1186 8.3022 -0.203899 28.4741 -9.27507 -0.465262 10.0848 -31.7622 0.481448 
0.000236044 4.87223e-005 -5.59974e-006 -0.533508 -0.871375 0.000148634 -5.0726 -1.9861 0.121702 0.210712 -0.390287 -0.0510673 0.181127 -0.702017 -0.0200741 -0.0910712 1.57815 0.035401 -1.12547 -9.98602 0.218393 18.1125 8.31458 -0.203774 28.4776 -9.2641 -0.465568 10.0959 -31.7611 0.478115 
0.000244094 5.09274e-005 -5.79637e-006 -0.480128 -0.902366 0.000142255 -5.06279 -2.01042 0.121583 0.275071 -0.329698 -0.0520302 0.251025 -0.680484 -0.0238127 -0.14 1.57864 0.0366164 -1.10635 -9.98834 0.217672 18.1064 8.32696 -0.203649 28.4811 -9.25314 -0.465875 10.1071 -31.7601 0.474783 
0.00025226 5.32184e-005 -5.99515e-006 -0.424974 -0.930024 0.000135326 -5.05286 -2.03468 0.121462 0.325975 -0.253087 -0.0504559 0.318335 -0.651926 -0.0273056 -0.18879 1.57757 0.0377956 -1.08722 -9.99062 0.216949 18.1003 8.33933 -0.203524 28.4845 -9.24217 -0.466181 10.1182 -31.759 0.47145 
0.000260537 5.5595e-005 -6.19596e-006 -0.36825 -0.95425 0.000127871 -5.0428 -2.0589 0.121338 0.35894 -0.162672 -0.0461143 0.382365 -0.616645 -0.0305169 -0.237394 1.57495 0.0389376 -1.06809 -9.99286 0.216227 18.0941 8.35169 -0.203399 28.488 -9.2312 -0.466488 10.1293 -31.7579 0.468117 
0.000268925 5.80567e-005 -6.39871e-006 -0.310168 -0.974958 0.000119919 -5.03262 -2.08307 0.121211 0.369206 -0.0621282 -0.0388687 0.442458 -0.575011 -0.0334139 -0.285766 1.57079 0.0400416 -1.04896 -9.99507 0.215503 18.088 8.36406 -0.203273 28.4914 -9.22023 -0.466794 10.1404 -31.7569 0.464785 
0.000277418 6.06026e-005 -6.60332e-006 -0.250942 -0.992075 0.000111497 -5.02232 -2.10719 0.121081 0.352197 0.0428036 -0.028767 0.497997 -0.527453 -0.0359668 -0.333861 1.56511 0.0411068 -1.02982 -9.99723 0.214778 18.0819 8.37642 -0.203148 28.4949 -9.20926 -0.4671 10.1516 -31.7558 0.461452 
0.000286015 6.32313e-005 -6.80977e-006 -0.190791 -1.00554 0.000102636 -5.0119 -2.13125 0.120948 0.304555 0.143752 -0.0161833 0.548407 -0.47446 -0.0381493 -0.381635 1.55792 0.0421324 -1.01068 -9.99936 0.214053 18.0757 8.38877 -0.203023 28.4983 -9.19829 -0.467406 10.1627 -31.7547 0.458119 
0.000294714 6.59408e-005 -7.0181e-006 -0.129936 -1.0153 9.33694e-005 -5.00135 -2.15526 0.120812 0.225937 0.229749 -0.00197906 0.593167 -0.416576 -0.0399385 -0.429044 1.54925 0.0431177 -0.991528 -10.0014 0.213327 18.0696 8.40112 -0.202897 28.5018 -9.18732 -0.467713 10.1738 -31.7537 0.454786 
0.000303512 6.87289e-005 -7.22843e-006 -0.0686028 -1.02133 8.37299e-005 -4.99068 -2.17922 0.120673 0.121184 0.288778 0.0124239 0.631808 -0.354393 -0.0413156 -0.476046 1.5391 0.0440621 -0.972378 -10.0035 0.212599 18.0634 8.41347 -0.202772 28.5052 -9.17634 -0.468019 10.1849 -31.7526 0.451453 
0.00031241 7.15935e-005 -7.44094e-006 -0.0070155 -1.0236 7.37524e-005 -4.97989 -2.20313 0.120531 0.00127133 0.311291 0.0252427 0.663922 -0.288545 -0.0422658 -0.522598 1.5275 0.044965 -0.953223 -10.0055 0.211872 18.0573 8.42581 -0.202646 28.5087 -9.16537 -0.468325 10.196 -31.7515 0.44812 
0.000321407 7.45333e-005 -7.65579e-006 0.0545989 -1.0221 6.34729e-005 -4.96897 -2.22699 0.120386 -0.118838 0.294125 0.0348491 0.689164 -0.21971 -0.0427783 -0.568661 1.51447 0.0458257 -0.934065 -10.0075 0.211143 18.0511 8.43815 -0.20252 28.5121 -9.15439 -0.46863 10.2071 -31.7504 0.444787 
0.000330504 7.75474e-005 -7.87309e-006 0.116014 -1.01684 5.29285e-005 -4.95794 -2.25078 0.120238 -0.224908 0.241695 0.0402982 0.707255 -0.148593 -0.0428468 -0.614194 1.50003 0.0466438 -0.914903 -10.0094 0.210413 18.0449 8.45048 -0.202394 28.5155 -9.14341 -0.468936 10.2182 -31.7493 0.441454 
0.000339699 8.06359e-005 -8.09282e-006 0.177003 -1.00784 4.21572e-005 -4.94679 -2.27453 0.120087 -0.307329 0.163466 0.0414803 0.717988 -0.0759292 -0.0424695 -0.659158 1.48421 0.0474186 -0.895737 -10.0113 0.209683 18.0387 8.46281 -0.202268 28.5189 -9.13243 -0.469242 10.2293 -31.7482 0.438121 
0.000348994 8.37986e-005 -8.31494e-006 0.237341 -0.995129 3.11977e-005 -4.93551 -2.29822 0.119934 -0.361965 0.070172 0.0388905 0.721227 -0.00247219 -0.0416488 -0.703516 1.46701 0.0481498 -0.876568 -10.0131 0.208952 18.0325 8.47513 -0.202142 28.5224 -9.12145 -0.469548 10.2405 -31.7471 0.434787 
0.000358385 8.70351e-005 -8.53937e-006 0.296806 -0.978747 2.00896e-005 -4.92411 -2.32185 0.119777 -0.388795 -0.0287257 0.033297 0.716914 0.0710111 -0.0403919 -0.747229 1.44847 0.048837 -0.857396 -10.015 0.20822 18.0263 8.48745 -0.202016 28.5258 -9.11047 -0.469853 10.2516 -31.746 0.431454 
0.000367873 9.0345e-005 -8.76603e-006 0.355177 -0.958754 8.87297e-006 -4.91259 -2.34542 0.119618 -0.390128 -0.125901 0.0255079 0.705066 0.143748 -0.0387103 -0.790262 1.42862 0.0494796 -0.838221 -10.0167 0.207487 18.02 8.49977 -0.201889 28.5292 -9.09948 -0.470159 10.2627 -31.7449 0.428121 
0.000377456 9.37272e-005 -8.99487e-006 0.412239 -0.935219 -2.41161e-006 -4.90096 -2.36894 0.119455 -0.369293 -0.21605 0.01626 0.685778 0.214968 -0.0366201 -0.832578 1.40747 0.0500775 -0.819042 -10.0185 0.206753 18.0138 8.51208 -0.201763 28.5326 -9.0885 -0.470464 10.2738 -31.7438 0.424787 
0.000387133 9.71807e-005 -9.22586e-006 0.467777 -0.908227 -1.37233e-005 -4.8892 -2.3924 0.11929 -0.329906 -0.295449 0.0061878 0.659224 0.283909 -0.0341418 -0.874145 1.38505 0.0506302 -0.79986 -10.0202 0.206019 18.0076 8.52439 -0.201636 28.536 -9.07751 -0.47077 10.2849 -31.7427 0.421454 
0.000396904 0.000100704 -9.459e-006 0.521585 -0.877871 -2.5021e-005 -4.87732 -2.4158 0.119121 -0.275533 -0.361516 -0.004172 0.625654 0.349827 -0.0313001 -0.914926 1.36139 0.0511375 -0.780675 -10.0218 0.205284 18.0013 8.53669 -0.20151 28.5394 -9.06652 -0.471075 10.296 -31.7416 0.418121 
0.000406767 0.000104297 -9.69429e-006 0.57346 -0.84426 -3.62637e-005 -4.86533 -2.43915 0.11895 -0.209572 -0.412461 -0.0143622 0.585396 0.412004 -0.0281236 -0.954891 1.33651 0.0515991 -0.761487 -10.0234 0.204548 17.995 8.54899 -0.201383 28.5428 -9.05554 -0.47138 10.3071 -31.7405 0.414787 
0.000416724 0.000107956 -9.93176e-006 0.623207 -0.807512 -4.74102e-005 -4.85321 -2.46243 0.118776 -0.135258 -0.447044 -0.0239855 0.538852 0.469754 -0.0246451 -0.994006 1.31045 0.0520148 -0.742296 -10.025 0.203811 17.9888 8.56129 -0.201256 28.5462 -9.04454 -0.471686 10.3182 -31.7394 0.411454 
0.000426773 0.000111682 -1.01715e-005 0.670638 -0.76776 -5.84198e-005 -4.84098 -2.48565 0.118599 -0.0557119 -0.464418 -0.0326871 0.486497 0.522434 -0.0209007 -1.03224 1.28322 0.0523845 -0.723102 -10.0266 0.203073 17.9825 8.57358 -0.201129 28.5495 -9.03355 -0.471991 10.3293 -31.7383 0.40812 
0.000436915 0.000115473 -1.04134e-005 0.71557 -0.725146 -6.9252e-005 -4.82863 -2.50881 0.118419 0.0259766 -0.464044 -0.04014 0.42887 0.569449 -0.0169298 -1.06956 1.25486 0.0527079 -0.703905 -10.0281 0.202335 17.9762 8.58587 -0.201002 28.5529 -9.02256 -0.472296 10.3404 -31.7371 0.404786 
0.000447151 0.000119327 -1.06577e-005 0.75783 -0.679823 -7.98669e-005 -4.81616 -2.53192 0.118236 0.106659 -0.445655 -0.046034 0.366577 0.610262 -0.0127746 -1.10595 1.2254 0.052985 -0.684706 -10.0295 0.201596 17.9699 8.59815 -0.200875 28.5563 -9.01156 -0.472601 10.3515 -31.736 0.401453 
0.00045748 0.000123244 -1.09045e-005 0.797257 -0.631955 -9.02249e-005 -4.80357 -2.55495 0.118051 0.183027 -0.409282 -0.0500686 0.300277 0.644397 -0.00847974 -1.14136 1.19487 0.0532157 -0.665504 -10.031 0.200856 17.9636 8.61043 -0.200748 28.5597 -9.00057 -0.472906 10.3626 -31.7349 0.398119 
0.000467903 0.000127223 -1.11537e-005 0.833694 -0.581716 -0.000100288 -4.79086 -2.57793 0.117862 0.251512 -0.355341 -0.0519506 0.230684 0.671453 -0.00409185 -1.17578 1.16329 0.0533998 -0.646299 -10.0323 0.200115 17.9573 8.6227 -0.20062 28.563 -8.98957 -0.473211 10.3737 -31.7337 0.394785 
0.000478421 0.000131262 -1.14054e-005 0.866998 -0.529289 -0.000110018 -4.77804 -2.60084 0.11767 0.308188 -0.284797 -0.0513992 0.158551 0.691101 0.000341023 -1.20917 1.1307 0.0535375 -0.627092 -10.0337 0.199374 17.951 8.63497 -0.200493 28.5664 -8.97857 -0.473515 10.3848 -31.7326 0.391452 
0.000489034 0.000135361 -1.16598e-005 0.897036 -0.474866 -0.000119378 -4.7651 -2.62369 0.117476 0.348725 -0.199441 -0.0481632 0.0846673 0.703097 0.00476997 -1.24152 1.09713 0.0536287 -0.607883 -10.035 0.198631 17.9446 8.64723 -0.200365 28.5698 -8.96757 -0.47382 10.3959 -31.7315 0.388118 
0.000499744 0.000139519 -1.1917e-005 0.923686 -0.418649 -0.000128333 -4.75204 -2.64648 0.117279 0.368443 -0.102309 -0.0420611 0.0098488 0.707281 0.00914575 -1.27278 1.06261 0.0536735 -0.588671 -10.0363 0.197888 17.9383 8.6595 -0.200238 28.5731 -8.95657 -0.474125 10.407 -31.7303 0.384784 
0.000510551 0.000143735 -1.2177e-005 0.946839 -0.360845 -0.00013685 -4.73887 -2.66919 0.117079 0.362608 0.00174629 -0.0330544 -0.0650736 0.703581 0.0134194 -1.30295 1.02717 0.0536718 -0.569457 -10.0375 0.197144 17.9319 8.67175 -0.20011 28.5765 -8.94557 -0.474429 10.4181 -31.7292 0.38145 
0.000521457 0.000148009 -1.24399e-005 0.966398 -0.30167 -0.000144895 -4.72558 -2.69185 0.116876 0.327212 0.10543 -0.0213699 -0.139263 0.692018 0.0175429 -1.33199 0.990841 0.0536238 -0.550241 -10.0387 0.1964 17.9256 8.684 -0.199982 28.5798 -8.93456 -0.474734 10.4292 -31.728 0.378116 
0.000532462 0.000152338 -1.27061e-005 0.982278 -0.241346 -0.000152437 -4.71217 -2.71444 0.11667 0.260473 0.198712 -0.0076607 -0.211885 0.672702 0.0214697 -1.35989 0.953662 0.0535297 -0.531022 -10.0398 0.195654 17.9192 8.69625 -0.199854 28.5831 -8.92356 -0.475038 10.4402 -31.7269 0.374782 
0.000543568 0.000156723 -1.29757e-005 0.994409 -0.1801 -0.000159449 -4.69865 -2.73696 0.116461 0.164969 0.269669 0.00686605 -0.282123 0.645837 0.0251553 -1.38661 0.915662 0.0533895 -0.511802 -10.041 0.194908 17.9128 8.70849 -0.199726 28.5865 -8.91255 -0.475343 10.4513 -31.7257 0.371448 
0.000554778 0.000161163 -1.3249e-005 1.00273 -0.118163 -0.000165901 -4.68501 -2.75941 0.116249 0.0493333 0.307272 0.0205217 -0.349183 0.611713 0.028558 -1.41215 0.876877 0.0532035 -0.49258 -10.042 0.194161 17.9064 8.72073 -0.199598 28.5898 -8.90154 -0.475647 10.4624 -31.7245 0.368114 
0.000566094 0.000165656 -1.35263e-005 1.00721 -0.0557717 -0.000171769 -4.67126 -2.7818 0.116035 -0.0725536 0.3055 0.0315442 -0.412308 0.570708 0.0316392 -1.43647 0.837339 0.0529718 -0.473355 -10.0431 0.193414 17.9001 8.73297 -0.19947 28.5931 -8.89054 -0.475951 10.4735 -31.7234 0.36478 
0.000577521 0.000170206 -1.38079e-005 1.00781 0.00683481 -0.00017703 -4.65739 -2.80412 0.115818 -0.185574 0.265925 0.0386767 -0.470786 0.52328 0.0343641 -1.45957 0.797084 0.0526948 -0.454129 -10.0441 0.192665 17.8936 8.7452 -0.199341 28.5965 -8.87953 -0.476255 10.4846 -31.7222 0.361446 
0.000589061 0.000174813 -1.40939e-005 1.00452 0.0694155 -0.000181662 -4.64341 -2.82637 0.115597 -0.278025 0.196495 0.0414941 -0.523957 0.469964 0.036702 -1.48141 0.756147 0.0523726 -0.434902 -10.045 0.191916 17.8872 8.75742 -0.199213 28.5998 -8.86851 -0.476559 10.4957 -31.721 0.358112 
0.000600715 0.00017948 -1.43842e-005 0.997341 0.131728 -0.000185647 -4.62932 -2.84855 0.115374 -0.343712 0.107853 0.0402954 -0.571228 0.411363 0.0386269 -1.50198 0.714562 0.0520056 -0.415672 -10.0459 0.191166 17.8808 8.76965 -0.199084 28.6031 -8.8575 -0.476863 10.5068 -31.7199 0.354777 
0.000612485 0.00018421 -1.46789e-005 0.986293 0.19353 -0.00018897 -4.61511 -2.87066 0.115149 -0.381226 0.0101458 0.0357777 -0.612073 0.348141 0.0401176 -1.52127 0.672366 0.051594 -0.396441 -10.0468 0.190416 17.8744 8.78186 -0.198956 28.6064 -8.84649 -0.477167 10.5178 -31.7187 0.351443 
0.000624371 0.000189006 -1.4978e-005 0.971406 0.254578 -0.000191615 -4.60079 -2.8927 0.11492 -0.392158 -0.0884408 0.0287531 -0.646044 0.281015 0.041158 -1.53926 0.629594 0.0511383 -0.377209 -10.0476 0.189664 17.8679 8.79408 -0.198827 28.6097 -8.83547 -0.477471 10.5289 -31.7175 0.348109 
0.000636374 0.000193869 -1.52812e-005 0.952728 0.314633 -0.000193573 -4.58635 -2.91467 0.114689 -0.379556 -0.181856 0.0199935 -0.672774 0.210743 0.0417373 -1.55592 0.586283 0.0506388 -0.357975 -10.0484 0.188912 17.8615 8.80628 -0.198698 28.613 -8.82445 -0.477775 10.54 -31.7163 0.344775 
0.000648494 0.000198803 -1.55886e-005 0.930323 0.373457 -0.000194835 -4.57181 -2.93656 0.114454 -0.346983 -0.265817 0.0101741 -0.691982 0.13812 0.0418502 -1.57126 0.54247 0.0500959 -0.338739 -10.0492 0.188159 17.855 8.81849 -0.198569 28.6163 -8.81343 -0.478079 10.5511 -31.7151 0.34144 
0.000660731 0.000203809 -1.59001e-005 0.904269 0.430816 -0.000195394 -4.55715 -2.95839 0.114217 -0.298048 -0.337341 -0.000131763 -0.703476 0.0639592 0.0414969 -1.58524 0.498192 0.04951 -0.319503 -10.0499 0.187406 17.8486 8.83069 -0.19844 28.6196 -8.80242 -0.478382 10.5622 -31.7139 0.338106 
0.000673085 0.000208889 -1.62156e-005 0.874659 0.486481 -0.00019525 -4.54237 -2.98014 0.113977 -0.23622 -0.394366 -0.0104383 -0.707152 -0.0109097 0.0406826 -1.59787 0.453486 0.0488816 -0.300265 -10.0506 0.186652 17.8421 8.84288 -0.198311 28.6229 -8.79139 -0.478686 10.5732 -31.7127 0.334771 
0.000685555 0.000214046 -1.6535e-005 0.841602 0.540227 -0.000194401 -4.52749 -3.00182 0.113735 -0.164794 -0.435459 -0.0203271 -0.702998 -0.0856562 0.0394181 -1.60912 0.40839 0.0482112 -0.281026 -10.0513 0.185897 17.8356 8.85507 -0.198182 28.6262 -8.78037 -0.47899 10.5843 -31.7115 0.331437 
0.000698141 0.000219282 -1.68583e-005 0.80522 0.591838 -0.000192851 -4.5125 -3.02342 0.113489 -0.0869263 -0.459636 -0.0294287 -0.691089 -0.159457 0.037719 -1.61898 0.362943 0.0474992 -0.261786 -10.0519 0.185141 17.8291 8.86726 -0.198053 28.6295 -8.76935 -0.479293 10.5954 -31.7103 0.328102 
0.000710841 0.000224598 -1.71852e-005 0.765651 0.641105 -0.000190605 -4.49739 -3.04495 0.113241 -0.00570863 -0.466243 -0.0374068 -0.671588 -0.231506 0.0356058 -1.62745 0.317183 0.0467464 -0.242545 -10.0524 0.184384 17.8226 8.87944 -0.197923 28.6328 -8.75832 -0.479596 10.6065 -31.7091 0.324768 
0.000723657 0.000229996 -1.75158e-005 0.723043 0.687826 -0.000187672 -4.48217 -3.06641 0.11299 0.0757463 -0.454909 -0.0439459 -0.644741 -0.301024 0.0331033 -1.63451 0.271149 0.0459531 -0.223303 -10.053 0.183627 17.8161 8.89162 -0.197794 28.636 -8.7473 -0.4799 10.6175 -31.7079 0.321433 
0.000736585 0.000235479 -1.785e-005 0.677562 0.731812 -0.000184064 -4.46685 -3.08779 0.112736 0.154206 -0.425541 -0.0487425 -0.610872 -0.367265 0.0302405 -1.64016 0.224881 0.04512 -0.20406 -10.0534 0.182869 17.8096 8.90379 -0.197664 28.6393 -8.73627 -0.480203 10.6286 -31.7067 0.318099 
0.000749625 0.000241048 -1.81875e-005 0.629382 0.772881 -0.000179796 -4.45141 -3.10909 0.112479 0.226215 -0.378392 -0.0515004 -0.57038 -0.429527 0.02705 -1.64438 0.178417 0.0442477 -0.184816 -10.0539 0.182111 17.803 8.91596 -0.197534 28.6426 -8.72524 -0.480506 10.6397 -31.7055 0.314764 
0.000762776 0.000246704 -1.85283e-005 0.578693 0.810865 -0.000174883 -4.43586 -3.13032 0.11222 0.287998 -0.314185 -0.0519327 -0.523733 -0.487158 0.0235678 -1.64717 0.131798 0.0433369 -0.165572 -10.0543 0.181351 17.7965 8.92812 -0.197404 28.6458 -8.71421 -0.480809 10.6507 -31.7043 0.311429 
0.000776036 0.000252449 -1.88722e-005 0.525691 0.845606 -0.000169347 -4.42021 -3.15147 0.111958 0.335388 -0.234345 -0.0497737 -0.471458 -0.53956 0.0198325 -1.64853 0.0850645 0.0423883 -0.146327 -10.0547 0.180591 17.79 8.94028 -0.197274 28.6491 -8.70318 -0.481112 10.6618 -31.703 0.308095 
0.000789403 0.000258284 -1.92191e-005 0.470588 0.876962 -0.000163211 -4.40444 -3.17254 0.111693 0.363823 -0.141361 -0.0448079 -0.41414 -0.586199 0.0158851 -1.64843 0.0382563 0.0414025 -0.127082 -10.055 0.179831 17.7834 8.95244 -0.197144 28.6523 -8.69215 -0.481415 10.6729 -31.7018 0.30476 
0.000802876 0.000264209 -1.95689e-005 0.4136 0.904801 -0.000156498 -4.38857 -3.19354 0.111425 0.36853 -0.0392973 -0.0369292 -0.352411 -0.626603 0.0117687 -1.64689 -0.00858539 0.0403804 -0.107836 -10.0553 0.179069 17.7768 8.96459 -0.197014 28.6556 -8.68111 -0.481718 10.6839 -31.7006 0.301425 
0.000816452 0.000270226 -1.99215e-005 0.354956 0.929009 -0.000149238 -4.37258 -3.21445 0.111154 0.345084 0.0655753 -0.0262426 -0.286942 -0.660373 0.00752745 -1.6439 -0.0554194 0.0393226 -0.0885896 -10.0556 0.178307 17.7703 8.97674 -0.196884 28.6588 -8.67008 -0.482021 10.695 -31.6994 0.29809 
0.000830131 0.000276334 -2.02767e-005 0.294888 0.949485 -0.00014146 -4.35649 -3.23529 0.110881 0.290599 0.164284 -0.0132142 -0.218441 -0.68718 0.00320664 -1.63945 -0.102204 0.03823 -0.069343 -10.0558 0.177544 17.7637 8.98888 -0.196754 28.6621 -8.65904 -0.482324 10.7061 -31.6981 0.294755 
0.000843909 0.000282532 -2.06347e-005 0.233637 0.966143 -0.000133196 -4.3403 -3.25604 0.110605 0.205679 0.245431 0.0011726 -0.147637 -0.706769 -0.00114808 -1.63355 -0.148898 0.0371035 -0.0500962 -10.0559 0.176781 17.7571 9.00102 -0.196623 28.6653 -8.64801 -0.482626 10.7171 -31.6969 0.291421 
0.000857788 0.000288821 -2.09955e-005 0.17145 0.978914 -0.000124481 -4.32399 -3.27672 0.110327 0.0964972 0.297175 0.0153883 -0.0752796 -0.718963 -0.00549103 -1.62618 -0.195459 0.0359438 -0.0308492 -10.0561 0.176017 17.7505 9.01315 -0.196493 28.6686 -8.63697 -0.482929 10.7282 -31.6956 0.288086 
0.000871767 0.000295198 -2.13591e-005 0.108576 0.987746 -0.000115352 -4.30758 -3.29731 0.110045 -0.0247963 0.31106 0.0276312 -0.00212832 -0.72366 -0.00977698 -1.61736 -0.241845 0.0347519 -0.0116021 -10.0562 0.175252 17.7439 9.02528 -0.196362 28.6718 -8.62593 -0.483232 10.7392 -31.6944 0.284751 
0.000885845 0.000301666 -2.17257e-005 0.0452685 0.992601 -0.000105845 -4.29106 -3.31783 0.109761 -0.142956 0.285608 0.0363844 0.0710544 -0.720833 -0.0139616 -1.60708 -0.288013 0.0335287 0.00764498 -10.0562 0.174486 17.7373 9.0374 -0.196231 28.675 -8.61488 -0.483534 10.7503 -31.6931 0.281416 
0.000900024 0.000308225 -2.20952e-005 -0.0182176 0.99346 -9.60026e-005 -4.27444 -3.33826 0.109474 -0.244506 0.226643 0.0408875 0.14351 -0.710531 -0.0180017 -1.59535 -0.333919 0.0322751 0.026892 -10.0563 0.17372 17.7306 9.04952 -0.196101 28.6782 -8.60384 -0.483836 10.7614 -31.6919 0.278081 
0.000914303 0.000314876 -2.24675e-005 -0.0816268 0.990321 -8.58641e-005 -4.25771 -3.35861 0.109185 -0.321055 0.144221 0.0411903 0.214491 -0.692878 -0.0218558 -1.58216 -0.379522 0.0309922 0.0461389 -10.0562 0.172953 17.724 9.06163 -0.19597 28.6814 -8.5928 -0.484139 10.7724 -31.6906 0.274746 
0.000928681 0.00032162 -2.28425e-005 -0.144704 0.983197 -7.54724e-005 -4.24088 -3.37887 0.108893 -0.369518 0.0489553 0.0378745 0.283267 -0.668069 -0.0254847 -1.56753 -0.424778 0.0296809 0.0653856 -10.0562 0.172186 17.7173 9.07374 -0.195839 28.6846 -8.58175 -0.484441 10.7835 -31.6894 0.271411 
0.000943156 0.00032846 -2.32199e-005 -0.207195 0.972119 -6.4871e-005 -4.22394 -3.39906 0.108598 -0.390528 -0.0501243 0.031733 0.349134 -0.636372 -0.028851 -1.55145 -0.469643 0.0283422 0.0846321 -10.0561 0.171417 17.7107 9.08585 -0.195708 28.6879 -8.57071 -0.484743 10.7945 -31.6881 0.268076 
0.000957727 0.000335394 -2.35995e-005 -0.268849 0.957134 -5.41042e-005 -4.20689 -3.41915 0.1083 -0.386708 -0.14616 0.0235647 0.411414 -0.598118 -0.0319206 -1.53394 -0.514074 0.0269774 0.103878 -10.0559 0.170649 17.704 9.09795 -0.195576 28.6911 -8.55966 -0.485045 10.8056 -31.6869 0.26474 
0.000972392 0.000342424 -2.39812e-005 -0.329419 0.938305 -4.32169e-005 -4.18974 -3.43917 0.108 -0.361503 -0.234232 0.0140855 0.469471 -0.553705 -0.0346618 -1.51501 -0.558026 0.0255875 0.123124 -10.0558 0.169879 17.6974 9.11005 -0.195445 28.6943 -8.54861 -0.485347 10.8166 -31.6856 0.261405 
0.000987149 0.00034955 -2.43649e-005 -0.388663 0.915713 -3.22545e-005 -4.17249 -3.4591 0.107697 -0.318536 -0.310903 0.00390739 0.522705 -0.50359 -0.0370466 -1.49465 -0.601456 0.0241736 0.142369 -10.0555 0.169109 17.6907 9.12214 -0.195314 28.6975 -8.53756 -0.485649 10.8277 -31.6843 0.25807 
0.001002 0.000356772 -2.47503e-005 -0.446346 0.889452 -2.12627e-005 -4.15514 -3.47894 0.107391 -0.261343 -0.373791 -0.00645188 0.570568 -0.448286 -0.0390502 -1.47288 -0.644319 0.0227369 0.161613 -10.0553 0.168338 17.684 9.13422 -0.195182 28.7006 -8.52651 -0.485951 10.8387 -31.683 0.254735 
0.00101694 0.000364089 -2.51375e-005 -0.502238 0.859632 -1.0287e-005 -4.13768 -3.49869 0.107083 -0.193286 -0.421245 -0.0165499 0.612562 -0.38836 -0.0406516 -1.44972 -0.686572 0.0212786 0.180857 -10.055 0.167566 17.6773 9.14631 -0.195051 28.7038 -8.51546 -0.486253 10.8498 -31.6818 0.2514 
0.00103196 0.0003715 -2.55262e-005 -0.556118 0.826378 6.27065e-007 -4.12012 -3.51836 0.106772 -0.117568 -0.452124 -0.0260003 0.648246 -0.324423 -0.0418339 -1.42518 -0.728169 0.0198001 0.2001 -10.0547 0.166794 17.6706 9.15839 -0.194919 28.707 -8.5044 -0.486555 10.8608 -31.6805 0.248065 
0.00104708 0.000379006 -2.59165e-005 -0.607776 0.789828 1.14345e-005 -4.10245 -3.53795 0.106458 -0.0372954 -0.465655 -0.0344556 0.677239 -0.257129 -0.042584 -1.39926 -0.769065 0.0183024 0.219343 -10.0543 0.166021 17.6639 9.17046 -0.194787 28.7102 -8.49335 -0.486856 10.8719 -31.6792 0.244729 
0.00106228 0.000386604 -2.63082e-005 -0.657008 0.750134 2.20908e-005 -4.08469 -3.55744 0.106142 0.0444388 -0.461359 -0.0415934 0.699228 -0.187168 -0.0428932 -1.37199 -0.809218 0.0167871 0.238584 -10.0539 0.165248 17.6571 9.18253 -0.194655 28.7134 -8.48229 -0.487158 10.8829 -31.6779 0.241394 
0.00107757 0.000394296 -2.67013e-005 -0.703625 0.70746 3.25523e-005 -4.06682 -3.57685 0.105823 0.124462 -0.439033 -0.0471065 0.713966 -0.11526 -0.0427573 -1.34338 -0.848582 0.0152554 0.257825 -10.0534 0.164474 17.6504 9.19459 -0.194523 28.7165 -8.47123 -0.48746 10.894 -31.6766 0.238059 
0.00109294 0.00040208 -2.70957e-005 -0.747446 0.66198 4.27763e-005 -4.04885 -3.59616 0.105502 0.199418 -0.398783 -0.0506962 0.721277 -0.0421469 -0.0421762 -1.31345 -0.887112 0.0137087 0.277064 -10.0529 0.163699 17.6437 9.20665 -0.194391 28.7197 -8.46017 -0.487761 10.905 -31.6753 0.234723 
0.0011084 0.000409954 -2.74915e-005 -0.788304 0.613882 5.27211e-005 -4.03079 -3.61539 0.105177 0.265671 -0.341125 -0.0520712 0.721061 0.0314101 -0.0411546 -1.28222 -0.924764 0.0121484 0.296303 -10.0524 0.162924 17.6369 9.21871 -0.194259 28.7229 -8.44911 -0.488062 10.916 -31.674 0.231388 
0.00112394 0.000417919 -2.78886e-005 -0.826044 0.563361 6.23465e-005 -4.01262 -3.63453 0.104851 0.319212 -0.267177 -0.0509554 0.713294 0.104641 -0.0397016 -1.24972 -0.961494 0.0105759 0.31554 -10.0518 0.162148 17.6301 9.23076 -0.194127 28.726 -8.43805 -0.488364 10.9271 -31.6727 0.228053 
0.00113956 0.000425973 -2.82869e-005 -0.860526 0.510623 7.16137e-005 -3.99435 -3.65358 0.104521 0.355627 -0.178957 -0.0471085 0.698026 0.176775 -0.0378308 -1.21595 -0.997258 0.00899285 0.334776 -10.0512 0.161371 17.6234 9.2428 -0.193994 28.7292 -8.42699 -0.488665 10.9381 -31.6714 0.224717 
0.00115527 0.000434115 -2.86866e-005 -0.89162 0.455879 8.04855e-005 -3.97598 -3.67253 0.104189 0.370186 -0.079839 -0.0403722 0.67539 0.247042 -0.0355603 -1.18095 -1.03201 0.00740065 0.35401 -10.0506 0.160594 17.6166 9.25484 -0.193862 28.7323 -8.41592 -0.488966 10.9492 -31.6701 0.221382 
0.00117106 0.000442343 -2.90876e-005 -0.919215 0.399349 8.89263e-005 -3.95752 -3.6914 0.103855 0.358226 0.0248455 -0.0307532 0.645592 0.31469 -0.0329124 -1.14475 -1.06571 0.00580086 0.373244 -10.0499 0.159816 17.6098 9.26688 -0.193729 28.7354 -8.40486 -0.489267 10.9602 -31.6688 0.218046 
0.00118693 0.000450657 -2.94901e-005 -0.943212 0.34126 9.69028e-005 -3.93895 -3.71017 0.103518 0.316066 0.127213 -0.0185562 0.60892 0.378985 -0.0299138 -1.10737 -1.09831 0.00419509 0.392475 -10.0492 0.159037 17.603 9.27891 -0.193597 28.7386 -8.39379 -0.489568 10.9712 -31.6675 0.214711 
0.00120289 0.000459053 -2.98942e-005 -0.963525 0.281843 0.000104383 -3.92029 -3.72885 0.103178 0.242671 0.216692 -0.00454684 0.565734 0.439222 -0.0265948 -1.06883 -1.12978 0.00258494 0.411705 -10.0484 0.158258 17.5962 9.29094 -0.193464 28.7417 -8.38273 -0.489869 10.9823 -31.6661 0.211375 
0.00121893 0.000467531 -3.03001e-005 -0.980087 0.22133 0.000111338 -3.90153 -3.74744 0.102836 0.141841 0.281242 0.00994626 0.516468 0.494733 -0.0229898 -1.02918 -1.16005 0.000972057 0.430934 -10.0476 0.157478 17.5894 9.30296 -0.193331 28.7449 -8.37166 -0.49017 10.9933 -31.6648 0.20804 
0.00123506 0.000476089 -3.07082e-005 -0.992843 0.159962 0.000117741 -3.88267 -3.76594 0.102491 0.0235353 0.310562 0.0231721 0.461628 0.544896 -0.0191363 -0.988439 -1.18911 -0.000641873 0.450161 -10.0468 0.156698 17.5826 9.31498 -0.193198 28.748 -8.36059 -0.490471 11.0043 -31.6635 0.204704 
0.00125128 0.000484726 -3.11187e-005 -1.00176 0.0979765 0.000123566 -3.86372 -3.78434 0.102144 -0.0976669 0.300169 0.0334301 0.401784 0.58914 -0.0150753 -0.946643 -1.21689 -0.00225514 0.469386 -10.0459 0.155917 17.5757 9.32699 -0.193065 28.7511 -8.34951 -0.490772 11.0154 -31.6622 0.201369 
0.0012676 0.000493442 -3.15318e-005 -1.0068 0.0356152 0.000128791 -3.84467 -3.80265 0.101794 -0.207038 0.253256 0.0396308 0.337566 0.626956 -0.01085 -0.903829 -1.24337 -0.00386601 0.488609 -10.045 0.155136 17.5689 9.339 -0.192932 28.7542 -8.33844 -0.491072 11.0264 -31.6608 0.198033 
0.00128401 0.000502238 -3.19478e-005 -1.00797 -0.0268811 0.000133396 -3.82552 -3.82086 0.101441 -0.294003 0.178699 0.0415282 0.26966 0.657899 -0.006506 -0.860033 -1.2685 -0.00547272 0.50783 -10.044 0.154353 17.5621 9.35101 -0.192798 28.7573 -8.32737 -0.491373 11.0374 -31.6595 0.194697 
0.00130051 0.000511117 -3.23666e-005 -1.00526 -0.0892724 0.000137363 -3.80628 -3.83898 0.101086 -0.353535 0.0872585 0.0395378 0.198798 0.681601 -0.00209076 -0.815296 -1.29224 -0.00707346 0.52705 -10.043 0.153571 17.5552 9.363 -0.192665 28.7604 -8.31629 -0.491673 11.0484 -31.6582 0.191362 
0.00131712 0.00052008 -3.27883e-005 -0.99871 -0.15132 0.000140677 -3.78694 -3.857 0.100729 -0.385037 -0.0112725 0.0344023 0.125752 0.69777 0.00234721 -0.769657 -1.31455 -0.00866642 0.546267 -10.042 0.152787 17.5483 9.375 -0.192532 28.7635 -8.30522 -0.491974 11.0595 -31.6568 0.188026 
0.00133382 0.000529128 -3.32129e-005 -0.988344 -0.212789 0.000143326 -3.76751 -3.87492 0.100369 -0.390533 -0.109184 0.0269346 0.0513259 0.7062 0.00675874 -0.723159 -1.3354 -0.0102497 0.565482 -10.0409 0.152003 17.5415 9.38699 -0.192398 28.7667 -8.29414 -0.492274 11.0705 -31.6555 0.18469 
0.00135063 0.000538263 -3.36403e-005 -0.974213 -0.273447 0.000145298 -3.74799 -3.89275 0.100006 -0.37325 -0.20085 0.0178885 -0.0236571 0.706769 0.0110946 -0.675846 -1.35474 -0.0118216 0.584695 -10.0398 0.151219 17.5346 9.39897 -0.192265 28.7697 -8.28306 -0.492575 11.0815 -31.6541 0.181355 
0.00136754 0.000547486 -3.40708e-005 -0.956382 -0.333065 0.000146589 -3.72837 -3.91048 0.099641 -0.33679 -0.282308 0.00791674 -0.0983604 0.699448 0.0153061 -0.627766 -1.37255 -0.01338 0.603905 -10.0387 0.150434 17.5277 9.41095 -0.192131 28.7728 -8.27198 -0.492875 11.0925 -31.6528 0.178019 
0.00138455 0.0005568 -3.45042e-005 -0.934927 -0.391421 0.000147191 -3.70866 -3.92811 0.0992735 -0.284743 -0.35081 -0.00242817 -0.171946 0.684299 0.0193458 -0.578964 -1.38878 -0.0149232 0.623113 -10.0375 0.149648 17.5208 9.42293 -0.191997 28.7759 -8.2609 -0.493175 11.1036 -31.6514 0.174683 
0.00140167 0.000566205 -3.49406e-005 -0.909939 -0.448297 0.000147103 -3.68885 -3.94565 0.0989035 -0.220541 -0.404451 -0.0126768 -0.243587 0.661475 0.0231679 -0.529492 -1.40341 -0.0164491 0.642319 -10.0362 0.148862 17.5139 9.4349 -0.191863 28.779 -8.24982 -0.493475 11.1146 -31.6501 0.171348 
0.00141889 0.000575704 -3.53801e-005 -0.88152 -0.503484 0.000146326 -3.66895 -3.96308 0.098531 -0.147443 -0.441912 -0.022423 -0.312472 0.631219 0.0267291 -0.479401 -1.4164 -0.0179558 0.661522 -10.035 0.148075 17.507 9.44687 -0.191729 28.7821 -8.23873 -0.493775 11.1256 -31.6487 0.168012 
0.00143621 0.000585299 -3.58227e-005 -0.849785 -0.556778 0.000144862 -3.64896 -3.98042 0.098156 -0.0685865 -0.462291 -0.0313062 -0.377823 0.593863 0.0299889 -0.428744 -1.42772 -0.0194415 0.680723 -10.0337 0.147287 17.5 9.45883 -0.191595 28.7852 -8.22765 -0.494075 11.1366 -31.6473 0.164676 
0.00145364 0.000594991 -3.62685e-005 -0.81486 -0.607983 0.000142716 -3.62888 -3.99766 0.0977786 0.0129433 -0.465 -0.0389956 -0.438902 0.549824 0.0329106 -0.377575 -1.43734 -0.020904 0.699921 -10.0323 0.146499 17.4931 9.47079 -0.191461 28.7882 -8.21656 -0.494375 11.1476 -31.646 0.16134 
0.00147118 0.000604784 -3.67175e-005 -0.776883 -0.656913 0.000139896 -3.60871 -4.01479 0.0973987 0.094017 -0.449727 -0.0451792 -0.495019 0.499595 0.0354609 -0.325952 -1.44524 -0.0223415 0.719116 -10.0309 0.145711 17.4861 9.48274 -0.191326 28.7913 -8.20548 -0.494675 11.1587 -31.6446 0.158004 
0.00148883 0.000614679 -3.71698e-005 -0.736002 -0.70339 0.000136413 -3.58845 -4.03183 0.0970164 0.171364 -0.41645 -0.0495555 -0.545543 0.443746 0.0376114 -0.273932 -1.45138 -0.023752 0.738308 -10.0295 0.144921 17.4792 9.49468 -0.191192 28.7944 -8.19439 -0.494974 11.1697 -31.6432 0.154669 
0.00150658 0.000624679 -3.76252e-005 -0.692375 -0.747245 0.000132279 -3.5681 -4.04876 0.0966316 0.24147 -0.365507 -0.0518303 -0.58991 0.382908 0.0393382 -0.221577 -1.45575 -0.0251335 0.757497 -10.028 0.144132 17.4722 9.50663 -0.191057 28.7974 -8.1833 -0.495274 11.1807 -31.6418 0.151333 
0.00152444 0.000634787 -3.80839e-005 -0.646168 -0.78832 0.000127509 -3.54766 -4.0656 0.0962445 0.300483 -0.297753 -0.05172 -0.62763 0.317774 0.0406223 -0.168946 -1.45833 -0.026484 0.776684 -10.0265 0.143341 17.4653 9.51856 -0.190923 28.8005 -8.17221 -0.495574 11.1917 -31.6404 0.147997 
0.0015424 0.000645004 -3.85459e-005 -0.597558 -0.826468 0.000122119 -3.52713 -4.08233 0.0958549 0.344145 -0.214807 -0.0489665 -0.65829 0.24908 0.0414503 -0.116103 -1.45909 -0.0278015 0.795867 -10.025 0.142551 17.4583 9.5305 -0.190788 28.8035 -8.16111 -0.495873 11.2027 -31.6391 0.144661 
0.00156047 0.000655334 -3.9011e-005 -0.546728 -0.86155 0.00011613 -3.50651 -4.09896 0.0954629 0.367828 -0.119446 -0.043372 -0.681564 0.177605 0.0418137 -0.0631126 -1.45801 -0.0290842 0.815048 -10.0234 0.141759 17.4513 9.54243 -0.190653 28.8066 -8.15002 -0.496173 11.2137 -31.6377 0.141325 
0.00157864 0.000665779 -3.94794e-005 -0.493869 -0.893443 0.000109562 -3.4858 -4.11548 0.0950685 0.366771 -0.0161582 -0.0348656 -0.697211 0.104153 0.0417099 -0.0100406 -1.45509 -0.0303301 0.834225 -10.0218 0.140967 17.4443 9.55435 -0.190518 28.8096 -8.13893 -0.496472 11.2247 -31.6363 0.137989 
0.00159692 0.00067634 -3.99509e-005 -0.439179 -0.922032 0.000102438 -3.465 -4.1319 0.0946717 0.336752 0.0882326 -0.023616 -0.70508 0.0295496 0.0411414 0.043046 -1.4503 -0.0315372 0.853398 -10.0201 0.140175 17.4373 9.56627 -0.190383 28.8127 -8.12783 -0.496771 11.2357 -31.6349 0.134653 
0.0016153 0.000687019 -4.04257e-005 -0.382862 -0.947215 9.47848e-005 -3.44412 -4.14822 0.0942725 0.275451 0.184162 -0.0101896 -0.705112 -0.045375 0.0401162 0.0960788 -1.44364 -0.0327037 0.872569 -10.0184 0.139382 17.4303 9.57818 -0.190248 28.8157 -8.11673 -0.49707 11.2467 -31.6335 0.131317 
0.00163378 0.000697818 -4.09039e-005 -0.325128 -0.968903 8.6628e-005 -3.42315 -4.16444 0.093871 0.184521 0.259892 0.00430671 -0.697335 -0.119791 0.0386472 0.148989 -1.43511 -0.0338278 0.891736 -10.0167 0.138588 17.4232 9.59009 -0.190113 28.8187 -8.10564 -0.49737 11.2577 -31.6321 0.127981 
0.00165235 0.000708738 -4.13855e-005 -0.266189 -0.987018 7.79968e-005 -3.4021 -4.18054 0.093467 0.0714952 0.303943 0.0182482 -0.681865 -0.192883 0.0367525 0.201705 -1.42469 -0.0349074 0.910899 -10.0149 0.137794 17.4162 9.60199 -0.189978 28.8217 -8.09454 -0.497669 11.2687 -31.6307 0.124645 
0.00167103 0.000719781 -4.18708e-005 -0.206264 -1.0015 6.89216e-005 -3.38096 -4.19655 0.0930608 -0.050442 0.309134 0.0298422 -0.658907 -0.263853 0.0344546 0.254156 -1.41238 -0.035941 0.930059 -10.0131 0.136999 17.4092 9.61389 -0.189843 28.8248 -8.08344 -0.497968 11.2797 -31.6293 0.121309 
0.00168981 0.000730949 -4.23598e-005 -0.145573 -1.01229 5.94343e-005 -3.35973 -4.21245 0.0926522 -0.166006 0.275684 0.0377063 -0.628743 -0.331939 0.0317804 0.30627 -1.3982 -0.0369267 0.949216 -10.0113 0.136204 17.4021 9.62579 -0.189707 28.8278 -8.07234 -0.498267 11.2908 -31.6279 0.117973 
0.00170869 0.000742245 -4.28525e-005 -0.0843407 -1.01935 4.95683e-005 -3.33842 -4.22824 0.0922412 -0.26264 0.210675 0.0412668 -0.591733 -0.396413 0.0287607 0.357975 -1.38213 -0.0378628 0.968368 -10.0094 0.135408 17.3951 9.63768 -0.189572 28.8308 -8.06123 -0.498565 11.3018 -31.6264 0.114637 
0.00172766 0.000753672 -4.33488e-005 -0.0227915 -1.02266 3.93582e-005 -3.31703 -4.24392 0.091828 -0.333177 0.124568 0.0407188 -0.548311 -0.456596 0.0254297 0.409198 -1.36419 -0.0387477 0.987517 -10.0074 0.134612 17.388 9.64956 -0.189436 28.8338 -8.05013 -0.498864 11.3128 -31.625 0.111301 
0.00174674 0.000765235 -4.38485e-005 0.0388481 -1.0222 2.88398e-005 -3.29555 -4.2595 0.0914124 -0.375501 0.0277606 0.0367149 -0.498973 -0.511861 0.0218247 0.459864 -1.34439 -0.0395798 1.00666 -10.0055 0.133815 17.3809 9.66144 -0.1893 28.8368 -8.03902 -0.499163 11.3237 -31.6236 0.107965 
0.0017659 0.000776935 -4.43514e-005 0.100351 -1.01798 1.80503e-005 -3.27399 -4.27497 0.0909945 -0.390816 -0.0711762 0.0300633 -0.444274 -0.561639 0.0179855 0.5099 -1.32274 -0.0403575 1.0258 -10.0034 0.133018 17.3738 9.67332 -0.189164 28.8398 -8.02792 -0.499462 11.3347 -31.6222 0.104629 
0.00178516 0.000788776 -4.48573e-005 0.161492 -1.01001 7.02737e-006 -3.25234 -4.29033 0.0905743 -0.382008 -0.165838 0.0215497 -0.384823 -0.605426 0.0139543 0.559233 -1.29926 -0.0410795 1.04494 -10.0014 0.13222 17.3667 9.68519 -0.189028 28.8428 -8.01681 -0.49976 11.3457 -31.6207 0.101293 
0.0018045 0.000800758 -4.53659e-005 0.222044 -0.998319 -4.18998e-006 -3.23061 -4.30559 0.0901518 -0.352602 -0.25167 0.011868 -0.321271 -0.642784 0.00977455 0.60779 -1.27396 -0.0417443 1.06407 -9.99931 0.131422 17.3596 9.69705 -0.188892 28.8458 -8.0057 -0.500059 11.3567 -31.6193 0.0979571 
0.00182392 0.000812884 -4.58772e-005 0.281785 -0.982944 -1.55622e-005 -3.20881 -4.32073 0.089727 -0.306222 -0.325497 0.00160849 -0.254308 -0.673346 0.00549109 0.655496 -1.24689 -0.0423507 1.0832 -9.99719 0.130623 17.3525 9.70891 -0.188756 28.8488 -7.99459 -0.500357 11.3677 -31.6179 0.094621 
0.00184343 0.000825155 -4.63909e-005 0.340493 -0.963941 -2.7049e-005 -3.18692 -4.33577 0.0893 -0.246368 -0.385125 -0.0087292 -0.18465 -0.69682 0.00114937 0.70228 -1.21805 -0.0428973 1.10233 -9.99502 0.129824 17.3454 9.72077 -0.18862 28.8518 -7.98348 -0.500655 11.3787 -31.6164 0.0912849 
0.00186301 0.000837572 -4.69069e-005 0.397951 -0.941375 -3.86098e-005 -3.16495 -4.3507 0.0888707 -0.176366 -0.42903 -0.0187166 -0.113039 -0.712986 -0.0032049 0.748071 -1.18748 -0.0433831 1.12145 -9.99282 0.129024 17.3383 9.73262 -0.188484 28.8547 -7.97237 -0.500954 11.3897 -31.615 0.0879488 
0.00188267 0.000850135 -4.74249e-005 0.453945 -0.915327 -5.02032e-005 -3.1429 -4.36551 0.0884391 -0.0993916 -0.456164 -0.0279773 -0.0402283 -0.721703 -0.00752624 0.792796 -1.15521 -0.0438072 1.14056 -9.99058 0.128224 17.3311 9.74446 -0.188347 28.8577 -7.96125 -0.501252 11.4007 -31.6136 0.0846127 
0.00190239 0.000862845 -4.79449e-005 0.508266 -0.885888 -6.1788e-005 -3.12077 -4.38022 0.0880053 -0.0185402 -0.465824 -0.0361706 0.0330207 -0.722905 -0.0117698 0.836387 -1.12129 -0.0441684 1.15967 -9.98829 0.127423 17.324 9.7563 -0.188211 28.8607 -7.95014 -0.50155 11.4117 -31.6121 0.0812766 
0.00192219 0.000875702 -4.84666e-005 0.56071 -0.853162 -7.33223e-005 -3.09856 -4.39481 0.0875693 0.0630873 -0.457593 -0.0429785 0.105947 -0.7166 -0.0158918 0.878775 -1.08576 -0.044466 1.17878 -9.98597 0.126621 17.3168 9.76814 -0.188074 28.8636 -7.93902 -0.501848 11.4227 -31.6107 0.0779405 
0.00194204 0.000888706 -4.899e-005 0.61108 -0.817265 -8.47646e-005 -3.07627 -4.40929 0.0871311 0.142289 -0.431331 -0.048096 0.177798 -0.702873 -0.0198499 0.919893 -1.04864 -0.0446993 1.19788 -9.98362 0.12582 17.3097 9.77997 -0.187937 28.8666 -7.92791 -0.502146 11.4337 -31.6092 0.0746044 
0.00196196 0.000901856 -4.95148e-005 0.659185 -0.778325 -9.60732e-005 -3.0539 -4.42366 0.0866906 0.215658 -0.387224 -0.0512264 0.247834 -0.681882 -0.0236037 0.959677 -1.01001 -0.0448677 1.21698 -9.98122 0.125017 17.3025 9.7918 -0.187801 28.8696 -7.91679 -0.502444 11.4446 -31.6077 0.0712682 
0.00198193 0.000915152 -5.00409e-005 0.70484 -0.736482 -0.000107207 -3.03146 -4.43792 0.086248 0.279486 -0.325899 -0.0520809 0.315336 -0.653855 -0.0271147 0.998062 -0.969893 -0.0449707 1.23607 -9.97878 0.124214 17.2953 9.80362 -0.187664 28.8725 -7.90567 -0.502742 11.4556 -31.6063 0.0679321 
0.00200196 0.000928592 -5.05682e-005 0.747873 -0.691887 -0.000118124 -3.00894 -4.45207 0.0858031 0.32968 -0.248639 -0.0503889 0.379613 -0.619089 -0.0303472 1.03499 -0.928358 -0.0450078 1.25516 -9.97631 0.123411 17.2881 9.81543 -0.187527 28.8755 -7.89455 -0.503039 11.4666 -31.6048 0.0645959 
0.00202203 0.000942176 -5.10966e-005 0.788114 -0.644699 -0.000128784 -2.98634 -4.4661 0.0853561 0.361743 -0.157711 -0.0459232 0.440007 -0.577947 -0.0332681 1.0704 -0.885458 -0.0449789 1.27424 -9.97379 0.122607 17.2809 9.82725 -0.18739 28.8784 -7.88343 -0.503337 11.4776 -31.6033 0.0612598 
0.00204215 0.000955902 -5.1626e-005 0.825409 -0.595091 -0.000139146 -2.96367 -4.48002 0.0849069 0.370917 -0.0568572 -0.0385524 0.495899 -0.530855 -0.0358475 1.10423 -0.841253 -0.0448838 1.29332 -9.97124 0.121803 17.2737 9.83905 -0.187252 28.8813 -7.8723 -0.503635 11.4886 -31.6019 0.0579236 
0.00206232 0.000969768 -5.21563e-005 0.85961 -0.543242 -0.000149172 -2.94092 -4.49383 0.0844555 0.352651 0.0480853 -0.0283349 0.546713 -0.478294 -0.0380589 1.13644 -0.795804 -0.0447225 1.31239 -9.96865 0.120998 17.2665 9.85085 -0.187115 28.8843 -7.86118 -0.503932 11.4996 -31.6004 0.0545874 
0.00208253 0.00098377 -5.26875e-005 0.89058 -0.489344 -0.000158822 -2.9181 -4.50752 0.084002 0.303667 0.148633 -0.0156608 0.591924 -0.420804 -0.0398793 1.16697 -0.749176 -0.0444951 1.33146 -9.96602 0.120193 17.2593 9.86265 -0.186978 28.8872 -7.85006 -0.50423 11.5105 -31.5989 0.0512512 
0.00210278 0.000997908 -5.32196e-005 0.918196 -0.433594 -0.00016806 -2.8952 -4.52109 0.0835464 0.223789 0.23373 -0.00141454 0.63106 -0.358969 -0.0412895 1.19577 -0.701436 -0.0442018 1.35052 -9.96335 0.119388 17.252 9.87444 -0.18684 28.8901 -7.83893 -0.504527 11.5215 -31.5974 0.0479151 
0.00212306 0.00101218 -5.37528e-005 0.942343 -0.376199 -0.000176849 -2.87223 -4.53455 0.0830886 0.118106 0.29137 0.0129604 0.663708 -0.293422 -0.0422743 1.2228 -0.652655 -0.043843 1.36958 -9.96064 0.118581 17.2448 9.88623 -0.186703 28.8931 -7.8278 -0.504824 11.5325 -31.596 0.0445789 
0.00214339 0.00102657 -5.42872e-005 0.962921 -0.317372 -0.000185155 -2.84919 -4.5479 0.0826287 -0.00216375 0.312185 0.0256736 0.689519 -0.224833 -0.0428227 1.24802 -0.602903 -0.0434192 1.38863 -9.95789 0.117775 17.2375 9.89801 -0.186565 28.896 -7.81667 -0.505121 11.5435 -31.5945 0.0412427 
0.00216375 0.00104109 -5.4823e-005 0.979843 -0.257333 -0.000192948 -2.82607 -4.56113 0.0821667 -0.121967 0.29333 0.0351142 0.708209 -0.153904 -0.042928 1.27139 -0.552254 -0.042931 1.40768 -9.95511 0.116968 17.2303 9.90979 -0.186427 28.8989 -7.80554 -0.505419 11.5544 -31.593 0.0379065 
0.00218415 0.00105574 -5.53603e-005 0.993034 -0.196308 -0.000200199 -2.80288 -4.57424 0.0817026 -0.227181 0.239514 0.0403719 0.719564 -0.0813655 -0.0425879 1.29287 -0.500784 -0.0423791 1.42672 -9.95228 0.11616 17.223 9.92156 -0.18629 28.9018 -7.79441 -0.505716 11.5654 -31.5915 0.0345703 
0.00220459 0.00107051 -5.58991e-005 1.00243 -0.134528 -0.000206881 -2.77962 -4.58724 0.0812364 -0.308424 0.160351 0.04137 0.723442 -0.00796881 -0.0418045 1.31244 -0.448568 -0.0417644 1.44576 -9.94942 0.115352 17.2157 9.93332 -0.186152 28.9047 -7.78328 -0.506013 11.5764 -31.59 0.0312341 
0.00222507 0.0010854 -5.64394e-005 1.00799 -0.0722277 -0.000212971 -2.75629 -4.60012 0.0807681 -0.361777 0.0665816 0.0386237 0.719777 0.0655218 -0.0405845 1.33006 -0.395686 -0.0410879 1.46479 -9.94652 0.114544 17.2084 9.94509 -0.186014 28.9076 -7.77215 -0.50631 11.5873 -31.5885 0.0278979 
0.00224558 0.00110041 -5.6981e-005 1.00968 -0.00964521 -0.000218448 -2.73289 -4.61288 0.0802978 -0.387367 -0.0324062 0.032909 0.708578 0.138335 -0.038939 1.34572 -0.342217 -0.0403505 1.48381 -9.94358 0.113735 17.2012 9.95684 -0.185876 28.9105 -7.76101 -0.506606 11.5983 -31.587 0.0245617 
0.00226613 0.00111554 -5.7524e-005 1.00749 0.0529787 -0.000223293 -2.70941 -4.62552 0.0798254 -0.387581 -0.129376 0.0250339 0.689934 0.209701 -0.0368835 1.35939 -0.288239 -0.0395536 1.50283 -9.9406 0.112926 17.1939 9.96859 -0.185737 28.9134 -7.74988 -0.506903 11.6093 -31.5855 0.0212255 
0.00228672 0.00113079 -5.80682e-005 1.0014 0.115402 -0.00022749 -2.68587 -4.63804 0.0793509 -0.365786 -0.219102 0.0157322 0.664009 0.278858 -0.0344382 1.37106 -0.233835 -0.0386984 1.52184 -9.93758 0.112116 17.1865 9.98034 -0.185599 28.9163 -7.73874 -0.5072 11.6202 -31.584 0.0178893 
0.00230734 0.00114616 -5.86136e-005 0.991434 0.177382 -0.000231025 -2.66226 -4.65045 0.0788744 -0.325607 -0.297926 0.00563385 0.631046 0.345061 -0.0316272 1.38072 -0.179085 -0.0377863 1.54085 -9.93453 0.111306 17.1792 9.99208 -0.185461 28.9192 -7.7276 -0.507497 11.6312 -31.5824 0.014553 
0.002328 0.00116164 -5.91602e-005 0.977621 0.238675 -0.000233884 -2.63858 -4.66274 0.078396 -0.270608 -0.363311 -0.00472807 0.591366 0.407588 -0.028479 1.38835 -0.124071 -0.0368188 1.55985 -9.93143 0.110495 17.1719 10.0038 -0.185322 28.9221 -7.71647 -0.507793 11.6422 -31.5809 0.0112168 
0.0023487 0.00117723 -5.97081e-005 0.960002 0.299042 -0.00023606 -2.61484 -4.6749 0.0779154 -0.204183 -0.413502 -0.0148997 0.545361 0.465751 -0.0250256 1.39395 -0.0688728 -0.0357975 1.57884 -9.9283 0.109684 17.1646 10.0156 -0.185184 28.9249 -7.70533 -0.50809 11.6531 -31.5794 0.0078806 
0.00236943 0.00119293 -6.02572e-005 0.938636 0.358244 -0.000237544 -2.59102 -4.68695 0.0774329 -0.12956 -0.447283 -0.0244864 0.493499 0.518901 -0.0213029 1.39753 -0.0135728 -0.0347242 1.59783 -9.92512 0.108873 17.1572 10.0273 -0.185045 28.9278 -7.69418 -0.508386 11.6641 -31.5779 0.00454438 
0.00239019 0.00120874 -6.08076e-005 0.913598 0.416045 -0.000238332 -2.56714 -4.69888 0.0769484 -0.0498576 -0.46383 -0.0331353 0.436314 0.566439 -0.01735 1.39907 0.0417486 -0.0336005 1.61681 -9.92191 0.108061 17.1499 10.039 -0.184906 28.9307 -7.68304 -0.508682 11.6751 -31.5764 0.00120816 
0.002411 0.00122466 -6.13594e-005 0.884977 0.472215 -0.000238421 -2.5432 -4.71068 0.076462 0.0318375 -0.462617 -0.0405209 0.374404 0.607821 -0.0132088 1.3986 0.0970114 -0.0324283 1.63579 -9.91866 0.107249 17.1425 10.0507 -0.184767 28.9335 -7.6719 -0.508979 11.686 -31.5748 -0.00212806 
0.00243184 0.00124069 -6.19126e-005 0.852877 0.526528 -0.000237813 -2.51918 -4.72237 0.0759735 0.112375 -0.443395 -0.0463342 0.308424 0.642565 -0.00892379 1.39612 0.152136 -0.0312095 1.65476 -9.91538 0.106436 17.1351 10.0624 -0.184628 28.9364 -7.66075 -0.509275 11.697 -31.5733 -0.00546427 
0.00245273 0.00125682 -6.24672e-005 0.817417 0.578766 -0.00023651 -2.49511 -4.73393 0.0754831 0.188441 -0.406213 -0.0502756 0.239081 0.670261 -0.00454143 1.39165 0.207045 -0.0299461 1.67372 -9.91205 0.105623 17.1277 10.0741 -0.184489 28.9392 -7.64961 -0.509571 11.7079 -31.5718 -0.00880049 
0.00247365 0.00127305 -6.30235e-005 0.77873 0.628716 -0.000234519 -2.47097 -4.74537 0.0749908 0.256458 -0.351507 -0.0520529 0.167127 0.690572 -0.000109662 1.38519 0.261661 -0.0286402 1.69267 -9.90868 0.104809 17.1203 10.0858 -0.18435 28.9421 -7.63846 -0.509867 11.7189 -31.5702 -0.0121367 
0.00249462 0.00128938 -6.35813e-005 0.736961 0.676177 -0.000231849 -2.44676 -4.75669 0.0744965 0.31249 -0.280272 -0.0513865 0.0933498 0.703246 0.00432259 1.37678 0.315908 -0.0272938 1.71162 -9.90528 0.103996 17.1129 10.0975 -0.184211 28.9449 -7.62731 -0.510163 11.7298 -31.5687 -0.0154729 
0.00251563 0.00130582 -6.41409e-005 0.692273 0.720953 -0.00022851 -2.4225 -4.76789 0.0740004 0.352196 -0.19434 -0.0480279 0.0185621 0.708112 0.00870604 1.36644 0.369713 -0.025909 1.73057 -9.90184 0.103181 17.1055 10.1092 -0.184072 28.9478 -7.61616 -0.510459 11.7408 -31.5671 -0.0188091 
0.00253668 0.00132235 -6.47022e-005 0.644836 0.762862 -0.000224518 -2.39817 -4.77896 0.0735023 0.370888 -0.0968083 -0.0417997 -0.0564042 0.705091 0.0129916 1.35418 0.423002 -0.0244881 1.7495 -9.89836 0.102366 17.0981 10.1209 -0.183932 28.9506 -7.60501 -0.510754 11.7517 -31.5656 -0.0221454 
0.00255779 0.00133899 -6.52655e-005 0.594835 0.801732 -0.00021989 -2.37378 -4.78991 0.0730023 0.363849 0.00738523 -0.0326718 -0.130711 0.694195 0.017131 1.34005 0.475704 -0.0230333 1.76843 -9.89484 0.101551 17.0907 10.1326 -0.183793 28.9535 -7.59386 -0.51105 11.7627 -31.564 -0.0254816 
0.00257894 0.00135572 -6.58308e-005 0.542467 0.837402 -0.000214645 -2.34932 -4.80074 0.0725004 0.327126 0.110839 -0.0208848 -0.203521 0.675525 0.0210775 1.32406 0.527752 -0.0215467 1.78735 -9.89128 0.100736 17.0833 10.1443 -0.183653 28.9563 -7.58271 -0.511346 11.7736 -31.5625 -0.0288178 
0.00260014 0.00137256 -6.63983e-005 0.487937 0.869724 -0.000208806 -2.32481 -4.81144 0.0719966 0.259067 0.203418 -0.00711232 -0.274015 0.649276 0.0247863 1.30627 0.579078 -0.0200306 1.80627 -9.88768 0.0999198 17.0758 10.1559 -0.183514 28.9591 -7.57156 -0.511641 11.7846 -31.5609 -0.032154 
0.00262139 0.00138949 -6.69682e-005 0.431462 0.898566 -0.000202397 -2.30024 -4.82202 0.071491 0.162475 0.273162 0.00741502 -0.341394 0.615732 0.0282152 1.2867 0.629618 -0.0184874 1.82518 -9.88405 0.0991035 17.0684 10.1676 -0.183374 28.9619 -7.5604 -0.511937 11.7955 -31.5593 -0.0354902 
0.0026427 0.00140651 -6.75409e-005 0.373266 0.923807 -0.000195447 -2.2756 -4.83248 0.0709836 0.0462394 0.309156 0.0209941 -0.404896 0.575264 0.0313254 1.2654 0.67931 -0.0169193 1.84408 -9.88037 0.0982868 17.0609 10.1793 -0.183234 28.9647 -7.54925 -0.512232 11.8065 -31.5578 -0.0388264 
0.00266406 0.00142364 -6.81166e-005 0.31358 0.945342 -0.000187984 -2.25091 -4.84281 0.0704743 -0.0755955 0.305656 0.0318708 -0.463801 0.528324 0.0340815 1.24241 0.728092 -0.0153286 1.86297 -9.87666 0.0974697 17.0535 10.1909 -0.183094 28.9676 -7.53809 -0.512528 11.8174 -31.5562 -0.0421626 
0.00268549 0.00144086 -6.86956e-005 0.252645 0.963082 -0.000180041 -2.22616 -4.85301 0.0699631 -0.187952 0.264556 0.0388178 -0.517446 0.475442 0.0364525 1.21776 0.775908 -0.0137176 1.88186 -9.87291 0.0966523 17.046 10.2026 -0.182954 28.9704 -7.52693 -0.512823 11.8284 -31.5546 -0.0454988 
0.00270699 0.00145818 -6.92779e-005 0.190704 0.976954 -0.000171652 -2.20135 -4.86309 0.0694502 -0.279326 0.194012 0.0414456 -0.565229 0.417217 0.0384119 1.19152 0.822703 -0.0120886 1.90074 -9.86912 0.0958344 17.0385 10.2142 -0.182814 28.9732 -7.51577 -0.513118 11.8393 -31.5531 -0.0488349 
0.00272855 0.00147561 -6.98635e-005 0.128007 0.986899 -0.000162852 -2.17649 -4.87304 0.0689354 -0.343755 0.104724 0.0400786 -0.606616 0.35431 0.039938 1.16371 0.868423 -0.0104439 1.91961 -9.8653 0.0950162 17.031 10.2258 -0.182673 28.976 -7.50461 -0.513413 11.8503 -31.5515 -0.0521711 
0.00275018 0.00149315 -7.04524e-005 0.0648052 0.992876 -0.000153679 -2.15156 -4.88286 0.0684189 -0.380005 0.00678696 0.035426 -0.641153 0.287436 0.0410142 1.13441 0.913018 -0.00878571 1.93847 -9.86143 0.0941976 17.0235 10.2375 -0.182533 28.9788 -7.49345 -0.513708 11.8612 -31.5499 -0.0555073 
0.00277189 0.00151079 -7.10445e-005 0.00135358 0.994862 -0.000144173 -2.12659 -4.89256 0.0679006 -0.389768 -0.0917008 0.028302 -0.668465 0.217353 0.0416295 1.10364 0.95644 -0.00711629 1.95733 -9.85753 0.0933787 17.016 10.2491 -0.182393 28.9816 -7.48229 -0.514003 11.8721 -31.5483 -0.0588435 
0.00279366 0.00152855 -7.16398e-005 -0.0620923 0.992848 -0.000134374 -2.10155 -4.90213 0.0673805 -0.376144 -0.184773 0.0194763 -0.688264 0.144854 0.041778 1.07147 0.998645 -0.00543788 1.97618 -9.85358 0.0925593 17.0085 10.2607 -0.182252 28.9843 -7.47113 -0.514298 11.8831 -31.5467 -0.0621796 
0.0028155 0.00154643 -7.2238e-005 -0.125277 0.986845 -0.000124323 -2.07647 -4.91158 0.0668587 -0.342713 -0.268214 0.00962021 -0.700351 0.0707547 0.0414595 1.03795 1.03959 -0.00375269 1.99502 -9.8496 0.0917397 17.0009 10.2724 -0.182112 28.9871 -7.45996 -0.514593 11.894 -31.5451 -0.0655158 
0.00283742 0.00156442 -7.28392e-005 -0.187946 0.976877 -0.000114065 -2.05133 -4.9209 0.0663351 -0.293087 -0.339096 -0.000697071 -0.704616 -0.00411502 0.040679 1.00313 1.07923 -0.00206288 2.01385 -9.84558 0.0909196 16.9934 10.284 -0.181971 28.9899 -7.4488 -0.514888 11.9049 -31.5435 -0.0688519 
0.0028594 0.00158254 -7.34432e-005 -0.249849 0.962988 -0.000103642 -2.02613 -4.93008 0.0658098 -0.23073 -0.395392 -0.0109931 -0.701041 -0.0789225 0.0394468 0.967074 1.11754 -0.000370597 2.03268 -9.84153 0.0900992 16.9859 10.2956 -0.18183 28.9927 -7.43763 -0.515182 11.9159 -31.5419 -0.0721881 
0.00288146 0.00160078 -7.405e-005 -0.310736 0.945236 -9.30996e-005 -2.00088 -4.93914 0.0652828 -0.158933 -0.435699 -0.0208523 -0.689695 -0.152842 0.0377784 0.929827 1.15447 0.00132206 2.0515 -9.83743 0.0892785 16.9783 10.3072 -0.181689 28.9954 -7.42646 -0.515477 11.9268 -31.5403 -0.0755242 
0.00290358 0.00161915 -7.46593e-005 -0.370364 0.923697 -8.24819e-005 -1.97558 -4.94808 0.0647541 -0.0808478 -0.459055 -0.0299074 -0.670737 -0.225064 0.0356938 0.891451 1.19 0.00301301 2.07031 -9.8333 0.0884574 16.9708 10.3188 -0.181548 28.9982 -7.41529 -0.515772 11.9377 -31.5387 -0.0788603 
0.00292577 0.00163764 -7.52712e-005 -0.428495 0.898461 -7.18341e-005 -1.95023 -4.95688 0.0642237 0.000437067 -0.464823 -0.0378239 -0.644406 -0.294807 0.0332179 0.852 1.22409 0.00470024 2.08911 -9.82912 0.087636 16.9632 10.3304 -0.181407 29.001 -7.40412 -0.516066 11.9487 -31.5371 -0.0821965 
0.00294804 0.00165627 -7.58855e-005 -0.4849 0.869635 -6.12014e-005 -1.92483 -4.96555 0.0636917 0.0818076 -0.452648 -0.0442873 -0.611024 -0.361321 0.0303792 0.811533 1.25671 0.00638176 2.1079 -9.82491 0.0868142 16.9556 10.342 -0.181266 29.0037 -7.39295 -0.51636 11.9596 -31.5355 -0.0855326 
0.00297036 0.00167503 -7.65021e-005 -0.539354 0.837338 -5.06288e-005 -1.89938 -4.97409 0.0631579 0.160027 -0.422456 -0.0489951 -0.570986 -0.423901 0.0272104 0.770107 1.28785 0.00805561 2.12669 -9.82066 0.0859921 16.948 10.3535 -0.181125 29.0065 -7.38178 -0.516655 11.9705 -31.5339 -0.0888687 
0.00299276 0.00169393 -7.71208e-005 -0.591643 0.801706 -4.01607e-005 -1.87388 -4.98251 0.0626225 0.231633 -0.374518 -0.0516523 -0.524755 -0.48189 0.0237471 0.727779 1.31748 0.00971992 2.14546 -9.81638 0.0851696 16.9404 10.3651 -0.180983 29.0092 -7.37061 -0.516949 11.9814 -31.5323 -0.0922048 
0.00301521 0.00171297 -7.77414e-005 -0.641563 0.762887 -2.98412e-005 -1.84832 -4.99079 0.0620855 0.29284 -0.309582 -0.0519731 -0.472857 -0.534688 0.0200281 0.684607 1.34557 0.0113728 2.16423 -9.81205 0.0843469 16.9328 10.3767 -0.180842 29.012 -7.35943 -0.517243 11.9924 -31.5306 -0.0955409 
0.00303773 0.00173215 -7.8364e-005 -0.68892 0.72104 -1.97135e-005 -1.82272 -4.99894 0.0615468 0.339469 -0.229113 -0.0496935 -0.415874 -0.581755 0.0160941 0.640648 1.37211 0.0130125 2.18299 -9.80769 0.0835238 16.9252 10.3883 -0.1807 29.0147 -7.34826 -0.517537 12.0033 -31.529 -0.0988769 
0.0030603 0.00175147 -7.89882e-005 -0.73353 0.676338 -9.81984e-006 -1.79708 -5.00697 0.0610066 0.366949 -0.135651 -0.0446019 -0.354436 -0.622616 0.0119881 0.595961 1.39709 0.0146372 2.20174 -9.80328 0.0827003 16.9176 10.3998 -0.180559 29.0174 -7.33708 -0.517831 12.0142 -31.5274 -0.102213 
0.00308294 0.00177094 -7.9614e-005 -0.775223 0.628965 -2.01432e-007 -1.77138 -5.01486 0.0604647 0.370513 -0.033336 -0.0365987 -0.289212 -0.656868 0.00775437 0.550602 1.42049 0.0162453 2.22049 -9.79884 0.0818766 16.91 10.4114 -0.180417 29.0202 -7.3259 -0.518125 12.0251 -31.5258 -0.105549 
0.00310562 0.00179055 -8.02412e-005 -0.81384 0.579113 9.10187e-006 -1.74564 -5.02262 0.0599213 0.345774 0.0714609 -0.0258004 -0.220907 -0.684178 0.00343801 0.504628 1.44229 0.0178351 2.23922 -9.79437 0.0810525 16.9023 10.4229 -0.180275 29.0229 -7.31472 -0.518419 12.0361 -31.5241 -0.108885 
0.00312836 0.0018103 -8.08699e-005 -0.849236 0.526985 1.80516e-005 -1.71985 -5.03024 0.0593762 0.289945 0.169657 -0.0126913 -0.15025 -0.704288 -0.000915317 0.458096 1.4625 0.0194049 2.25795 -9.78985 0.0802281 16.8947 10.4345 -0.180133 29.0256 -7.30354 -0.518712 12.047 -31.5225 -0.112221 
0.00315115 0.0018302 -8.14999e-005 -0.881281 0.472792 2.66111e-005 -1.69402 -5.03774 0.0588297 0.203819 0.249785 0.00172236 -0.0779892 -0.717016 -0.00525994 0.411063 1.48109 0.0209532 2.27666 -9.78529 0.0794034 16.887 10.446 -0.179991 29.0283 -7.29236 -0.519006 12.0579 -31.5208 -0.115557 
0.00317399 0.00185025 -8.21314e-005 -0.909856 0.416751 3.47451e-005 -1.66815 -5.0451 0.0582815 0.0938231 0.300052 0.0158915 -0.00488254 -0.722254 -0.00955064 0.363584 1.49807 0.0224786 2.29537 -9.7807 0.0785784 16.8794 10.4576 -0.179849 29.0311 -7.28118 -0.5193 12.0688 -31.5192 -0.118893 
0.00319688 0.00187043 -8.27645e-005 -0.934859 0.359087 4.24205e-005 -1.64223 -5.05233 0.0577319 -0.0276764 0.312221 0.0280129 0.0683081 -0.719972 -0.013743 0.315715 1.51342 0.0239796 2.31407 -9.77607 0.0777531 16.8717 10.4691 -0.179707 29.0338 -7.27 -0.519593 12.0797 -31.5176 -0.122229 
0.00321981 0.00189077 -8.33991e-005 -0.956201 0.300029 4.96059e-005 -1.61626 -5.05943 0.0571807 -0.145394 0.285139 0.0365921 0.140825 -0.710216 -0.017794 0.267511 1.52716 0.0254547 2.33276 -9.7714 0.0769275 16.864 10.4806 -0.179565 29.0365 -7.25881 -0.519887 12.0906 -31.5159 -0.125565 
0.00324279 0.00191125 -8.40354e-005 -0.97381 0.239811 5.62724e-005 -1.59026 -5.06639 0.056628 -0.246005 0.224893 0.0409041 0.21192 -0.693104 -0.021662 0.219025 1.53927 0.0269027 2.35144 -9.76669 0.0761015 16.8563 10.4921 -0.179423 29.0392 -7.24763 -0.52018 12.1015 -31.5143 -0.128901 
0.00326582 0.00193188 -8.4673e-005 -0.987626 0.17867 6.23929e-005 -1.56421 -5.07323 0.0560738 -0.321348 0.141648 0.0410288 0.280865 -0.668828 -0.0253076 0.170311 1.54976 0.0283222 2.37011 -9.76195 0.0752753 16.8486 10.5036 -0.17928 29.0419 -7.23644 -0.520473 12.1125 -31.5126 -0.132237 
0.00328889 0.00195266 -8.5312e-005 -0.997608 0.116844 6.79427e-005 -1.53812 -5.07992 0.0555181 -0.36854 0.0459995 0.0375647 0.346952 -0.637647 -0.0286935 0.121423 1.55863 0.0297121 2.38877 -9.75716 0.0744488 16.8409 10.5151 -0.179138 29.0446 -7.22526 -0.520767 12.1234 -31.5109 -0.135573 
0.003312 0.00197359 -8.59521e-005 -1.00373 0.0545757 7.28995e-005 -1.51199 -5.08649 0.054961 -0.38834 -0.0531012 0.0313102 0.409506 -0.599891 -0.0317854 0.0724124 1.56589 0.031071 2.40742 -9.75234 0.073622 16.8332 10.5267 -0.178995 29.0472 -7.21407 -0.52106 12.1343 -31.5093 -0.138909 
0.00333515 0.00199467 -8.6593e-005 -1.00597 -0.00789545 7.72434e-005 -1.48582 -5.09292 0.0544024 -0.383441 -0.148883 0.0230631 0.467886 -0.555951 -0.0345515 0.0233304 1.57154 0.0323979 2.42607 -9.74748 0.0727949 16.8255 10.5382 -0.178852 29.0499 -7.20288 -0.521353 12.1452 -31.5076 -0.142245 
0.00335834 0.00201591 -8.72348e-005 -1.00434 -0.0703286 8.0957e-005 -1.45961 -5.09921 0.0538424 -0.357313 -0.236501 0.0135358 0.521495 -0.506279 -0.0369636 -0.0257721 1.57559 0.0336916 2.4447 -9.74258 0.0719675 16.8177 10.5496 -0.178709 29.0526 -7.19169 -0.521646 12.1561 -31.5059 -0.145581 
0.00338156 0.00203729 -8.7877e-005 -0.998852 -0.132485 8.40252e-005 -1.43336 -5.10537 0.053281 -0.313589 -0.312575 0.0033364 0.569779 -0.451385 -0.0389968 -0.0748452 1.57805 0.0349512 2.46332 -9.73765 0.0711399 16.81 10.5611 -0.178567 29.0553 -7.1805 -0.521939 12.167 -31.5043 -0.148917 
0.00340482 0.00205884 -8.85198e-005 -0.989539 -0.194128 8.64358e-005 -1.40708 -5.1114 0.0527181 -0.255802 -0.374765 -0.00702099 0.612237 -0.391827 -0.0406298 -0.12384 1.57892 0.0361756 2.48194 -9.73267 0.0703119 16.8022 10.5726 -0.178424 29.058 -7.1693 -0.522232 12.1779 -31.5026 -0.152252 
0.0034281 0.00208053 -8.91629e-005 -0.976447 -0.255023 8.81788e-005 -1.38075 -5.11729 0.0521539 -0.18731 -0.421453 -0.017097 0.648427 -0.328214 -0.0418454 -0.172708 1.57822 0.0373638 2.50054 -9.72766 0.0694837 16.7945 10.5841 -0.178281 29.0606 -7.15811 -0.522524 12.1888 -31.5009 -0.155588 
0.00345141 0.00210237 -8.98063e-005 -0.959636 -0.314943 8.9247e-005 -1.35439 -5.12304 0.0515882 -0.111311 -0.45152 -0.0265075 0.677963 -0.261195 -0.0426302 -0.221402 1.57597 0.0385151 2.51914 -9.72261 0.0686553 16.7867 10.5956 -0.178137 29.0633 -7.14691 -0.522817 12.1997 -31.4992 -0.158924 
0.00347475 0.00212437 -9.04498e-005 -0.939177 -0.373663 8.96356e-005 -1.328 -5.12866 0.0510212 -0.0309104 -0.464214 -0.0349069 0.700527 -0.191454 -0.0429753 -0.269875 1.57217 0.0396284 2.53772 -9.71752 0.0678265 16.7789 10.607 -0.177994 29.0659 -7.13572 -0.52311 12.2106 -31.4975 -0.16226 
0.00349811 0.00214652 -9.10935e-005 -0.915159 -0.430963 8.93423e-005 -1.30157 -5.13414 0.0504529 0.0508003 -0.459073 -0.0419743 0.715867 -0.119708 -0.0428759 -0.318082 1.56684 0.0407031 2.5563 -9.7124 0.0669975 16.7712 10.6185 -0.177851 29.0686 -7.12452 -0.523402 12.2215 -31.4958 -0.165596 
0.00352149 0.00216881 -9.17372e-005 -0.88768 -0.486631 8.83675e-005 -1.2751 -5.13949 0.0498832 0.130645 -0.435909 -0.0474033 0.723801 -0.0466949 -0.0423318 -0.365978 1.55999 0.0417382 2.57486 -9.70723 0.0661682 16.7634 10.6299 -0.177707 29.0712 -7.11332 -0.523695 12.2324 -31.4941 -0.168932 
0.00354489 0.00219125 -9.2381e-005 -0.856852 -0.540463 8.67141e-005 -1.2486 -5.1447 0.0493122 0.205261 -0.394848 -0.0508964 0.724223 0.0268269 -0.0413472 -0.413519 1.55165 0.0427332 2.59342 -9.70203 0.0653387 16.7556 10.6414 -0.177564 29.0739 -7.10213 -0.523987 12.2433 -31.4925 -0.172267 
0.00356831 0.00221384 -9.30248e-005 -0.822798 -0.592259 8.43873e-005 -1.22207 -5.14977 0.0487398 0.271004 -0.33643 -0.0521633 0.717101 0.10009 -0.0399307 -0.460661 1.54183 0.0436873 2.61196 -9.69679 0.0645089 16.7478 10.6528 -0.17742 29.0765 -7.09093 -0.524279 12.2542 -31.4908 -0.175603 
0.00359175 0.00223658 -9.36685e-005 -0.785652 -0.641832 8.13949e-005 -1.1955 -5.15471 0.0481662 0.323852 -0.261805 -0.0509296 0.702479 0.172324 -0.0380955 -0.507364 1.53055 0.0445999 2.6305 -9.69152 0.0636789 16.74 10.6643 -0.177277 29.0792 -7.07972 -0.524571 12.2651 -31.4891 -0.178939 
0.0036152 0.00225946 -9.43122e-005 -0.745559 -0.689 7.77469e-005 -1.16891 -5.15951 0.0475913 0.359383 -0.173039 -0.046958 0.68048 0.242762 -0.0358591 -0.553586 1.51783 0.0454704 2.64902 -9.6862 0.0628486 16.7321 10.6757 -0.177133 29.0818 -7.06852 -0.524864 12.276 -31.4873 -0.182275 
0.00363867 0.00228249 -9.4956e-005 -0.702675 -0.733592 7.34559e-005 -1.14228 -5.16417 0.0470151 0.372865 -0.0735718 -0.0400954 0.651305 0.31065 -0.0332437 -0.599285 1.50369 0.0462982 2.66754 -9.68085 0.062018 16.7243 10.6871 -0.176989 29.0844 -7.05732 -0.525156 12.2869 -31.4856 -0.18561 
0.00366215 0.00230565 -9.55998e-005 -0.657164 -0.775447 6.85365e-005 -1.11562 -5.16869 0.0464377 0.359659 0.0311745 -0.0303581 0.615232 0.375252 -0.0302751 -0.644423 1.48815 0.0470828 2.68604 -9.67546 0.0611873 16.7165 10.6986 -0.176845 29.087 -7.04612 -0.525448 12.2977 -31.4839 -0.188946 
0.00368564 0.00232896 -9.62437e-005 -0.6092 -0.814414 6.30058e-005 -1.08893 -5.17308 0.045859 0.316157 0.133208 -0.0180662 0.572613 0.435861 -0.0269835 -0.688962 1.47124 0.0478238 2.70453 -9.67003 0.0603562 16.7086 10.71 -0.176701 29.0897 -7.03491 -0.52574 12.3086 -31.4822 -0.192282 
0.00370915 0.0023524 -9.6888e-005 -0.558964 -0.850354 5.68826e-005 -1.06221 -5.17733 0.0452791 0.241478 0.221867 -0.00400704 0.523875 0.491808 -0.0234028 -0.732863 1.45297 0.0485206 2.72301 -9.66456 0.059525 16.7007 10.7214 -0.176557 29.0923 -7.0237 -0.526031 12.3195 -31.4805 -0.195617 
0.00373267 0.00237597 -9.75328e-005 -0.506645 -0.883137 5.01882e-005 -1.03547 -5.18144 0.044698 0.139656 0.285103 0.0104688 0.469516 0.542463 -0.0195702 -0.77609 1.43338 0.049173 2.74149 -9.65906 0.0586935 16.6929 10.7328 -0.176412 29.0949 -7.0125 -0.526323 12.3304 -31.4788 -0.198953 
0.0037562 0.00239968 -9.81784e-005 -0.452439 -0.912647 4.29456e-005 -1.00869 -5.18541 0.0441156 0.020896 0.312771 0.0236007 0.410099 0.587253 -0.0155262 -0.818606 1.41248 0.0497804 2.75995 -9.65351 0.0578618 16.685 10.7442 -0.176268 29.0975 -7.00129 -0.526615 12.3413 -31.477 -0.202288 
0.00377975 0.00242352 -9.88252e-005 -0.396549 -0.938778 3.51798e-005 -0.981894 -5.18924 0.0435321 -0.100107 0.300689 0.0337017 0.346248 0.62566 -0.0113139 -0.860378 1.39031 0.0503427 2.7784 -9.64793 0.0570299 16.6771 10.7556 -0.176124 29.1001 -6.99008 -0.526906 12.3522 -31.4753 -0.205624 
0.00380332 0.00244749 -9.94734e-005 -0.339182 -0.961437 2.69176e-005 -0.955067 -5.19293 0.0429475 -0.208711 0.252347 0.0397147 0.278643 0.657233 -0.00697861 -0.901369 1.36688 0.0508594 2.79684 -9.64232 0.0561977 16.6692 10.767 -0.175979 29.1027 -6.97887 -0.527198 12.3631 -31.4736 -0.20896 
0.0038269 0.0024716 -0.000100123 -0.280551 -0.980544 1.81874e-005 -0.928214 -5.19649 0.0423617 -0.294556 0.176793 0.0414274 0.208012 0.681596 -0.00256763 -0.941548 1.34223 0.0513304 2.81526 -9.63666 0.0553653 16.6613 10.7784 -0.175835 29.1053 -6.96766 -0.527489 12.3739 -31.4718 -0.212295 
0.00385051 0.00249583 -0.000100774 -0.220873 -0.99603 9.01935e-006 -0.901336 -5.1999 0.0417747 -0.352833 0.084809 0.0392768 0.135123 0.698448 0.00187061 -0.980882 1.31638 0.0517555 2.83368 -9.63097 0.0545327 16.6534 10.7898 -0.17569 29.1079 -6.95644 -0.527781 12.3848 -31.4701 -0.215631 
0.00387415 0.0025202 -0.000101427 -0.160367 -1.00784 -5.54984e-007 -0.874434 -5.20318 0.0411866 -0.3831 -0.0138746 0.0340148 0.0607769 0.707573 0.00628694 -1.01934 1.28936 0.0521343 2.85209 -9.62524 0.0536999 16.6455 10.8011 -0.175545 29.1105 -6.94523 -0.528072 12.3957 -31.4684 -0.218966 
0.0038978 0.0025447 -0.000102081 -0.0992571 -1.01593 -1.05026e-005 -0.847509 -5.20631 0.0405974 -0.387468 -0.111634 0.0264554 -0.0142025 0.708841 0.0106321 -1.05689 1.26119 0.0524668 2.87048 -9.61947 0.0528669 16.6376 10.8125 -0.1754 29.113 -6.93402 -0.528363 12.4066 -31.4666 -0.222302 
0.00392148 0.00256934 -0.000102737 -0.0377676 -1.02028 -2.07893e-005 -0.82056 -5.20931 0.0400072 -0.369202 -0.20292 0.0173495 -0.0889791 0.702213 0.0148571 -1.0935 1.23192 0.0527528 2.88887 -9.61367 0.0520337 16.6296 10.8239 -0.175255 29.1156 -6.9228 -0.528654 12.4174 -31.4649 -0.225637 
0.00394518 0.00259412 -0.000103395 0.0238754 -1.02086 -3.13794e-005 -0.79359 -5.21217 0.0394158 -0.331921 -0.283836 0.007346 -0.162714 0.687743 0.0189145 -1.12915 1.20156 0.0529923 2.90724 -9.60782 0.0512002 16.6217 10.8352 -0.17511 29.1182 -6.91159 -0.528945 12.4283 -31.4631 -0.228972 
0.0039689 0.00261903 -0.000104054 0.085445 -1.01768 -4.22366e-005 -0.766598 -5.21488 0.0388234 -0.279215 -0.351678 -0.00300623 -0.234576 0.665572 0.0227581 -1.1638 1.17015 0.0531852 2.9256 -9.60194 0.0503666 16.6137 10.8466 -0.174965 29.1208 -6.90037 -0.529236 12.4392 -31.4614 -0.232308 
0.00399264 0.00264408 -0.000104715 0.146715 -1.01074 -5.33233e-005 -0.739585 -5.21746 0.0382299 -0.214513 -0.404578 -0.0132409 -0.303752 0.635938 0.0263444 -1.19742 1.13772 0.0533314 2.94395 -9.59602 0.0495328 16.6058 10.8579 -0.17482 29.1233 -6.88915 -0.529527 12.4501 -31.4596 -0.235643 
0.00401641 0.00266927 -0.000105377 0.207459 -1.00007 -6.46011e-005 -0.712552 -5.21989 0.0376354 -0.141072 -0.441243 -0.0229544 -0.369458 0.599164 0.0296324 -1.23 1.1043 0.053431 2.96229 -9.59007 0.0486987 16.5978 10.8693 -0.174675 29.1259 -6.87793 -0.529818 12.4609 -31.4579 -0.238979 
0.00404021 0.00269459 -0.000106042 0.267454 -0.985699 -7.60311e-005 -0.6855 -5.22219 0.0370399 -0.0620232 -0.46079 -0.031788 -0.430949 0.555659 0.0325848 -1.26151 1.06992 0.053484 2.98061 -9.58407 0.0478645 16.5898 10.8806 -0.174529 29.1284 -6.86671 -0.530109 12.4718 -31.4561 -0.242314 
0.00406403 0.00272006 -0.000106708 0.326477 -0.967688 -8.75734e-005 -0.65843 -5.22434 0.0364434 0.0195458 -0.462651 -0.0394125 -0.48753 0.505911 0.0351682 -1.29191 1.03461 0.0534904 2.99893 -9.57804 0.0470301 16.5818 10.8919 -0.174384 29.131 -6.85549 -0.530399 12.4827 -31.4543 -0.245649 
0.00408787 0.00274568 -0.000107376 0.38431 -0.946095 -9.91881e-005 -0.631341 -5.22635 0.0358459 0.100504 -0.446529 -0.045517 -0.538563 0.450484 0.0373535 -1.3212 0.998401 0.0534503 3.01723 -9.57197 0.0461955 16.5739 10.9033 -0.174238 29.1335 -6.84427 -0.53069 12.4935 -31.4525 -0.248985 
0.00411173 0.00277143 -0.000108045 0.440738 -0.920995 -0.000110835 -0.604236 -5.22822 0.0352474 0.177575 -0.412421 -0.0498011 -0.583475 0.390007 0.0391163 -1.34933 0.961335 0.0533639 3.03552 -9.56587 0.0453608 16.5659 10.9146 -0.174093 29.1361 -6.83304 -0.530981 12.5044 -31.4508 -0.25232 
0.00413562 0.00279734 -0.000108717 0.495551 -0.892477 -0.000122473 -0.577114 -5.22995 0.034648 0.247236 -0.360688 -0.0519714 -0.621769 0.325167 0.0404372 -1.3763 0.923441 0.0532313 3.0538 -9.55972 0.0445258 16.5578 10.9259 -0.173947 29.1386 -6.82182 -0.531271 12.5153 -31.449 -0.255655 
0.00415952 0.00282339 -0.00010939 0.548543 -0.860643 -0.000134061 -0.549976 -5.23154 0.0340476 0.305623 -0.292213 -0.051746 -0.653024 0.256702 0.0413022 -1.40207 0.884752 0.0530527 3.07207 -9.55354 0.0436907 16.5498 10.9372 -0.173801 29.1412 -6.81059 -0.531561 12.5261 -31.4472 -0.25899 
0.00418345 0.00284958 -0.000110065 0.599515 -0.825603 -0.000145559 -0.522824 -5.23299 0.0334463 0.34847 -0.208658 -0.0488691 -0.676905 0.185387 0.0417025 -1.42663 0.845303 0.0528283 3.09032 -9.54732 0.0428554 16.5418 10.9485 -0.173655 29.1437 -6.79936 -0.531852 12.537 -31.4454 -0.262325 
0.0042074 0.00287593 -0.000110742 0.648274 -0.787485 -0.000156927 -0.495657 -5.23429 0.0328441 0.371142 -0.11286 -0.0431473 -0.693164 0.11203 0.0416348 -1.44997 0.805129 0.0525582 3.10857 -9.54107 0.04202 16.5338 10.9598 -0.173509 29.1462 -6.78814 -0.532142 12.5479 -31.4437 -0.265661 
0.00423137 0.00290243 -0.00011142 0.694635 -0.746422 -0.000168124 -0.468476 -5.23545 0.032241 0.368891 -0.00938778 -0.0345175 -0.701644 0.0374536 0.0411015 -1.47205 0.764264 0.0522429 3.1268 -9.53478 0.0411843 16.5257 10.9711 -0.173363 29.1487 -6.77691 -0.532432 12.5587 -31.4419 -0.268996 
0.00425535 0.00292909 -0.0001121 0.738419 -0.702564 -0.000179111 -0.441283 -5.23647 0.0316371 0.337548 0.0948317 -0.0231619 -0.702276 -0.0375071 0.04011 -1.49285 0.722744 0.0518825 3.14501 -9.52845 0.0403485 16.5177 10.9824 -0.173217 29.1512 -6.76568 -0.532722 12.5696 -31.4401 -0.272331 
0.00427935 0.00295589 -0.000112782 0.779459 -0.656068 -0.000189848 -0.414078 -5.23735 0.0310322 0.274914 0.190131 -0.00966606 -0.695084 -0.112021 0.0386731 -1.51238 0.680606 0.0514774 3.16322 -9.52208 0.0395126 16.5096 10.9937 -0.173071 29.1538 -6.75445 -0.533012 12.5804 -31.4383 -0.275666 
0.00430337 0.00298285 -0.000113465 0.817593 -0.607103 -0.000200298 -0.386861 -5.23809 0.0304266 0.18285 0.264726 0.00484021 -0.680179 -0.185267 0.0368084 -1.5306 0.637884 0.051028 3.18141 -9.51567 0.0386765 16.5015 11.0049 -0.172924 29.1563 -6.74322 -0.533302 12.5913 -31.4365 -0.279001 
0.00432739 0.00300997 -0.000114151 0.852674 -0.555846 -0.000210424 -0.359634 -5.23868 0.02982 0.0691428 0.307229 0.0187164 -0.657757 -0.256447 0.0345382 -1.54749 0.594616 0.0505345 3.1996 -9.50923 0.0378403 16.4935 11.0162 -0.172778 29.1588 -6.73198 -0.533592 12.6021 -31.4347 -0.282336 
0.00435143 0.00303723 -0.000114838 0.884561 -0.502485 -0.000220188 -0.332397 -5.23913 0.0292127 -0.0528456 0.310712 0.0301744 -0.6281 -0.324792 0.0318893 -1.56306 0.550839 0.0499975 3.21776 -9.50275 0.0370039 16.4854 11.0275 -0.172631 29.1613 -6.72075 -0.533881 12.613 -31.4329 -0.285671 
0.00437548 0.00306465 -0.000115528 0.913127 -0.447217 -0.000229555 -0.30515 -5.23944 0.0286046 -0.167842 0.275715 0.037859 -0.591562 -0.389571 0.0288923 -1.57727 0.50659 0.0494173 3.23592 -9.49623 0.0361673 16.4773 11.0387 -0.172485 29.1638 -6.70952 -0.534171 12.6238 -31.4311 -0.289006 
0.00439955 0.00309223 -0.00011622 0.938254 -0.390245 -0.000238492 -0.277896 -5.2396 0.0279957 -0.263472 0.209543 0.0412313 -0.548573 -0.450101 0.0255812 -1.59012 0.461906 0.0487944 3.25406 -9.48968 0.0353306 16.4692 11.05 -0.172338 29.1663 -6.69828 -0.53446 12.6347 -31.4292 -0.292341 
0.00442362 0.00311997 -0.000116913 0.959839 -0.331781 -0.000246966 -0.250633 -5.23962 0.027386 -0.332795 0.122726 0.0405129 -0.499627 -0.50575 0.0219932 -1.60159 0.416827 0.0481293 3.27219 -9.48309 0.0344938 16.4611 11.0612 -0.172191 29.1687 -6.68704 -0.53475 12.6455 -31.4274 -0.295676 
0.00444771 0.00314787 -0.000117609 0.97779 -0.272043 -0.000254947 -0.223364 -5.2395 0.0267756 -0.373875 0.0256259 0.03637 -0.445277 -0.555945 0.0181683 -1.61167 0.37139 0.0474225 3.29031 -9.47646 0.0336568 16.4529 11.0725 -0.172044 29.1712 -6.67581 -0.535039 12.6564 -31.4256 -0.29901 
0.0044718 0.00317594 -0.000118306 0.99203 -0.211256 -0.000262405 -0.196088 -5.23924 0.0261644 -0.388024 -0.0732691 0.0296138 -0.38613 -0.600177 0.0141482 -1.62036 0.325634 0.0466745 3.30842 -9.4698 0.0328198 16.4448 11.0837 -0.171897 29.1737 -6.66457 -0.535329 12.6672 -31.4238 -0.302345 
0.00449589 0.00320416 -0.000119004 1.00249 -0.149649 -0.000269312 -0.168808 -5.23883 0.0255525 -0.378182 -0.167637 0.0210285 -0.322835 -0.638003 0.00997667 -1.62763 0.279598 0.0458859 3.32651 -9.46309 0.0319825 16.4367 11.0949 -0.17175 29.1762 -6.65333 -0.535618 12.6781 -31.422 -0.30568 
0.00451998 0.00323256 -0.000119703 1.00913 -0.0874553 -0.000275644 -0.141522 -5.23828 0.0249399 -0.347896 -0.252989 0.0113044 -0.256081 -0.669054 0.00569839 -1.63349 0.233322 0.0450574 3.34459 -9.45635 0.0311452 16.4285 11.1062 -0.171603 29.1786 -6.64209 -0.535907 12.6889 -31.4201 -0.309015 
