# First row contains the n, rho_max and omega values respectively. The other rows contains the data to be plotted 
# First column contains rho values. Second column contains the eigenvector for the ground state 
400             10           0.01
0.0249377    1.6695e-008
0.0498753   6.84427e-008
0.074813   1.57794e-007
0.0997506   2.87377e-007
0.124688   4.59897e-007
0.149626   6.78134e-007
0.174564   9.44946e-007
0.199501   1.26327e-006
0.224439   1.63612e-006
0.249377   2.06658e-006
0.274314   2.55782e-006
0.299252   3.11308e-006
0.32419   3.73568e-006
0.349127   4.42901e-006
0.374065   5.19655e-006
0.399002   6.04184e-006
0.42394   6.96849e-006
0.448878   7.98021e-006
0.473815   9.08075e-006
0.498753    1.0274e-005
0.523691   1.15637e-005
0.548628   1.29541e-005
0.573566    1.4449e-005
0.598504   1.60527e-005
0.623441   1.77693e-005
0.648379   1.96031e-005
0.673317   2.15583e-005
0.698254   2.36395e-005
0.723192   2.58509e-005
0.74813   2.81972e-005
0.773067   3.06828e-005
0.798005   3.33125e-005
0.822943   3.60909e-005
0.84788   3.90227e-005
0.872818   4.21127e-005
0.897756   4.53658e-005
0.922693   4.87869e-005
0.947631   5.23808e-005
0.972569   5.61526e-005
0.997506   6.01073e-005
1.02244     6.425e-005
1.04738   6.85857e-005
1.07232   7.31196e-005
1.09726   7.78569e-005
1.12219   8.28027e-005
1.14713   8.79624e-005
1.17207   9.33411e-005
1.19701   9.89442e-005
1.22195    0.000104777
1.24688    0.000110845
1.27182    0.000117153
1.29676    0.000123706
1.3217    0.000130511
1.34663    0.000137572
1.37157    0.000144894
1.39651    0.000152484
1.42145    0.000160346
1.44638    0.000168486
1.47132    0.000176909
1.49626    0.000185621
1.5212    0.000194626
1.54613     0.00020393
1.57107    0.000213538
1.59601    0.000223456
1.62095    0.000233689
1.64589    0.000244241
1.67082    0.000255119
1.69576    0.000266326
1.7207    0.000277869
1.74564    0.000289752
1.77057    0.000301979
1.79551    0.000314557
1.82045    0.000327489
1.84539    0.000340781
1.87032    0.000354436
1.89526    0.000368461
1.9202    0.000382858
1.94514    0.000397633
1.97007     0.00041279
1.99501    0.000428333
2.01995    0.000444267
2.04489    0.000460595
2.06983    0.000477321
2.09476     0.00049445
2.1197    0.000511984
2.14464    0.000529928
2.16958    0.000548285
2.19451    0.000567058
2.21945    0.000586251
2.24439    0.000605867
2.26933    0.000625908
2.29426    0.000646378
2.3192     0.00066728
2.34414    0.000688615
2.36908    0.000710386
2.39401    0.000732596
2.41895    0.000755246
2.44389    0.000778339
2.46883    0.000801876
2.49377    0.000825859
2.5187    0.000850289
2.54364    0.000875167
2.56858    0.000900495
2.59352    0.000926273
2.61845    0.000952502
2.64339    0.000979182
2.66833     0.00100631
2.69327      0.0010339
2.7182     0.00106193
2.74314     0.00109042
2.76808     0.00111936
2.79302     0.00114875
2.81796     0.00117858
2.84289     0.00120887
2.86783      0.0012396
2.89277     0.00127077
2.91771     0.00130239
2.94264     0.00133445
2.96758     0.00136695
2.99252     0.00139988
3.01746     0.00143325
3.04239     0.00146705
3.06733     0.00150128
3.09227     0.00153592
3.11721     0.00157099
3.14214     0.00160648
3.16708     0.00164237
3.19202     0.00167868
3.21696     0.00171538
3.2419     0.00175249
3.26683     0.00178998
3.29177     0.00182786
3.31671     0.00186613
3.34165     0.00190477
3.36658     0.00194377
3.39152     0.00198314
3.41646     0.00202287
3.4414     0.00206295
3.46633     0.00210336
3.49127     0.00214411
3.51621     0.00218519
3.54115     0.00222658
3.56608     0.00226829
3.59102      0.0023103
3.61596      0.0023526
3.6409     0.00239518
3.66584     0.00243804
3.69077     0.00248116
3.71571     0.00252454
3.74065     0.00256817
3.76559     0.00261203
3.79052     0.00265612
3.81546     0.00270042
3.8404     0.00274492
3.86534     0.00278962
3.89027      0.0028345
3.91521     0.00287954
3.94015     0.00292475
3.96509      0.0029701
3.99002     0.00301558
4.01496     0.00306119
4.0399      0.0031069
4.06484     0.00315271
4.08978      0.0031986
4.11471     0.00324456
4.13965     0.00329058
4.16459     0.00333664
4.18953     0.00338273
4.21446     0.00342883
4.2394     0.00347493
4.26434     0.00352102
4.28928     0.00356708
4.31421      0.0036131
4.33915     0.00365906
4.36409     0.00370495
4.38903     0.00375075
4.41397     0.00379644
4.4389     0.00384202
4.46384     0.00388747
4.48878     0.00393276
4.51372     0.00397789
4.53865     0.00402284
4.56359      0.0040676
4.58853     0.00411214
4.61347     0.00415645
4.6384     0.00420052
4.66334     0.00424432
4.68828     0.00428785
4.71322     0.00433109
4.73815     0.00437402
4.76309     0.00441662
4.78803     0.00445888
4.81297     0.00450078
4.83791     0.00454231
4.86284     0.00458344
4.88778     0.00462417
4.91272     0.00466447
4.93766     0.00470433
4.96259     0.00474373
4.98753     0.00478266
5.01247      0.0048211
5.03741     0.00485903
5.06234     0.00489645
5.08728     0.00493332
5.11222     0.00496964
5.13716     0.00500539
5.16209     0.00504055
5.18703     0.00507511
5.21197     0.00510905
5.23691     0.00514236
5.26185     0.00517502
5.28678     0.00520702
5.31172     0.00523834
5.33666     0.00526896
5.3616     0.00529888
5.38653     0.00532807
5.41147     0.00535652
5.43641     0.00538423
5.46135     0.00541116
5.48628     0.00543732
5.51122     0.00546268
5.53616     0.00548724
5.5611     0.00551098
5.58603     0.00553388
5.61097     0.00555594
5.63591     0.00557714
5.66085     0.00559747
5.68579     0.00561692
5.71072     0.00563547
5.73566     0.00565312
5.7606     0.00566985
5.78554     0.00568566
5.81047     0.00570053
5.83541     0.00571445
5.86035     0.00572741
5.88529     0.00573941
5.91022     0.00575043
5.93516     0.00576047
5.9601     0.00576952
5.98504     0.00577757
6.00998      0.0057846
6.03491     0.00579063
6.05985     0.00579563
6.08479      0.0057996
6.10973     0.00580254
6.13466     0.00580443
6.1596     0.00580529
6.18454     0.00580509
6.20948     0.00580383
6.23441     0.00580152
6.25935     0.00579814
6.28429      0.0057937
6.30923     0.00578819
6.33416     0.00578161
6.3591     0.00577396
6.38404     0.00576523
6.40898     0.00575543
6.43392     0.00574455
6.45885      0.0057326
6.48379     0.00571957
6.50873     0.00570547
6.53367      0.0056903
6.5586     0.00567406
6.58354     0.00565675
6.60848     0.00563837
6.63342     0.00561893
6.65835     0.00559844
6.68329     0.00557689
6.70823     0.00555429
6.73317     0.00553064
6.7581     0.00550596
6.78304     0.00548025
6.80798     0.00545351
6.83292     0.00542576
6.85786     0.00539699
6.88279     0.00536722
6.90773     0.00533646
6.93267     0.00530471
6.95761     0.00527199
6.98254     0.00523831
7.00748     0.00520367
7.03242     0.00516808
7.05736     0.00513157
7.08229     0.00509413
7.10723     0.00505579
7.13217     0.00501656
7.15711     0.00497644
7.18204     0.00493546
7.20698     0.00489362
7.23192     0.00485094
7.25686     0.00480745
7.2818     0.00476314
7.30673     0.00471804
7.33167     0.00467217
7.35661     0.00462554
7.38155     0.00457817
7.40648     0.00453008
7.43142     0.00448128
7.45636     0.00443179
7.4813     0.00438164
7.50623     0.00433084
7.53117     0.00427941
7.55611     0.00422737
7.58105     0.00417474
7.60599     0.00412154
7.63092      0.0040678
7.65586     0.00401353
7.6808     0.00395876
7.70574      0.0039035
7.73067     0.00384778
7.75561     0.00379163
7.78055     0.00373507
7.80549     0.00367811
7.83042     0.00362078
7.85536     0.00356311
7.8803     0.00350512
7.90524     0.00344684
7.93017     0.00338828
7.95511     0.00332948
7.98005     0.00327045
8.00499     0.00321122
8.02993     0.00315183
8.05486     0.00309228
8.0798     0.00303262
8.10474     0.00297285
8.12968     0.00291302
8.15461     0.00285315
8.17955     0.00279325
8.20449     0.00273336
8.22943     0.00267351
8.25436     0.00261372
8.2793     0.00255401
8.30424     0.00249441
8.32918     0.00243495
8.35411     0.00237566
8.37905     0.00231656
8.40399     0.00225768
8.42893     0.00219903
8.45387     0.00214066
8.4788     0.00208259
8.50374     0.00202484
8.52868     0.00196743
8.55362      0.0019104
8.57855     0.00185377
8.60349     0.00179757
8.62843     0.00174182
8.65337     0.00168654
8.6783     0.00163177
8.70324     0.00157752
8.72818     0.00152383
8.75312     0.00147071
8.77805      0.0014182
8.80299     0.00136631
8.82793     0.00131507
8.85287      0.0012645
8.87781     0.00121463
8.90274     0.00116548
8.92768     0.00111708
8.95262     0.00106944
8.97756     0.00102259
9.00249    0.000976545
9.02743    0.000931337
9.05237    0.000886982
9.07731    0.000843501
9.10224    0.000800916
9.12718    0.000759246
9.15212    0.000718511
9.17706    0.000678731
9.202    0.000639925
9.22693     0.00060211
9.25187    0.000565306
9.27681    0.000529529
9.30175    0.000494798
9.32668    0.000461129
9.35162    0.000428537
9.37656     0.00039704
9.4015    0.000366651
9.42643    0.000337386
9.45137    0.000309259
9.47631    0.000282284
9.50125    0.000256473
9.52618     0.00023184
9.55112    0.000208397
9.57606    0.000186154
9.601    0.000165123
9.62594    0.000145314
9.65087    0.000126736
9.67581      0.0001094
9.70075   9.33133e-005
9.72569   7.84839e-005
9.75062   6.49193e-005
9.77556   5.26261e-005
9.8005   4.16105e-005
9.82544   3.18779e-005
9.85037   2.34332e-005
9.87531   1.62805e-005
9.90025   1.04234e-005
9.92519   5.86489e-006
9.95012   2.60716e-006
9.97506   6.51872e-007
