# First row contains the n, rho_max and omega values respectively. The other rows contains the data to be plotted 
# First column contains rho values. The other values contains smallest 3 eigenvectors 
150             10            0.5
0.0662252   8.16627e-005    0.000161993    0.000233515
0.13245    0.000345351    0.000679518    0.000971421
0.198675    0.000815928     0.00158393     0.00223322
0.264901     0.00151304     0.00288247     0.00398584
0.331126     0.00245002     0.00455604     0.00614334
0.397351     0.00363309     0.00655889     0.00857223
0.463576     0.00506072     0.00882011      0.0111021
0.529801     0.00672343      0.0112471      0.0135404
0.596026     0.00860377      0.0137305      0.0156903
0.662252      0.0106767       0.016151      0.0173699
0.728477      0.0129102      0.0183859      0.0184298
0.794702      0.0152663      0.0203178       0.018769
0.860927      0.0177024      0.0218412       0.018346
0.927152       0.020172      0.0228703      0.0171844
0.993377      0.0226271      0.0233441      0.0153722
1.0596      0.0250189      0.0232308      0.0130556
1.12583      0.0272999      0.0225304      0.0104263
1.19205      0.0294251      0.0212747     0.00770511
1.25828      0.0313534      0.0195261     0.00512244
1.3245      0.0330489      0.0173739     0.00289788
1.39073      0.0344815      0.0149292     0.00122091
1.45695      0.0356279      0.0123187    0.000234245
1.52318      0.0364723     0.00967766   2.16887e-005
1.5894      0.0370057     0.00714208    0.000601258
1.65563      0.0372268     0.00484166      0.0019243
1.72185      0.0371413     0.00289288     0.00388045
1.78808       0.036761     0.00139322     0.00630795
1.8543      0.0361037    0.000416652     0.00900805
1.92053      0.0351921   1.05852e-005      0.0117624
1.98675      0.0340527     0.00019442      0.0143514
2.05298      0.0327153    0.000959684      0.0165724
2.11921      0.0312111     0.00227166      0.0182556
2.18543      0.0295729     0.00407229      0.0192767
2.25166      0.0278332     0.00628415      0.0195657
2.31788      0.0260237     0.00881513      0.0191105
2.38411      0.0241748      0.0115636      0.0179559
2.45033      0.0223146      0.0144236      0.0161983
2.51656      0.0204688      0.0172899      0.0139767
2.58278      0.0186598      0.0200626      0.0114604
2.64901      0.0169073      0.0226513     0.00883574
2.71523      0.0152274      0.0249777     0.00629169
2.78146      0.0136331      0.0269785     0.00400681
2.84768      0.0121341      0.0286065     0.00213724
2.91391      0.0107373      0.0298309    0.000807277
2.98013     0.00944668      0.0306374    0.000102939
3.04636     0.00826395      0.0310266   6.85122e-005
3.11258     0.00718856      0.0310131    0.000706289
3.17881     0.00621818      0.0306228     0.00197911
3.24503       0.005349      0.0298911     0.00381533
3.31126     0.00457602      0.0288603      0.0061155
3.37748     0.00389339      0.0275773     0.00876038
3.44371     0.00329465      0.0260911      0.0116192
3.50993     0.00277299      0.0244513      0.0145583
3.57616     0.00232145      0.0227057       0.017448
3.64238     0.00193312      0.0208992      0.0201703
3.70861     0.00160124      0.0190726       0.022623
3.77483     0.00131939      0.0172619       0.024724
3.84106     0.00108146      0.0154975      0.0264132
3.90728    0.000881842      0.0138047       0.027653
3.97351    0.000715351      0.0122028      0.0284279
4.03974    0.000577308      0.0107063      0.0287424
4.10596    0.000463519     0.00932477      0.0286186
4.17219     0.00037026     0.00806334      0.0280928
4.23841    0.000294264     0.00692355      0.0272121
4.30464    0.000232684     0.00590385       0.026031
4.37086    0.000183064     0.00500016      0.0246077
4.43709    0.000143303     0.00420649      0.0230017
4.50331    0.000111617     0.00351551      0.0212705
4.56954   8.65043e-005     0.00291896      0.0194678
4.63576   6.67089e-005     0.00240812      0.0176423
4.70199   5.11889e-005     0.00197412      0.0158359
4.76821   3.90859e-005     0.00160822      0.0140837
4.83444   2.96977e-005     0.00130205      0.0124138
4.90066   2.24539e-005     0.00104772      0.0108472
4.96689   1.68939e-005    0.000837971     0.00939845
5.03311   1.26487e-005    0.000666199     0.00807632
5.09934   9.42424e-006    0.000526496     0.00688453
5.16556   6.98769e-006    0.000413642     0.00582259
5.23179   5.15601e-006    0.000323084     0.00488665
5.29801   3.78611e-006    0.000250892     0.00407029
5.36424   2.76678e-006    0.000193714     0.00336527
5.43046   2.01217e-006    0.000148714     0.00276218
5.49669   1.45636e-006    0.000113523     0.00225098
5.56291   1.04903e-006   8.61727e-005     0.00182151
5.62914   7.52016e-007   6.50469e-005     0.00146378
5.69536   5.36529e-007   4.88281e-005     0.00116828
5.76159   3.80968e-007   3.64514e-005    0.000926163
5.82781   2.69226e-007   2.70629e-005    0.000729344
5.89404   1.89357e-007   1.99831e-005    0.000570583
5.96026   1.32552e-007   1.46756e-005    0.000443486
6.02649   9.23503e-008   1.07196e-005     0.00034249
6.09272   6.40377e-008   7.78809e-006    0.000262816
6.15894   4.41962e-008   5.62808e-006     0.00020041
6.22517   3.03591e-008   4.04555e-006    0.000151872
6.29139   2.07563e-008   2.89264e-006    0.000114381
6.35762   1.41244e-008   2.05741e-006   8.56195e-005
6.42384   9.56655e-009   1.45568e-006   6.37021e-005
6.49007   6.44921e-009   1.02456e-006   4.71108e-005
6.55629   4.32741e-009    7.1738e-007   3.46333e-005
6.62252   2.89015e-009   4.99697e-007   2.53101e-005
6.68874   1.92127e-009   3.46273e-007   1.83882e-005
6.75497   1.27126e-009   2.38722e-007   1.32816e-005
6.82119   8.37258e-010   1.63734e-007    9.5376e-006
6.88742   5.48867e-010   1.11728e-007   6.80968e-006
6.95364   3.58146e-010   7.58526e-008   4.83424e-006
7.01987   2.32617e-010   5.12356e-008   3.41239e-006
7.08609   1.50387e-010   3.44329e-008   2.39515e-006
7.15232   9.67773e-011    2.3024e-008   1.67172e-006
7.21854   6.19913e-011    1.5318e-008   1.16029e-006
7.28477   3.95261e-011   1.01401e-008   8.00854e-007
7.35099   2.50863e-011    6.6789e-009   5.49714e-007
7.41722   1.58486e-011   4.37724e-009   3.75257e-007
7.48344   9.96657e-012   2.85451e-009   2.54766e-007
7.54967   6.23887e-012   1.85228e-009   1.72023e-007
7.61589   3.88753e-012   1.19599e-009   1.15524e-007
7.68212   2.41129e-012   7.68426e-010   7.71638e-008
7.74834    1.4888e-012   4.91286e-010   5.12645e-008
7.81457   9.15026e-013   3.12557e-010    3.3876e-008
7.88079   5.59816e-013   1.97876e-010   2.22664e-008
7.94702   3.40936e-013    1.2466e-010   1.45579e-008
8.01325   2.06691e-013    7.8152e-011   9.46781e-009
8.07947   1.24734e-013   4.87567e-011   6.12503e-009
8.1457   7.49324e-014   3.02701e-011    3.9417e-009
8.21192    4.4811e-014   1.87018e-011   2.52339e-009
8.27815   2.66755e-014   1.14986e-011   1.60701e-009
8.34437   1.58071e-014    7.0357e-012    1.0181e-009
8.4106   9.32474e-015   4.28422e-012   6.41672e-010
8.47682    5.4756e-015   2.59622e-012   4.02336e-010
8.54305   3.20081e-015   1.56575e-012   2.50972e-010
8.60927   1.86264e-015   9.39753e-013    1.5575e-010
8.6755   1.07919e-015   5.61331e-013   9.61619e-011
8.74172   6.22385e-016    3.3369e-013   5.90682e-011
8.80795   3.57355e-016   1.97415e-013    3.6098e-011
8.87417    2.0433e-016   1.16235e-013   2.19478e-011
8.9404   1.16294e-016   6.81097e-014   1.32762e-011
9.00662   6.58909e-017   3.97163e-014    7.9895e-012
9.07285   3.71781e-017   2.30471e-014   4.78305e-012
9.13907   2.08817e-017   1.33077e-014   2.84832e-012
9.2053   1.16643e-017   7.64501e-015    1.6869e-012
9.27152   6.48879e-018    4.3686e-015   9.93275e-013
9.33775   3.59199e-018   2.48183e-015   5.81152e-013
9.40397   1.97477e-018   1.40035e-015   3.37535e-013
9.4702   1.07698e-018   7.83592e-016    1.9427e-013
9.53642   5.85113e-019   4.33783e-016   1.10462e-013
9.60265   3.12726e-019   2.36245e-016   6.17034e-014
9.66887   1.62597e-019    1.2532e-016   3.35105e-014
9.7351    8.1053e-020   6.34987e-017   1.73417e-014
9.80132   3.76048e-020   2.94761e-017   8.20005e-015
9.86755    1.4606e-020   1.13428e-017   3.20214e-015
9.93377   3.34667e-021   2.59257e-018    2.6597e-123
